municipality,housing_type,address,zip_code,town,purchase_amount,date_of_sale,type_of_sale,square_meters,square_meters_price,rooms,year_of_construction,The percentage difference between the latest bid price and the sale price
530,Villa,Pilealle 12,7200, Grindsted,900000 ,29-12-2022,Fam. Salg,113,7500,5,1964,
530,Villa,Søllingdalvej 32,7250, Hejnsvig,900000 ,29-12-2022,Fam. Salg,146,6164,4,1979,
530,Villa,Fittingvej 6,6623, Vorbasse,799000 ,29-12-2022,Alm. Salg,133,6008,4,1965,
530,Villa,Storegade 60,7200, Grindsted,500000 ,28-12-2022,Alm. Salg,91,5495,5,1936,-35%
530,Villa,Østergade 20,7200, Grindsted,1025000 ,27-12-2022,Alm. Salg,123,8333,4,1916,-6%
530,Villa,Storegade 30,7200, Grindsted,950000 ,21-12-2022,Alm. Salg,188,5053,5,1922,-27%
530,Villa,Irisvej 2,7200, Grindsted,605000 ,21-12-2022,Alm. Salg,116,5216,4,1972,-13%
530,Villa,Nørre Alle 3,7200, Grindsted,700000 ,20-12-2022,Alm. Salg,98,7143,4,1931,
530,Villa,Møllevænget 32,7190, Billund,2175000 ,19-12-2022,Alm. Salg,144,15104,7,1965,-1%
530,Villa,Utoftvej 6,7190, Billund,1950000 ,19-12-2022,Alm. Salg,176,11080,4,2001,
530,Villa,Storegade 27,7200, Grindsted,750000 ,17-12-2022,Alm. Salg,189,3968,6,1963,
530,Villa,Kløvermarken 7,7190, Billund,1850000 ,15-12-2022,Fam. Salg,188,9840,5,1974,
530,Ejerlejlighed,"Grønningen 3, st. tv",7200, Grindsted,625000 ,14-12-2022,Alm. Salg,88,7102,3,1967,
530,Villa,Grindstedvej 41,7260, Sønder Omme,413250 ,13-12-2022,Alm. Salg,133,3107,4,1958,
530,Villa,Solsortvej 12,7200, Grindsted,950000 ,13-12-2022,Alm. Salg,111,8559,4,1956,-5%
530,Villa,Vilhelmsmindevej 46,7260, Sønder Omme,172923 ,12-12-2022,Andet,144,1201,5,1941,
530,Villa,Solbakken 23,7260, Sønder Omme,1000000 ,08-12-2022,Alm. Salg,150,6667,6,1977,-4%
530,Villa,Skovparken 402,7190, Billund,1950000 ,06-12-2022,Alm. Salg,121,16116,5,1965,-2%
530,Villa,Pilevej 9,7200, Grindsted,1545000 ,05-12-2022,Alm. Salg,127,12165,4,1961,-3%
530,Villa,Drosselvej 6,6623, Vorbasse,800000 ,03-12-2022,Alm. Salg,109,7339,3,1979,-11%
530,Villa,Bogholdervej 6,6623, Vorbasse,490000 ,02-12-2022,Andet,102,4804,3,1934,
530,Villa,Amtsvejen 59,7200, Grindsted,812000 ,30-11-2022,Alm. Salg,134,6060,5,1974,
530,Villa,Brinken 6,7200, Grindsted,2010000 ,29-11-2022,Alm. Salg,220,9136,8,1967,1%
530,Villa,Parkvej 22,6623, Vorbasse,1300000 ,25-11-2022,Alm. Salg,116,11207,4,1975,
530,Villa,Brinken 3,7200, Grindsted,1265000 ,20-11-2022,Alm. Salg,123,10285,3,1965,-2%
530,Villa,Dalbo 7,7200, Grindsted,1670000 ,17-11-2022,Alm. Salg,183,9126,6,1977,-1%
530,Villa,Nørrevej 35,7200, Grindsted,1325000 ,17-11-2022,Alm. Salg,193,6865,5,1984,
530,Villa,Daltoften 3,7200, Grindsted,1550000 ,17-11-2022,Alm. Salg,171,9064,5,1978,-2%
530,Villa,Kærvej 117,7190, Billund,1700000 ,17-11-2022,Alm. Salg,169,10059,5,1972,-5%
530,Villa,Gammel Vejlevej 24,7200, Grindsted,640000 ,17-11-2022,Alm. Salg,122,5246,4,1927,-19%
530,Villa,Lupinvænget 16,7200, Grindsted,1495000 ,16-11-2022,Alm. Salg,122,12254,3,1963,
530,Villa,Søndre Boulevard 273,7200, Grindsted,2150000 ,15-11-2022,Alm. Salg,174,12356,7,1987,-8%
530,Villa,Heimdalsvej 16,7200, Grindsted,1750000 ,13-11-2022,Alm. Salg,158,8028,7,1979,-12%
530,Villa,Søllingdalvej 24,7250, Hejnsvig,650000 ,13-11-2022,Alm. Salg,124,5242,5,1976,-6%
530,Villa,Skovvej 11,7260, Sønder Omme,995000 ,13-11-2022,Alm. Salg,131,7595,4,1968,
530,Villa,Løvlundvej 2,7250, Hejnsvig,548615 ,10-11-2022,Andet,156,3517,5,1951,
530,Villa,Ahornvej 19,7200, Grindsted,1250000 ,10-11-2022,Alm. Salg,108,11574,4,1964,
530,Villa,Morsbøl Søvej 34,7200, Grindsted,3650000 ,10-11-2022,Alm. Salg,242,15083,9,2010,
530,Villa,Fyrrevænget 103,7190, Billund,1650000 ,08-11-2022,Andet,161,10248,6,1969,
530,Villa,Fyrrevænget 407,7190, Billund,1300000 ,08-11-2022,Andet,108,12037,3,1970,
530,Villa,Gammel Vejlevej 22,7200, Grindsted,905000 ,08-11-2022,Alm. Salg,135,6704,5,1928,-7%
530,Villa,Bredgade 97,7250, Hejnsvig,1245000 ,07-11-2022,Alm. Salg,140,8893,4,1995,
530,Villa,Kløvermarken 8,7190, Billund,1250000 ,06-11-2022,Alm. Salg,120,9615,5,1972,
530,Villa,Jagtvej 2,7200, Grindsted,825000 ,06-11-2022,Alm. Salg,109,7569,4,1956,-6%
530,Villa,Dalsøvej 57,7200, Grindsted,1452000 ,03-11-2022,Alm. Salg,131,11084,5,1976,4%
530,Villa,Sønderkær 154,7190, Billund,1200000 ,02-11-2022,Fam. Salg,150,8000,5,1976,
530,Villa,Søndervold 118,7200, Grindsted,2820000 ,01-11-2022,Alm. Salg,181,15580,6,1997,
530,Villa,Ribersvej 188,7200, Grindsted,890000 ,31-10-2022,Alm. Salg,123,7236,5,1980,-11%
530,Villa,Bornholmsvej 1,7200, Grindsted,2167777 ,30-10-2022,Alm. Salg,167,12981,6,1969,3%
530,Villa,Tingvejen 370,7200, Grindsted,1562500 ,30-10-2022,Alm. Salg,260,6010,8,1968,
530,Villa,Sønderkær 201,7190, Billund,2655000 ,28-10-2022,Alm. Salg,171,15526,6,1977,-1%
530,Villa,Almstokvej 11,7190, Billund,2745000 ,27-10-2022,Alm. Salg,173,15867,5,2006,
530,Villa,Søndervang 13,7200, Grindsted,1120000 ,19-10-2022,Alm. Salg,118,9492,4,1960,-6%
530,Villa,Amtsvejen 52,7200, Grindsted,835000 ,17-10-2022,Alm. Salg,126,6627,4,1974,-14%
530,Villa,Østre Alle 14,7200, Grindsted,1145000 ,13-10-2022,Alm. Salg,105,10905,4,1932,-4%
530,Villa,Vestermarksvej 19,7200, Grindsted,1350000 ,06-10-2022,Alm. Salg,147,9184,5,1969,
530,Villa,Egevej 4,7260, Sønder Omme,1100000 ,06-10-2022,Alm. Salg,112,9821,4,1966,
530,Villa,Flintemarken 32,7190, Billund,2595000 ,06-10-2022,Alm. Salg,168,15446,6,1988,
530,Villa,Vejlevej 26A,7260, Sønder Omme,1395000 ,05-10-2022,Alm. Salg,122,11434,3,1987,
530,Villa,Søndergade 15,6623, Vorbasse,260000 ,05-10-2022,Alm. Salg,91,2857,4,1954,-12%
530,Villa,Grønningen 42,7190, Billund,2345000 ,05-10-2022,Alm. Salg,147,15952,6,1998,2%
530,Villa,Enghaven 41,7260, Sønder Omme,2495000 ,05-10-2022,Alm. Salg,238,10483,7,1998,
530,Villa,Ribersvej 94,7200, Grindsted,1375000 ,04-10-2022,Alm. Salg,122,11270,4,1978,-1%
530,Villa,Jasminvej 1,7200, Grindsted,1400000 ,02-10-2022,Alm. Salg,134,10448,4,1977,-6%
530,Villa,Vestervang 36,7190, Billund,2300000 ,02-10-2022,Alm. Salg,151,15232,6,1987,-4%
530,Villa,Solsortvej 1A,7190, Billund,1000000 ,29-09-2022,Alm. Salg,95,10526,3,1957,
530,Villa,Langgade 59,7250, Hejnsvig,495000 ,29-09-2022,Auktion,122,4057,4,1977,
530,Villa,Nørregade 60A,7200, Grindsted,1000000 ,29-09-2022,Alm. Salg,154,6494,4,1923,
530,Villa,Dalagervej 15,6623, Vorbasse,2750000 ,27-09-2022,Alm. Salg,234,11752,6,2006,
530,Villa,Tuen 7A,7190, Billund,308000 ,27-09-2022,Alm. Salg,121,2545,5,0,-87%
530,Villa,Toften 45,7190, Billund,1662500 ,26-09-2022,Alm. Salg,163,10199,6,1966,-2%
530,Villa,Dalgasvej 6,7200, Grindsted,990000 ,23-09-2022,Fam. Salg,168,5893,4,1947,
530,Villa,Ribersvej 192,7200, Grindsted,1485000 ,22-09-2022,Alm. Salg,129,11512,5,1984,
530,Villa,Ravnsøvej 1,7200, Grindsted,1200000 ,21-09-2022,Alm. Salg,153,7843,4,1975,-7%
530,Villa,Kærvej 8,7200, Grindsted,700000 ,20-09-2022,Alm. Salg,124,5645,6,1960,-30%
530,Villa,Dalsøvej 61,7200, Grindsted,1170000 ,18-09-2022,Alm. Salg,123,9512,5,1976,-2%
530,Villa,Nyvej 17,7250, Hejnsvig,200000 ,18-09-2022,Fam. Salg,69,2899,4,1933,
530,Villa,Fittingvej 40,6623, Vorbasse,382000 ,15-09-2022,Alm. Salg,86,4442,2,1929,2%
530,Villa,Bekkasinvej 17,7200, Grindsted,600000 ,12-09-2022,Alm. Salg,78,7692,3,1959,
530,Villa,Lindevej 6,7200, Grindsted,1895000 ,10-09-2022,Alm. Salg,125,15160,4,1992,
530,Villa,Samsøvej 10,7200, Grindsted,1480000 ,08-09-2022,Alm. Salg,179,7400,8,1970,-6%
530,Villa,Ribersvej 8,7200, Grindsted,1475000 ,08-09-2022,Alm. Salg,142,10387,5,1978,-1%
530,Rækkehus,Granvej 4,7200, Grindsted,375000 ,07-09-2022,Alm. Salg,89,4213,3,1914,
530,Villa,Mølleparken 104,7190, Billund,2045000 ,06-09-2022,Alm. Salg,142,14401,4,1975,3%
530,Villa,Grindstedvej 18,7190, Billund,3800000 ,01-09-2022,Alm. Salg,230,15447,7,1927,
530,Villa,Østerbrogade 13,7200, Grindsted,1945000 ,01-09-2022,Alm. Salg,150,12967,7,1930,-3%
530,Villa,Krogagervej 18,7200, Grindsted,970000 ,28-08-2022,Alm. Salg,105,9238,4,1956,-3%
530,Villa,Jyllandsgade 20,7200, Grindsted,1465000 ,28-08-2022,Alm. Salg,97,15103,4,1951,-2%
530,Villa,Norgesvej 6,7200, Grindsted,1195000 ,23-08-2022,Alm. Salg,122,9795,4,1969,
530,Villa,Enghaven 4,7260, Sønder Omme,640000 ,23-08-2022,Alm. Salg,127,5039,2,1976,-8%
530,Rækkehus,Vesterled 2,7260, Sønder Omme,200000 ,22-08-2022,Alm. Salg,56,3571,1,1947,-32%
530,Villa,Fyrrevænget 305,7190, Billund,1845000 ,22-08-2022,Alm. Salg,148,12466,6,1971,
530,Villa,Langgade 45,7250, Hejnsvig,495000 ,22-08-2022,Alm. Salg,101,4901,4,1977,
530,Villa,Søgårdvej 43,7250, Hejnsvig,1350000 ,17-08-2022,Alm. Salg,178,7584,7,1980,
530,Villa,Gyvelvej 2,7200, Grindsted,1640000 ,16-08-2022,Fam. Salg,115,14261,4,1949,
530,Villa,Lupinvænget 39,7200, Grindsted,1095000 ,14-08-2022,Alm. Salg,98,11173,3,1962,
530,Villa,Sydtoften 161,7200, Grindsted,1475000 ,14-08-2022,Alm. Salg,120,12292,5,1984,
530,Villa,Kirkegade 15,6623, Vorbasse,1435000 ,14-08-2022,Alm. Salg,160,8969,7,1973,
530,Villa,Østergaardsvej 18,7200, Grindsted,595000 ,11-08-2022,Alm. Salg,126,4722,4,1912,
530,Villa,Gammel Hejnsvigvej 5,7190, Billund,995000 ,11-08-2022,Alm. Salg,120,8292,4,1958,
530,Villa,Markskellet 26,7190, Billund,1740000 ,11-08-2022,Alm. Salg,107,16262,4,1990,0%
530,Villa,Dalbo 63,7200, Grindsted,1100000 ,10-08-2022,Alm. Salg,112,9821,4,1979,
530,Villa,Grønlandsvej 2,7200, Grindsted,1900000 ,10-08-2022,Alm. Salg,224,8482,8,1974,-5%
530,Villa,Sønderkær 193,7190, Billund,2200000 ,10-08-2022,Alm. Salg,175,12571,6,1978,-2%
530,Villa,Gammel Bøvlvej 31,7260, Sønder Omme,1425000 ,09-08-2022,Alm. Salg,159,8962,5,1949,-5%
530,Villa,Sognegårdsvej 4B,7200, Grindsted,1670000 ,09-08-2022,Alm. Salg,107,15607,3,2019,-1%
530,Villa,Dalsvinget 49,7200, Grindsted,2000000 ,08-08-2022,Alm. Salg,153,13072,4,1977,-5%
530,Villa,Solbakken 35,7260, Sønder Omme,975000 ,07-08-2022,Fam. Salg,144,6771,5,1977,
530,Rækkehus,Søndre Boulevard 351,7200, Grindsted,1070000 ,06-08-2022,Alm. Salg,77,13896,3,1986,
530,Rækkehus,Sydtoften 137,7200, Grindsted,995000 ,04-08-2022,Alm. Salg,82,12134,3,1984,-7%
530,Villa,Åbakkevej 2,7200, Grindsted,2390000 ,02-08-2022,Alm. Salg,207,11546,5,1977,-8%
530,Villa,Slaugvej 3,6623, Vorbasse,770000 ,02-08-2022,Alm. Salg,172,4477,4,1935,-14%
530,Villa,Grindstedvej 76,7260, Sønder Omme,115000 ,01-08-2022,Alm. Salg,104,1106,3,1964,
530,Villa,Søndre Boulevard 255,7200, Grindsted,1875000 ,28-07-2022,Alm. Salg,142,13204,5,1993,
530,Villa,Tingstedet 63,7190, Billund,2865000 ,27-07-2022,Alm. Salg,195,14692,8,1997,
530,Villa,Morsbøl Skolevej 14,7200, Grindsted,1400000 ,27-07-2022,Alm. Salg,204,6863,6,1931,-6%
530,Villa,Dalsøvej 24,7200, Grindsted,485000 ,27-07-2022,Alm. Salg,148,3277,5,1976,
530,Villa,Arresøvej 1,7200, Grindsted,1075000 ,24-07-2022,Alm. Salg,159,6761,7,1974,
530,Villa,Holdgårdsvej 10,7260, Sønder Omme,1025000 ,24-07-2022,Alm. Salg,118,8686,3,1971,14%
530,Villa,Søllingdalvej 34,7250, Hejnsvig,1275000 ,23-07-2022,Alm. Salg,142,8979,6,1976,
530,Villa,Holdgårdsvej 28,7260, Sønder Omme,660000 ,23-07-2022,Alm. Salg,162,4074,4,1934,-5%
530,Rækkehus,Meldhedevej 5,7200, Grindsted,1150000 ,21-07-2022,Alm. Salg,100,11500,4,1986,0%
530,Villa,Enevej 12,7200, Grindsted,1768000 ,21-07-2022,Alm. Salg,157,11261,5,1986,
530,Villa,Fasanvej 4,7190, Billund,1400000 ,21-07-2022,Alm. Salg,108,12963,4,1960,
530,Villa,Flintemarken 15,7190, Billund,2029000 ,20-07-2022,Alm. Salg,146,13897,4,1988,2%
530,Villa,Toften 33,7190, Billund,1606000 ,19-07-2022,Alm. Salg,180,8922,5,1968,1%
530,Villa,Plougslundvej 173,7190, Billund,1717322 ,18-07-2022,Alm. Salg,142,12094,5,1973,8%
530,Villa,Kløvervænget 11,7200, Grindsted,892500 ,18-07-2022,Fam. Salg,158,5649,5,1964,
530,Villa,Nørrevej 12,7200, Grindsted,625000 ,17-07-2022,Alm. Salg,149,4195,5,1940,-10%
530,Villa,Egevangen 1,7200, Grindsted,498271 ,13-07-2022,Alm. Salg,118,4223,3,1960,
530,Villa,Vestre Boulevard 50,7200, Grindsted,765000 ,13-07-2022,Alm. Salg,98,7806,5,1960,-15%
530,Villa,Norgesvej 19,7200, Grindsted,807500 ,11-07-2022,Fam. Salg,127,6358,4,1971,
530,Villa,Vilhelmsmindevej 16,7200, Grindsted,995000 ,11-07-2022,Alm. Salg,132,7538,4,1954,
530,Villa,Vinkelvej 14,7250, Hejnsvig,700000 ,11-07-2022,Alm. Salg,129,5426,4,1958,-12%
530,Villa,Birkevej 3,6623, Vorbasse,1540000 ,11-07-2022,Alm. Salg,196,7857,6,1969,
530,Villa,Kastanie Alle 1,7200, Grindsted,1518000 ,11-07-2022,Andet,138,11000,4,1942,
530,Villa,Ribersvej 22,7200, Grindsted,995000 ,10-07-2022,Alm. Salg,123,8089,4,1978,
530,Villa,Holdgårdsvej 27,7260, Sønder Omme,460000 ,10-07-2022,Alm. Salg,84,5476,2,1934,
530,Rækkehus,Grønningen 24,7190, Billund,1170000 ,07-07-2022,Alm. Salg,73,16027,2,1988,-2%
530,Villa,Mølleparken 358,7190, Billund,2600000 ,07-07-2022,Alm. Salg,169,15385,6,1984,
530,Villa,Dalbo 41,7200, Grindsted,1725000 ,07-07-2022,Alm. Salg,176,9801,6,1978,-9%
530,Rækkehus,Vestergade 70B,7200, Grindsted,1440000 ,06-07-2022,Alm. Salg,100,14400,3,1988,-4%
530,Villa,Fyrrevænget 101,7190, Billund,1750000 ,06-07-2022,Alm. Salg,131,13359,4,1970,11%
530,Villa,Æblevej 2,7250, Hejnsvig,887200 ,05-07-2022,Alm. Salg,129,6878,4,1947,1%
530,Villa,Aakjærsvej 14,7200, Grindsted,825000 ,04-07-2022,Alm. Salg,161,5124,5,0,
530,Villa,Højene 2,7250, Hejnsvig,1180000 ,03-07-2022,Alm. Salg,169,6982,7,1972,-1%
530,Villa,Vejlevej 24,7260, Sønder Omme,371000 ,30-06-2022,Alm. Salg,83,4470,2,1938,-6%
530,Villa,Søndervold 108,7200, Grindsted,2475000 ,30-06-2022,Alm. Salg,159,15566,8,1993,
530,Villa,Mølgårdvej 1,7200, Grindsted,550000 ,30-06-2022,Fam. Salg,134,4104,5,1968,
530,Villa,Flintemarken 6,7190, Billund,2195000 ,28-06-2022,Alm. Salg,136,16140,5,1989,
530,Villa,Aakjærsvej 5,7200, Grindsted,725000 ,28-06-2022,Alm. Salg,95,7632,3,1946,-9%
530,Villa,Egevænget 114,7190, Billund,1675000 ,28-06-2022,Alm. Salg,152,11020,6,1972,
530,Villa,Vestre Boulevard 60,7200, Grindsted,2000000 ,27-06-2022,Alm. Salg,132,15152,5,1961,4%
530,Villa,Birksøvej 1,7200, Grindsted,1895000 ,27-06-2022,Alm. Salg,139,13633,5,1973,
530,Villa,Utoftvej 13,7200, Grindsted,1700000 ,27-06-2022,Alm. Salg,194,8763,5,1995,-5%
530,Villa,Kærtoften 8,7200, Grindsted,730000 ,26-06-2022,Alm. Salg,176,4148,8,1975,
530,Villa,Daltoften 29,7200, Grindsted,1375000 ,26-06-2022,Alm. Salg,135,10185,5,1977,-8%
530,Villa,Tiphedevej 1,7200, Grindsted,1702500 ,26-06-2022,Alm. Salg,150,11350,6,1973,0%
530,Villa,Ribersvej 186,7200, Grindsted,1400000 ,23-06-2022,Alm. Salg,145,9655,6,1980,8%
530,Villa,Sønderkær 114,7190, Billund,2295000 ,23-06-2022,Alm. Salg,166,13825,5,1977,
530,Villa,Poppelvej 11,7200, Grindsted,1175000 ,23-06-2022,Alm. Salg,122,9631,4,1961,-2%
530,Villa,Engvej 9,7200, Grindsted,1500000 ,20-06-2022,Alm. Salg,194,7212,8,1955,-16%
530,Villa,Skovbrynet 4,7260, Sønder Omme,1500000 ,17-06-2022,Alm. Salg,222,6757,8,1973,-4%
530,Villa,Søndermarksvej 106,7190, Billund,2050000 ,17-06-2022,Alm. Salg,180,11389,4,1970,8%
530,Villa,Engsøparken 27,7200, Grindsted,3150000 ,14-06-2022,Alm. Salg,236,13347,4,1952,-4%
530,Villa,Ådalen 7,7200, Grindsted,3400000 ,13-06-2022,Alm. Salg,207,16425,7,1963,
530,Villa,Ansager Landevej 38,7200, Grindsted,1375000 ,10-06-2022,Alm. Salg,238,5777,8,1893,
530,Villa,Bækkevej 21,6623, Vorbasse,1410000 ,08-06-2022,Alm. Salg,140,10071,6,1902,
530,Villa,Lillesøvej 2,7200, Grindsted,2075000 ,08-06-2022,Alm. Salg,157,13217,5,1973,
530,Villa,Vesterled 15,7260, Sønder Omme,512500 ,08-06-2022,Alm. Salg,108,4745,4,1967,-2%
530,Villa,Tranevej 10,7200, Grindsted,644500 ,07-06-2022,Fam. Salg,142,4539,5,1976,
530,Villa,Søndervold 131,7200, Grindsted,2600000 ,07-06-2022,Alm. Salg,158,16456,6,2004,-2%
530,Villa,Fyrrevænget 108,7190, Billund,2845000 ,06-06-2022,Alm. Salg,208,13678,7,1969,-2%
530,Villa,Mølleparken 170,7190, Billund,1600000 ,06-06-2022,Fam. Salg,131,12214,4,1975,
530,Villa,Dalsøvej 65,7200, Grindsted,850000 ,02-06-2022,Alm. Salg,138,6159,4,1976,
530,Villa,Krarupvej 1,7200, Grindsted,725000 ,02-06-2022,Alm. Salg,144,5035,6,1963,
530,Villa,Tranebærvej 6,7200, Grindsted,1675000 ,01-06-2022,Alm. Salg,143,11713,6,1966,
530,Villa,Søndervold 126,7200, Grindsted,2240000 ,01-06-2022,Alm. Salg,152,14737,6,1999,-2%
530,Villa,Morsbøl Søvej 140,7200, Grindsted,475000 ,31-05-2022,Alm. Salg,167,2844,6,2022,
530,Villa,Birkevangen 3,7200, Grindsted,2665000 ,29-05-2022,Alm. Salg,191,13953,8,1963,
530,Villa,Møbjergvej 41,7260, Sønder Omme,1845000 ,29-05-2022,Alm. Salg,176,10483,4,1997,
530,Villa,Kærbækvej 14,7200, Grindsted,2953000 ,26-05-2022,Alm. Salg,261,11314,11,1956,6%
530,Villa,Æblevej 11,7250, Hejnsvig,250000 ,25-05-2022,Alm. Salg,65,3846,3,1961,-23%
530,Villa,Søgårdvej 22,7250, Hejnsvig,915000 ,24-05-2022,Alm. Salg,135,6778,5,1949,-3%
530,Villa,Postgade 3,7200, Grindsted,895000 ,24-05-2022,Alm. Salg,122,7336,5,1928,-5%
530,Villa,Daugårdvej 17,7250, Hejnsvig,52000 ,24-05-2022,Alm. Salg,85,612,4,1959,
530,Villa,Storegade 16,7200, Grindsted,234983 ,23-05-2022,Alm. Salg,143,1643,5,1928,
530,Villa,Klosterhedevej 3,7200, Grindsted,1450000 ,23-05-2022,Alm. Salg,149,9732,5,1972,-2%
530,Villa,Mølleparken 318,7190, Billund,3665000 ,23-05-2022,Alm. Salg,225,16289,6,1984,1%
530,Villa,Hovborgvej 26,6623, Vorbasse,300000 ,23-05-2022,Alm. Salg,95,3158,3,1877,
530,Villa,Præstevænget 12,7250, Hejnsvig,1550000 ,22-05-2022,Alm. Salg,183,8470,6,1919,-3%
530,Villa,Færøvej 5,7200, Grindsted,1995000 ,19-05-2022,Alm. Salg,152,13125,5,1970,
530,Villa,Primulavej 29,7200, Grindsted,1360000 ,19-05-2022,Alm. Salg,130,10462,4,1965,-3%
530,Villa,Bækkevej 9,6623, Vorbasse,250000 ,18-05-2022,Fam. Salg,124,2016,6,1966,
530,Villa,Jorden Rundt 39,7200, Grindsted,1540000 ,18-05-2022,Alm. Salg,213,7230,6,2023,
530,Villa,Dalbyvej 25,7200, Grindsted,1800000 ,18-05-2022,Alm. Salg,167,10778,6,1977,-4%
530,Villa,Holdgårdsvej 20,7260, Sønder Omme,350000 ,18-05-2022,Alm. Salg,72,4861,2,1958,
530,Villa,Elmelunden 213,7190, Billund,1395000 ,17-05-2022,Alm. Salg,99,14091,4,1964,
530,Villa,Dalsvej 19,7200, Grindsted,1060000 ,17-05-2022,Alm. Salg,164,6463,5,1962,-3%
530,Ejerlejlighed,"Banegårdsvej 29, 1",7200, Grindsted,770000 ,16-05-2022,Alm. Salg,64,12031,2,1987,-1%
530,Villa,Grindsted Landevej 10,7200, Grindsted,975000 ,16-05-2022,Alm. Salg,108,9028,4,1953,
530,Villa,Krogagervej 16,7200, Grindsted,1240000 ,16-05-2022,Alm. Salg,152,8158,5,1957,-4%
530,Villa,Nordre Kirkevej 3,7190, Billund,1150000 ,14-05-2022,Alm. Salg,106,10849,4,1966,-4%
530,Villa,Flintemarken 42,7190, Billund,2200000 ,12-05-2022,Alm. Salg,140,15714,5,1987,
530,Villa,Nørrevej 10,7200, Grindsted,895000 ,11-05-2022,Alm. Salg,124,7218,5,1939,
530,Villa,Søndermarksvej 201,7190, Billund,1616000 ,10-05-2022,Alm. Salg,122,13246,4,1970,3%
530,Villa,Knuden 5,6623, Vorbasse,815000 ,10-05-2022,Alm. Salg,112,7277,4,1985,-4%
530,Villa,Solbakken 28,7260, Sønder Omme,335000 ,09-05-2022,Andet,121,2769,4,1976,
530,Villa,Bygvænget 14,7200, Grindsted,1400000 ,09-05-2022,Alm. Salg,124,11290,5,1963,-3%
530,Villa,Lyngvang 8,7260, Sønder Omme,620000 ,09-05-2022,Fam. Salg,112,5536,4,1972,
530,Villa,Stadion Alle 32,7260, Sønder Omme,430000 ,09-05-2022,Fam. Salg,67,6418,3,1950,
530,Villa,Sønderkær 367,7190, Billund,1300000 ,08-05-2022,Fam. Salg,166,7831,5,1985,
530,Villa,Sydtoften 43,7200, Grindsted,2200000 ,08-05-2022,Alm. Salg,181,12155,6,1984,-4%
530,Villa,Sønderhedevej 1,7200, Grindsted,1750000 ,08-05-2022,Alm. Salg,142,12324,5,1972,-3%
530,Villa,Kratvej 3,6623, Vorbasse,617500 ,07-05-2022,Alm. Salg,107,5771,3,1952,
530,Villa,Mølleparken 424,7190, Billund,1895000 ,04-05-2022,Alm. Salg,140,13536,6,1984,
530,Villa,Kratvej 3,6623, Vorbasse,125000 ,04-05-2022,Alm. Salg,107,1168,3,1952,
530,Villa,Tingstedet 65,7190, Billund,2985000 ,03-05-2022,Alm. Salg,198,15076,8,1997,-2%
530,Villa,Bækkevej 3,6623, Vorbasse,922750 ,03-05-2022,Alm. Salg,116,7955,4,1971,3%
530,Villa,Aakjærsvej 10,7200, Grindsted,800000 ,03-05-2022,Alm. Salg,109,7339,4,1949,-11%
530,Villa,Blåbærvej 4,7200, Grindsted,945000 ,03-05-2022,Alm. Salg,108,8750,4,1965,
530,Villa,Lyngvej 10,7200, Grindsted,1300000 ,03-05-2022,Alm. Salg,137,9489,6,1967,0%
530,Villa,Skjoldbjergvej 3,6623, Vorbasse,2050000 ,02-05-2022,Alm. Salg,223,9193,8,1906,
530,Villa,Tusindbenet 48,7190, Billund,676113 ,02-05-2022,Alm. Salg,171,3954,5,0,
530,Villa,Elmelunden 208,7190, Billund,1345000 ,01-05-2022,Alm. Salg,127,10591,5,1964,
530,Villa,Hovedgaden 28,7260, Sønder Omme,150000 ,01-05-2022,Alm. Salg,167,691,9,1939,-39%
530,Villa,Nebelvej 43,6623, Vorbasse,995000 ,01-05-2022,Alm. Salg,283,3516,8,1901,
530,Villa,Bygvænget 15,7200, Grindsted,2017500 ,01-05-2022,Alm. Salg,153,13186,5,1963,
530,Villa,Tværvej 6,7190, Billund,2240000 ,01-05-2022,Alm. Salg,138,16232,6,1972,1%
530,Villa,Birkevej 10,6623, Vorbasse,845000 ,30-04-2022,Alm. Salg,98,8622,3,1968,
530,Villa,Vestre Boulevard 32,7200, Grindsted,1075000 ,28-04-2022,Alm. Salg,102,10539,4,1960,-10%
530,Villa,Gammel Bøvlvej 11,7260, Sønder Omme,510000 ,28-04-2022,Alm. Salg,137,3723,5,1932,-6%
530,Villa,Åmosevej 5,7200, Grindsted,1552050 ,26-04-2022,Alm. Salg,147,10558,5,1972,7%
530,Villa,Klinkvej 37,7250, Hejnsvig,2162000 ,24-04-2022,Alm. Salg,268,8067,3,1985,-2%
530,Villa,Åbrinken 7,7200, Grindsted,1650000 ,24-04-2022,Alm. Salg,134,12313,5,1969,-3%
530,Villa,Toften 51,7190, Billund,1775000 ,24-04-2022,Alm. Salg,154,11526,5,1970,-6%
530,Villa,Labrivej 14,6623, Vorbasse,2250000 ,22-04-2022,Alm. Salg,207,9615,8,2001,
530,Villa,Gammel Bøvlvej 3,7260, Sønder Omme,830000 ,21-04-2022,Alm. Salg,131,6336,5,1914,-7%
530,Villa,Rungborgvej 8,7250, Hejnsvig,660000 ,21-04-2022,Auktion,127,5197,4,1960,
530,Villa,Nørager 1,7260, Sønder Omme,1350000 ,21-04-2022,Alm. Salg,125,10800,4,1979,8%
530,Villa,Morsbøl Søvej 144,7200, Grindsted,460000 ,21-04-2022,Alm. Salg,190,2421,6,0,
530,Villa,Gammel Hejnsvigvej 7,7190, Billund,1700000 ,19-04-2022,Alm. Salg,178,9551,7,1957,1%
530,Villa,Gammel Bøvlvej 29A,7260, Sønder Omme,650000 ,19-04-2022,Alm. Salg,122,5328,4,1949,-6%
530,Villa,Fanøvej 5,7200, Grindsted,1610000 ,18-04-2022,Alm. Salg,139,11583,5,1971,-2%
530,Villa,Skrænten 12,7250, Hejnsvig,700000 ,18-04-2022,Alm. Salg,233,3004,8,1982,-30%
530,Villa,Møllebakken 3,7250, Hejnsvig,750000 ,18-04-2022,Alm. Salg,173,4335,5,1900,-6%
530,Rækkehus,Sydtoften 21,7200, Grindsted,1260000 ,12-04-2022,Alm. Salg,82,15366,2,1983,5%
530,Villa,Tranebærvej 5,7200, Grindsted,1260000 ,11-04-2022,Alm. Salg,157,8025,6,1967,-6%
530,Villa,Bredgade 46,7250, Hejnsvig,1100000 ,10-04-2022,Fam. Salg,145,7586,6,1924,
530,Villa,Simmelbrovej 24,7200, Grindsted,437747 ,09-04-2022,Fam. Salg,134,3267,4,1951,
530,Villa,Sønderkær 217,7190, Billund,3500000 ,08-04-2022,Alm. Salg,258,13566,6,1979,
530,Villa,Bogfinkevej 21,7190, Billund,1220000 ,07-04-2022,Alm. Salg,123,9919,3,1963,-2%
530,Villa,Grønnegade 11,6623, Vorbasse,4750000 ,07-04-2022,Alm. Salg,455,10440,10,2000,
530,Villa,Brande Landevej 18,7260, Sønder Omme,1850000 ,06-04-2022,Alm. Salg,174,10632,4,1890,
530,Villa,Svinget 7,7200, Grindsted,1125000 ,06-04-2022,Alm. Salg,100,11250,4,1956,-2%
530,Villa,Gilbjergvej 8,6623, Vorbasse,910000 ,04-04-2022,Alm. Salg,116,7845,5,1953,
530,Villa,Hørlycks Alle 20,7200, Grindsted,1125000 ,04-04-2022,Alm. Salg,87,12931,3,1942,-6%
530,Villa,Dalsvinget 16,7200, Grindsted,1075000 ,31-03-2022,Alm. Salg,131,8206,4,1977,-4%
530,Villa,Stadion Alle 20B,7260, Sønder Omme,730000 ,30-03-2022,Alm. Salg,100,7300,3,1921,-2%
530,Rækkehus,Sydtoften 141,7200, Grindsted,1100000 ,27-03-2022,Fam. Salg,86,12791,3,1984,
530,Villa,Vestervej 7,7200, Grindsted,950000 ,27-03-2022,Alm. Salg,146,6507,4,1920,-5%
530,Villa,Hovedgaden 28,7260, Sønder Omme,250000 ,24-03-2022,Alm. Salg,167,1152,9,1939,2%
530,Villa,Dalagervej 8,6623, Vorbasse,1602500 ,23-03-2022,Alm. Salg,144,11128,5,2000,
530,Villa,Nørre Alle 2,7200, Grindsted,1295000 ,21-03-2022,Alm. Salg,133,9737,4,1955,
530,Villa,Vestervang 26,7190, Billund,2295000 ,21-03-2022,Alm. Salg,151,15199,7,1986,-2%
530,Villa,Gilbjergvej 28,7250, Hejnsvig,1175000 ,21-03-2022,Alm. Salg,187,6283,6,1872,-2%
530,Villa,Sydtoften 5,7200, Grindsted,1495000 ,21-03-2022,Alm. Salg,115,13000,4,1983,
530,Rækkehus,Krogagervej 44,7200, Grindsted,750000 ,16-03-2022,Alm. Salg,99,7576,4,1957,
530,Villa,Bredgade 2,7250, Hejnsvig,1009499 ,15-03-2022,Andet,313,3225,12,1876,
530,Villa,Pilealle 2,7200, Grindsted,450000 ,15-03-2022,Alm. Salg,106,4245,4,1962,
530,Rækkehus,Sønderkær 355,7190, Billund,1415000 ,14-03-2022,Alm. Salg,87,16264,3,1985,
530,Villa,Dalagervej 5,6623, Vorbasse,780000 ,12-03-2022,Fam. Salg,115,6783,4,1965,
530,Villa,Dalbo 65,7200, Grindsted,1198000 ,10-03-2022,Alm. Salg,114,10509,5,1978,
530,Villa,Ravnsøvej 10,7200, Grindsted,1475000 ,10-03-2022,Alm. Salg,162,9105,4,1974,-5%
530,Villa,Nørrevej 25,7200, Grindsted,1115000 ,09-03-2022,Alm. Salg,130,8577,4,1980,-3%
530,Villa,Morsbøl Søvej 142,7200, Grindsted,460000 ,08-03-2022,Alm. Salg,189,2434,7,2022,
530,Ejerlejlighed,"Banegårdsvej 17, st",7200, Grindsted,849000 ,07-03-2022,Alm. Salg,68,12485,2,1987,
530,Villa,Enghaven 28,7260, Sønder Omme,795000 ,07-03-2022,Alm. Salg,133,5977,5,1969,
530,Rækkehus,Dalsvinget 18B,7200, Grindsted,1005000 ,03-03-2022,Alm. Salg,102,9853,4,1978,
530,Villa,Grønmarksvej 3,7250, Hejnsvig,540000 ,03-03-2022,Alm. Salg,130,4154,4,1947,-9%
530,Ejerlejlighed,"Skolegade 1, 1",7200, Grindsted,1500000 ,02-03-2022,Fam. Salg,244,6148,4,1920,
530,Villa,Østervangsvej 13,7200, Grindsted,1375000 ,02-03-2022,Alm. Salg,145,9483,7,1943,-7%
530,Villa,Søndervold 250,7200, Grindsted,1437500 ,02-03-2022,Fam. Salg,221,6505,7,1997,
530,Villa,Tusindbenet 48,7190, Billund,571800 ,01-03-2022,Alm. Salg,171,3344,5,0,
530,Villa,Mossøvej 8,7200, Grindsted,1555000 ,28-02-2022,Alm. Salg,149,10436,7,1973,-3%
530,Villa,Poppelvej 14,7200, Grindsted,795000 ,28-02-2022,Alm. Salg,106,7500,4,1961,-6%
530,Villa,Morsbøl Søvej 102,7200, Grindsted,3775000 ,28-02-2022,Alm. Salg,295,12797,11,2012,-3%
530,Villa,Sønderhedevej 11,7200, Grindsted,1695000 ,23-02-2022,Alm. Salg,154,11006,5,1972,
530,Rækkehus,Dalsvinget 20F,7200, Grindsted,875000 ,22-02-2022,Alm. Salg,96,9115,4,1978,
530,Rækkehus,Nørregade 62A,7200, Grindsted,1150000 ,22-02-2022,Fam. Salg,115,10000,5,2021,
530,Ejerlejlighed,"Grønningen 13, 1. mf",7200, Grindsted,239500 ,22-02-2022,Alm. Salg,41,5841,1,1967,
530,Villa,Bygvænget 20,7200, Grindsted,985000 ,22-02-2022,Alm. Salg,146,6747,5,1963,-10%
530,Villa,Nørregade 35,7200, Grindsted,760000 ,22-02-2022,Alm. Salg,83,9157,2,1938,-10%
530,Villa,Labrivej 9,6623, Vorbasse,2035000 ,22-02-2022,Alm. Salg,157,12962,5,1998,
530,Rækkehus,Jørgen Glavinds Vej 27,7200, Grindsted,825000 ,21-02-2022,Alm. Salg,91,9066,4,1957,
530,Villa,Håndværkervej 11,6623, Vorbasse,1650000 ,19-02-2022,Alm. Salg,193,8549,6,1987,
530,Ejerlejlighed,"Banegårdsvej 3A, 1. th",7200, Grindsted,625000 ,17-02-2022,Alm. Salg,64,9766,2,1988,-4%
530,Villa,Morsbøl Søvej 130,7200, Grindsted,488000 ,17-02-2022,Alm. Salg,176,2773,5,2023,
530,Villa,Refshøjvej 36,7200, Grindsted,100000 ,16-02-2022,Alm. Salg,87,1149,3,1950,
530,Villa,Kærvej 307,7190, Billund,2285000 ,15-02-2022,Alm. Salg,183,12486,6,1973,
530,Villa,Birkevej 9,6623, Vorbasse,950000 ,14-02-2022,Alm. Salg,120,7917,4,1972,-5%
530,Villa,Lærkevej 1,7190, Billund,1610000 ,13-02-2022,Alm. Salg,115,14000,4,1959,-2%
530,Villa,Dalsvinget 41,7200, Grindsted,1100000 ,13-02-2022,Alm. Salg,101,10891,4,1977,-6%
530,Rækkehus,Sønderkær 329,7190, Billund,1950000 ,10-02-2022,Alm. Salg,151,12914,6,1980,-2%
530,Villa,Mølleparken 220,7190, Billund,1950000 ,09-02-2022,Fam. Salg,160,12188,5,1976,
530,Villa,Hovedgaden 49,7260, Sønder Omme,625000 ,09-02-2022,Alm. Salg,162,3858,7,1955,-10%
530,Villa,Engsøparken 181,7200, Grindsted,2950000 ,08-02-2022,Alm. Salg,197,14975,6,2011,-5%
530,Villa,Birksøvej 9,7200, Grindsted,1199000 ,03-02-2022,Alm. Salg,154,7786,5,1973,-4%
530,Villa,Mølleparken 251,7190, Billund,2645000 ,03-02-2022,Alm. Salg,185,14297,5,1976,
530,Villa,Mølleparken 266,7190, Billund,1800000 ,01-02-2022,Alm. Salg,160,11250,6,1975,-2%
530,Villa,Åmosevej 6,7200, Grindsted,1475000 ,01-02-2022,Alm. Salg,142,10387,5,1972,-1%
530,Villa,Mølleparken 318,7190, Billund,1200238 ,30-01-2022,Fam. Salg,225,5334,6,1984,
530,Villa,Nørregade 15,6623, Vorbasse,1240000 ,27-01-2022,Andet,185,3533,12,1906,
530,Villa,Sjælsøvej 10,7200, Grindsted,1795000 ,27-01-2022,Alm. Salg,215,8349,6,1974,
530,Villa,Havrevænget 18,7200, Grindsted,1675000 ,27-01-2022,Alm. Salg,143,11713,4,1962,-1%
530,Villa,Vibes Alle 7,7200, Grindsted,1350000 ,26-01-2022,Alm. Salg,94,14362,4,1953,-3%
530,Villa,Jyllandsgade 28,7200, Grindsted,2100000 ,25-01-2022,Alm. Salg,215,9767,8,1923,-6%
530,Villa,Egevangen 8,7200, Grindsted,1148000 ,24-01-2022,Fam. Salg,88,13045,3,1960,
530,Villa,Solsortvej 11,7200, Grindsted,1085000 ,24-01-2022,Alm. Salg,92,11793,4,1959,-1%
530,Villa,Hedelykkevej 14,7200, Grindsted,840000 ,24-01-2022,Alm. Salg,138,6087,5,1956,-6%
530,Villa,Postgade 4,7200, Grindsted,2100000 ,24-01-2022,Alm. Salg,206,10194,5,1949,
530,Villa,Jorden Rundt 39,7200, Grindsted,1500000 ,24-01-2022,Alm. Salg,213,7042,6,2023,
530,Villa,Bygvænget 19,7200, Grindsted,1480000 ,24-01-2022,Alm. Salg,119,12437,4,1963,-1%
530,Villa,Kærvej 311,7190, Billund,688867 ,24-01-2022,Fam. Salg,203,3393,8,1973,
530,Villa,Bekkasinvej 6,7200, Grindsted,823000 ,23-01-2022,Fam. Salg,190,4332,5,1959,
530,Villa,Fynsgade 56,7200, Grindsted,1125000 ,21-01-2022,Alm. Salg,140,8036,6,1952,-2%
530,Villa,Vejlevej 41,7260, Sønder Omme,1095000 ,18-01-2022,Alm. Salg,171,6404,5,1974,
530,Villa,Sønderkær 204,7190, Billund,1800000 ,17-01-2022,Alm. Salg,145,12414,5,1977,-5%
530,Villa,Rosenvej 5,7200, Grindsted,800000 ,16-01-2022,Alm. Salg,116,6897,4,1973,
530,Villa,Ribersvej 36,7200, Grindsted,1345000 ,16-01-2022,Alm. Salg,140,9607,4,1979,
530,Villa,Rosengårdsvej 13,7250, Hejnsvig,1445000 ,13-01-2022,Alm. Salg,153,9444,5,1976,-3%
530,Villa,Rugvænget 27,7200, Grindsted,1375000 ,12-01-2022,Alm. Salg,122,11270,4,1962,
530,Villa,Hovedgaden 28,7260, Sønder Omme,180000 ,11-01-2022,Alm. Salg,167,829,9,1939,-27%
530,Villa,Kronhedevej 6,7200, Grindsted,1545000 ,10-01-2022,Alm. Salg,145,10655,6,1973,
530,Villa,Kvædevej 4,7200, Grindsted,1750000 ,06-01-2022,Alm. Salg,189,9259,6,1983,-8%
530,Villa,Dalsøvej 79,7200, Grindsted,1450000 ,05-01-2022,Alm. Salg,139,10432,5,1977,-3%
530,Villa,Lyngvang 3B,7260, Sønder Omme,1195000 ,05-01-2022,Alm. Salg,150,7967,4,1972,
530,Villa,Bygvænget 1,7200, Grindsted,1250000 ,05-01-2022,Alm. Salg,150,8333,5,1962,-7%
530,Villa,Toften 7,7190, Billund,1595000 ,04-01-2022,Alm. Salg,180,8861,5,2023,
530,Villa,Simmelvej 15,7260, Sønder Omme,531971 ,29-12-2021,Fam. Salg,111,4793,4,1955,
530,Villa,Bemsigvej 12,7200, Grindsted,740000 ,28-12-2021,Alm. Salg,154,4805,4,1938,-17%
530,Villa,Hovedgaden 52B,7190, Billund,1050000 ,28-12-2021,Alm. Salg,183,5738,4,1947,
530,Villa,Toften 20,7190, Billund,960000 ,27-12-2021,Alm. Salg,123,7805,5,1968,
530,Villa,Mandøvej 10,7200, Grindsted,1445000 ,23-12-2021,Alm. Salg,128,11289,5,1970,
530,Villa,Grindsted Landevej 16,7200, Grindsted,130000 ,22-12-2021,Alm. Salg,115,1130,3,1920,
530,Rækkehus,Dalsvinget 20A,7200, Grindsted,725000 ,21-12-2021,Alm. Salg,75,9667,3,1978,
530,Villa,Præstevænget 1,6623, Vorbasse,1045000 ,21-12-2021,Alm. Salg,131,7977,4,1927,
530,Villa,Birksøvej 11,7200, Grindsted,1575000 ,21-12-2021,Alm. Salg,143,11014,5,1974,
530,Villa,Kobjergvej 5A,7190, Billund,2750000 ,20-12-2021,Alm. Salg,169,16272,4,1910,-2%
530,Villa,Lysningen 14,7190, Billund,1520000 ,20-12-2021,Alm. Salg,130,11692,5,1987,-5%
530,Villa,Grindstedvej 22A,7190, Billund,2250000 ,20-12-2021,Alm. Salg,191,11780,8,1975,-2%
530,Villa,Rugvænget 15,7200, Grindsted,650000 ,20-12-2021,Alm. Salg,120,5417,5,1963,-13%
530,Villa,Tværvej 4,7190, Billund,3450000 ,19-12-2021,Alm. Salg,220,15682,5,1974,-1%
530,Villa,Kirkegade 11,6623, Vorbasse,615000 ,18-12-2021,Alm. Salg,100,6150,4,1964,
530,Villa,Kløvermarken 10,7190, Billund,950000 ,16-12-2021,Alm. Salg,150,5588,6,1973,-52%
530,Villa,Klodhøjvej 12,7250, Hejnsvig,755625 ,16-12-2021,Alm. Salg,158,4782,6,1965,
530,Villa,Solsortvej 3,7200, Grindsted,1050000 ,15-12-2021,Alm. Salg,135,7778,4,1959,-4%
530,Villa,Havrevænget 5,7200, Grindsted,1052000 ,15-12-2021,Fam. Salg,156,6744,6,1962,
530,Villa,Daltoften 33,7200, Grindsted,955000 ,15-12-2021,Alm. Salg,149,6409,6,1977,1%
530,Villa,Søllingdalvej 84,7250, Hejnsvig,1410000 ,15-12-2021,Alm. Salg,163,8650,6,1980,-2%
530,Villa,Gøglervej 3,6623, Vorbasse,257500 ,15-12-2021,Alm. Salg,140,1839,5,2023,
530,Villa,Egeparken 20,7260, Sønder Omme,633500 ,14-12-2021,Fam. Salg,176,3599,6,2001,
530,Villa,Ribersvej 108,7200, Grindsted,1450000 ,14-12-2021,Alm. Salg,180,8056,6,1979,-3%
530,Villa,Dalsøvej 73,7200, Grindsted,1375000 ,12-12-2021,Alm. Salg,124,11089,4,1976,-1%
530,Villa,Tolvalenvej 23,7260, Sønder Omme,2256000 ,09-12-2021,Alm. Salg,224,10071,8,1936,
530,Villa,Sønderkær 161,7190, Billund,1832500 ,08-12-2021,Alm. Salg,194,9446,5,1977,-6%
530,Villa,Morsbøl Søvej 146,7200, Grindsted,460000 ,08-12-2021,Alm. Salg,177,2599,6,2022,
530,Villa,Rolighedsvej 8,6623, Vorbasse,625000 ,07-12-2021,Alm. Salg,139,4496,3,1877,-10%
530,Villa,Svalevænget 5,6623, Vorbasse,1575000 ,06-12-2021,Alm. Salg,151,10430,6,1994,
530,Villa,Fanøvej 18,7200, Grindsted,1755000 ,05-12-2021,Alm. Salg,148,11858,5,1972,-2%
530,Villa,Dalsvinget 52,7200, Grindsted,1380000 ,02-12-2021,Alm. Salg,152,9079,6,1977,-5%
530,Villa,Vandmosevej 22B,6623, Vorbasse,2395000 ,02-12-2021,Alm. Salg,146,16404,5,1961,-4%
530,Rækkehus,Jørgen Glavinds Vej 36,7200, Grindsted,725000 ,01-12-2021,Alm. Salg,71,10211,4,1955,
530,Villa,Hovedgaden 8,7260, Sønder Omme,2400000 ,01-12-2021,Alm. Salg,511,2348,22,1906,
530,Villa,Søndervold 133,7200, Grindsted,2500000 ,01-12-2021,Alm. Salg,156,16026,6,2004,
530,Rækkehus,Lærkevang 17,7200, Grindsted,1500000 ,30-11-2021,Alm. Salg,115,13043,4,1996,-5%
530,Rækkehus,Rønnebærvej 7,7200, Grindsted,965000 ,30-11-2021,Alm. Salg,86,11221,4,1967,-8%
530,Villa,Fyrrevænget 102,7190, Billund,1975000 ,30-11-2021,Alm. Salg,157,12580,5,1969,-1%
530,Villa,Løvlundvej 8,7250, Hejnsvig,682600 ,29-11-2021,Fam. Salg,160,4266,3,1950,
530,Villa,Ørnsbjergvej 27,7250, Hejnsvig,1225000 ,29-11-2021,Alm. Salg,150,8167,5,1941,-5%
530,Ejerlejlighed,"Nørre Torv 4, 1. 5",7200, Grindsted,2500000 ,25-11-2021,Alm. Salg,164,15244,4,2011,-2%
530,Villa,Engvej 25,7200, Grindsted,1455000 ,25-11-2021,Alm. Salg,100,14550,2,1935,-3%
530,Villa,Koldingvej 9,7190, Billund,795000 ,25-11-2021,Alm. Salg,139,5719,3,1907,
530,Villa,Birkevangen 4,7200, Grindsted,700000 ,24-11-2021,Fam. Salg,85,8235,3,1961,
530,Villa,Plougslundvej 237,7190, Billund,2850000 ,24-11-2021,Alm. Salg,213,13380,6,1974,-5%
530,Villa,Mølleparken 374,7190, Billund,1825000 ,23-11-2021,Alm. Salg,161,11335,6,1981,-6%
530,Villa,Skovvang 21,7260, Sønder Omme,1460000 ,23-11-2021,Alm. Salg,134,10896,4,1967,-2%
530,Villa,Søgårdvej 58,7250, Hejnsvig,1415000 ,21-11-2021,Alm. Salg,134,10560,5,1992,
530,Villa,Ansager Landevej 10,7200, Grindsted,1690000 ,21-11-2021,Alm. Salg,128,13203,4,2008,-6%
530,Villa,Sjællandsgade 3,7200, Grindsted,500000 ,20-11-2021,Fam. Salg,93,5376,4,1958,
530,Villa,Mølleparken 102,7190, Billund,1295000 ,18-11-2021,Alm. Salg,113,11460,4,1975,
530,Villa,Elmelunden 219,7190, Billund,1195000 ,17-11-2021,Alm. Salg,99,12071,4,1964,
530,Villa,Bøgevej 8,6623, Vorbasse,1440000 ,17-11-2021,Alm. Salg,124,11613,5,1975,-2%
530,Villa,Sønderkær 165,7190, Billund,2045000 ,17-11-2021,Alm. Salg,134,15261,5,1976,
530,Villa,Bybækvej 7,7200, Grindsted,900000 ,17-11-2021,Alm. Salg,226,3982,9,1899,-18%
530,Villa,Grindstedvej 74A,7260, Sønder Omme,450000 ,16-11-2021,Alm. Salg,102,4412,3,1947,-9%
530,Villa,Samsøvej 5,7200, Grindsted,800000 ,14-11-2021,Alm. Salg,165,4848,5,1968,
530,Villa,Kærvej 415,7190, Billund,2245000 ,14-11-2021,Alm. Salg,158,14209,6,1973,
530,Villa,Østre Alle 2,7200, Grindsted,382000 ,11-11-2021,Alm. Salg,103,3709,4,1935,
530,Rækkehus,Systemvej 36A,7190, Billund,650000 ,10-11-2021,Alm. Salg,99,6566,4,1964,-16%
530,Villa,Østergade 22,7200, Grindsted,3095000 ,10-11-2021,Alm. Salg,277,11173,8,1919,
530,Villa,Mølleparken 172,7190, Billund,1500000 ,10-11-2021,Alm. Salg,141,10638,5,1975,-4%
530,Villa,Dalbo 1,7200, Grindsted,1485000 ,09-11-2021,Alm. Salg,142,10458,6,1977,-1%
530,Villa,Bøgevej 10,6623, Vorbasse,600000 ,09-11-2021,Fam. Salg,133,4511,4,1974,
530,Villa,Sønderhedevej 3,7200, Grindsted,1100000 ,09-11-2021,Alm. Salg,150,7333,4,1972,-8%
530,Rækkehus,Lysningen 50,7190, Billund,1350000 ,07-11-2021,Alm. Salg,86,15698,3,1988,
530,Villa,Håndværkervej 10,6623, Vorbasse,2200000 ,07-11-2021,Alm. Salg,188,11702,7,2001,
530,Rækkehus,Banevej 2,7200, Grindsted,1360000 ,06-11-2021,Fam. Salg,104,13077,3,1922,
530,Villa,Vibes Alle 21,7200, Grindsted,1035000 ,04-11-2021,Alm. Salg,103,10049,4,1945,-5%
530,Villa,Stadionvej 4A,6623, Vorbasse,1595000 ,04-11-2021,Alm. Salg,163,9785,3,1974,-20%
530,Villa,Grønnegade 1,6623, Vorbasse,1265000 ,03-11-2021,Alm. Salg,146,8664,5,1949,
530,Villa,Flintemarken 42,7190, Billund,2050000 ,03-11-2021,Alm. Salg,140,14643,5,1987,-2%
530,Ejerlejlighed,"Nørre Torv 4, 4. 1",7200, Grindsted,2000000 ,02-11-2021,Fam. Salg,156,12821,4,2011,
530,Villa,Brombærvej 14,7200, Grindsted,1617000 ,02-11-2021,Alm. Salg,150,10780,4,1970,0%
530,Villa,Krogen 13,7200, Grindsted,1700000 ,30-10-2021,Alm. Salg,121,14050,4,1961,
530,Villa,Østergade 13,7200, Grindsted,900000 ,28-10-2021,Alm. Salg,94,9574,3,1951,-3%
530,Villa,Rosenvej 13,7200, Grindsted,960000 ,28-10-2021,Alm. Salg,119,8067,4,1980,-4%
530,Villa,Østerbyvej 7,7190, Billund,1173716 ,27-10-2021,Alm. Salg,138,8505,3,1979,
530,Villa,Solsortvej 16,7200, Grindsted,910000 ,26-10-2021,Alm. Salg,106,8585,4,1956,2%
530,Villa,Fyrrevænget 316,7190, Billund,2500000 ,26-10-2021,Alm. Salg,189,13228,5,1973,-4%
530,Villa,Ribersvej 70,7200, Grindsted,1375000 ,25-10-2021,Alm. Salg,169,8136,6,1979,
530,Villa,Åglimt 31,7200, Grindsted,1800000 ,25-10-2021,Fam. Salg,233,7725,5,1984,
530,Villa,Jernbanegade 12B,7200, Grindsted,1000000 ,24-10-2021,Fam. Salg,123,8130,5,1923,
530,Villa,Daltoften 35,7200, Grindsted,1400000 ,20-10-2021,Alm. Salg,127,11024,5,1977,2%
530,Villa,Vestervang 22,7190, Billund,2375000 ,20-10-2021,Alm. Salg,149,15940,5,1987,
530,Villa,Huginsvej 3,7200, Grindsted,700000 ,20-10-2021,Fam. Salg,238,2941,9,1965,
530,Villa,Gammel Bøvlvej 14,7260, Sønder Omme,800000 ,19-10-2021,Alm. Salg,144,5556,4,1929,
530,Villa,Mølleparken 304,7190, Billund,1537500 ,19-10-2021,Alm. Salg,119,12920,5,1981,-4%
530,Villa,Primulavej 21,7200, Grindsted,1100000 ,19-10-2021,Alm. Salg,141,7801,5,1968,
530,Villa,Grønningen 40,7190, Billund,2200000 ,18-10-2021,Alm. Salg,146,15068,6,1998,3%
530,Villa,Egevænget 107,7190, Billund,1245000 ,18-10-2021,Alm. Salg,109,11422,3,1972,
530,Villa,Gammel Vejlevej 32,7200, Grindsted,550000 ,17-10-2021,Alm. Salg,78,7051,3,1962,-8%
530,Villa,Drosselvej 7,6623, Vorbasse,822500 ,15-10-2021,Alm. Salg,137,6004,5,1979,-8%
530,Villa,Kærvej 131,7190, Billund,2375000 ,14-10-2021,Alm. Salg,212,11203,9,1973,-5%
530,Villa,Lærkevang 3,7200, Grindsted,1375000 ,14-10-2021,Alm. Salg,99,13889,3,1964,
530,Villa,Lupinvænget 38,7200, Grindsted,1140000 ,13-10-2021,Alm. Salg,130,8769,4,1963,-2%
530,Villa,Nyvej 23,7250, Hejnsvig,1310000 ,10-10-2021,Alm. Salg,152,8618,6,1967,-3%
530,Villa,Sønderkær 264,7190, Billund,2725000 ,07-10-2021,Alm. Salg,238,11450,7,1977,-1%
530,Villa,Mølleparken 133,7190, Billund,2295000 ,07-10-2021,Alm. Salg,176,13040,4,1977,
530,Rækkehus,Banegårdsvej 7,7200, Grindsted,1225000 ,06-10-2021,Alm. Salg,108,11343,4,1985,-2%
530,Villa,Bredgade 46,7250, Hejnsvig,1000000 ,06-10-2021,Andet,145,6897,6,1924,-4%
530,Villa,Tjørnevej 4,7200, Grindsted,1575000 ,06-10-2021,Alm. Salg,146,10788,5,1965,-1%
530,Villa,Lillevang 70,7190, Billund,4850000 ,06-10-2021,Alm. Salg,345,14058,8,2008,
530,Rækkehus,"Skolegade 19, st",7200, Grindsted,550000 ,05-10-2021,Alm. Salg,77,7143,4,1927,
530,Villa,Finlandsvej 14,7200, Grindsted,2120000 ,05-10-2021,Alm. Salg,187,11337,5,1969,-3%
530,Villa,Skolegade 25,7200, Grindsted,600000 ,05-10-2021,Alm. Salg,116,5172,3,1914,-14%
530,Villa,Hørlycks Alle 12A,7200, Grindsted,830000 ,05-10-2021,Alm. Salg,154,5390,4,1932,-7%
530,Villa,Nørager 5,7260, Sønder Omme,400000 ,05-10-2021,Fam. Salg,140,2857,6,1979,
530,Villa,Stadion Alle 18,7260, Sønder Omme,710000 ,05-10-2021,Alm. Salg,108,6574,5,1920,-5%
530,Villa,Gammel Hejnsvigvej 10,7190, Billund,1525000 ,30-09-2021,Alm. Salg,105,14524,3,1968,
530,Villa,Samsøvej 1,7200, Grindsted,1200000 ,29-09-2021,Alm. Salg,174,6897,6,1968,-4%
530,Villa,Frederiksberg Alle 6,7200, Grindsted,1325000 ,29-09-2021,Alm. Salg,125,10600,5,1913,-5%
530,Villa,Klinkvej 48,6623, Vorbasse,775000 ,28-09-2021,Fam. Salg,149,5201,5,2004,
530,Rækkehus,Krogagervej 48,7200, Grindsted,700000 ,27-09-2021,Alm. Salg,99,7071,4,1957,
530,Villa,Sjælsøvej 4,7200, Grindsted,1850000 ,27-09-2021,Alm. Salg,201,9204,8,1974,-6%
530,Villa,Grindstedvej 54,7260, Sønder Omme,1450000 ,27-09-2021,Alm. Salg,189,7672,5,1937,-3%
530,Villa,Solvej 6,7200, Grindsted,950000 ,23-09-2021,Alm. Salg,168,5655,6,1919,-13%
530,Villa,Skolegade 27,7200, Grindsted,600000 ,23-09-2021,Alm. Salg,169,3550,4,1926,-14%
530,Rækkehus,Dalsøvej 161B,7200, Grindsted,900000 ,22-09-2021,Alm. Salg,82,10976,3,1985,-2%
530,Villa,Åhavevej 54,7200, Grindsted,1600000 ,22-09-2021,Alm. Salg,139,11511,4,1962,
530,Villa,Nørrebyvej 5,6623, Vorbasse,1325000 ,21-09-2021,Alm. Salg,182,7280,10,1964,-4%
530,Villa,Glentevej 17,7200, Grindsted,1671500 ,21-09-2021,Alm. Salg,114,14662,4,1960,2%
530,Villa,Lyngvej 8,7200, Grindsted,1460000 ,20-09-2021,Alm. Salg,108,13519,4,1967,
530,Villa,Nollundvej 154,7200, Grindsted,3275000 ,20-09-2021,Alm. Salg,207,15821,7,2010,-4%
530,Rækkehus,Sønderkær 427A,7190, Billund,600000 ,19-09-2021,Andet,77,7792,3,1986,
530,Rækkehus,Lysningen 42,7190, Billund,1235000 ,19-09-2021,Alm. Salg,89,13876,3,1988,
530,Villa,Bredgade 65,7250, Hejnsvig,780000 ,16-09-2021,Alm. Salg,178,4382,7,1916,
530,Villa,Sønderkær 148,7190, Billund,1745000 ,16-09-2021,Alm. Salg,143,12203,5,1976,
530,Villa,Håndværkervej 1,6623, Vorbasse,800000 ,16-09-2021,Andet,197,4061,6,1980,
530,Villa,Kirkehusvej 7,7200, Grindsted,150000 ,16-09-2021,Alm. Salg,161,932,5,2022,
530,Villa,Kløvervænget 3,7200, Grindsted,400000 ,16-09-2021,Alm. Salg,97,4124,4,1963,
530,Villa,Fasanvej 13,7190, Billund,1295000 ,15-09-2021,Alm. Salg,121,10702,5,1960,2%
530,Villa,Møllestien 2,7200, Grindsted,1125000 ,14-09-2021,Alm. Salg,138,8152,4,1920,-6%
530,Villa,Farvergade 3,7260, Sønder Omme,480000 ,12-09-2021,Fam. Salg,72,6667,3,1954,
530,Villa,Daltoften 45,7200, Grindsted,1500000 ,12-09-2021,Alm. Salg,162,9259,5,1977,-3%
530,Villa,Højene 3,7250, Hejnsvig,290000 ,12-09-2021,Alm. Salg,128,2266,3,1970,
530,Villa,Rugvænget 23,7200, Grindsted,1250000 ,12-09-2021,Alm. Salg,104,12019,4,1962,-9%
530,Villa,Sommerfuglen 4,7190, Billund,766000 ,12-09-2021,Alm. Salg,156,4910,6,2022,
530,Villa,Flintemarken 87,7190, Billund,1960000 ,10-09-2021,Alm. Salg,130,15077,6,1988,3%
530,Villa,Søndervold 135,7200, Grindsted,1081571 ,07-09-2021,Fam. Salg,149,7259,5,2004,
530,Villa,Østervænget 38,6623, Vorbasse,950000 ,06-09-2021,Alm. Salg,132,7197,5,1980,
530,Villa,Toften 23,7190, Billund,1950000 ,06-09-2021,Alm. Salg,129,15116,4,1967,-2%
530,Villa,Elmevangen 3,7200, Grindsted,750000 ,05-09-2021,Alm. Salg,99,7576,3,1960,
530,Villa,Vinkelvej 8,7250, Hejnsvig,475000 ,02-09-2021,Alm. Salg,107,4439,4,1957,-11%
530,Villa,Toften 12,7200, Grindsted,1200000 ,02-09-2021,Alm. Salg,172,6977,7,1980,
530,Villa,Nørrevej 31,7200, Grindsted,762410 ,31-08-2021,Alm. Salg,102,7475,3,1986,
530,Villa,Pilevej 2,7200, Grindsted,855625 ,31-08-2021,Alm. Salg,96,8913,3,1962,
530,Rækkehus,Sydtoften 141,7200, Grindsted,1051900 ,30-08-2021,Alm. Salg,86,12231,3,1984,
530,Villa,Finlandsvej 13,7200, Grindsted,1200000 ,30-08-2021,Fam. Salg,173,6936,6,1968,
530,Villa,Bøgevangen 4,7200, Grindsted,2630000 ,30-08-2021,Alm. Salg,183,14372,5,1959,-2%
530,Villa,Nyvej 13,7250, Hejnsvig,500000 ,30-08-2021,Alm. Salg,93,5376,2,1940,
530,Villa,Blåbærvej 8,7200, Grindsted,1300000 ,30-08-2021,Alm. Salg,146,8904,6,1967,-3%
530,Villa,Søndervang 6,7200, Grindsted,1370000 ,29-08-2021,Alm. Salg,128,10703,4,1959,-7%
530,Villa,Fynsgade 27,7200, Grindsted,342570 ,29-08-2021,Fam. Salg,123,2785,4,1959,
530,Villa,Dalsøvej 60,7200, Grindsted,2100000 ,28-08-2021,Alm. Salg,185,11351,6,1977,
530,Villa,Hybenvej 7,7200, Grindsted,1850000 ,28-08-2021,Alm. Salg,150,12333,5,1967,
530,Villa,Lillevang 98,7190, Billund,3255000 ,25-08-2021,Alm. Salg,201,16194,5,2008,3%
530,Villa,Søllingdalvej 56,7250, Hejnsvig,1140000 ,24-08-2021,Alm. Salg,133,8571,6,1977,4%
530,Villa,Egebjerg Landevej 88,7250, Hejnsvig,500000 ,24-08-2021,Alm. Salg,146,3425,5,1930,
530,Villa,Grønvang 12,7260, Sønder Omme,1200000 ,23-08-2021,Alm. Salg,244,4918,7,1968,-4%
530,Villa,Nørreled 35,7200, Grindsted,1180000 ,23-08-2021,Alm. Salg,128,9219,4,1953,-1%
530,Villa,Storegade 20,7200, Grindsted,385000 ,22-08-2021,Alm. Salg,87,4425,3,1947,-9%
530,Villa,Søndergade 37,6623, Vorbasse,500000 ,22-08-2021,Alm. Salg,89,5618,2,1960,
530,Villa,Sønderkær 107,7190, Billund,1795000 ,22-08-2021,Alm. Salg,130,13808,4,1977,
530,Villa,Primulavej 15,7200, Grindsted,1475000 ,22-08-2021,Alm. Salg,213,6925,4,1964,-1%
530,Villa,Dalsvinget 53,7200, Grindsted,1505000 ,18-08-2021,Alm. Salg,136,11066,5,1977,1%
530,Villa,Stenvej 20,7200, Grindsted,1175000 ,17-08-2021,Alm. Salg,139,8453,5,1959,-2%
530,Villa,Sønderkær 175,7190, Billund,1510000 ,17-08-2021,Alm. Salg,141,10709,5,1977,-4%
530,Villa,Mølleparken 141,7190, Billund,1850000 ,16-08-2021,Alm. Salg,155,11935,5,1976,
530,Villa,Ribe Landevej 50,7250, Hejnsvig,900000 ,16-08-2021,Alm. Salg,132,6818,3,1954,
530,Villa,Nebelvej 17,6623, Vorbasse,635000 ,13-08-2021,Alm. Salg,108,5880,4,1952,
530,Villa,Søndervang 12,7200, Grindsted,1020000 ,12-08-2021,Alm. Salg,109,9358,4,1958,-7%
530,Villa,Dalsøvej 59,7200, Grindsted,1110000 ,10-08-2021,Alm. Salg,97,11443,4,1976,-2%
530,Rækkehus,Søndre Boulevard 395,7200, Grindsted,1100000 ,09-08-2021,Alm. Salg,81,13580,3,1987,
530,Villa,Pilealle 9,7200, Grindsted,600000 ,05-08-2021,Alm. Salg,127,4724,4,1964,-7%
530,Villa,Langagervej 1,7190, Billund,510800 ,04-08-2021,Alm. Salg,102,5008,3,1980,
530,Villa,J P Jensens Vej 23,7200, Grindsted,1200000 ,04-08-2021,Alm. Salg,99,12121,4,1959,
530,Villa,Nørhedevej 8,7200, Grindsted,1835000 ,03-08-2021,Alm. Salg,155,11839,6,1976,
530,Villa,Østerbrogade 3,7200, Grindsted,1837000 ,03-08-2021,Alm. Salg,140,13121,7,1946,0%
530,Villa,Dalbo 54,7200, Grindsted,1450000 ,02-08-2021,Alm. Salg,112,12946,4,1979,
530,Villa,Rødsøvej 6,7200, Grindsted,549500 ,02-08-2021,Alm. Salg,128,4293,4,1973,
530,Villa,Jernbanegade 23,7200, Grindsted,3395000 ,28-07-2021,Alm. Salg,268,10676,12,1934,
530,Villa,Havnevej 2,6623, Vorbasse,1095000 ,28-07-2021,Alm. Salg,150,7300,4,1902,
530,Villa,Dalsvinget 54,7200, Grindsted,1425000 ,28-07-2021,Alm. Salg,128,11133,4,1977,-2%
530,Rækkehus,Søndervold 115,7200, Grindsted,1735000 ,27-07-2021,Alm. Salg,110,15773,3,2007,-1%
530,Villa,Plougslundvej 123,7190, Billund,1895000 ,27-07-2021,Alm. Salg,198,9571,5,1973,
530,Villa,Birkevej 2,6623, Vorbasse,695000 ,22-07-2021,Alm. Salg,138,5036,5,1972,
530,Villa,Systemvej 21,7190, Billund,1495000 ,20-07-2021,Alm. Salg,115,13000,3,1959,
530,Ejerlejlighed,"Grønningen 5, st. tv",7200, Grindsted,257500 ,19-07-2021,Fam. Salg,76,3388,2,1967,
530,Villa,Sydtoften 37,7200, Grindsted,2195000 ,19-07-2021,Alm. Salg,161,13634,5,1981,
530,Villa,Sønderkær 248,7190, Billund,2195000 ,18-07-2021,Alm. Salg,172,12762,5,1978,
530,Villa,Arresøvej 5,7200, Grindsted,1370000 ,17-07-2021,Alm. Salg,137,10000,5,1973,
530,Villa,Søndervold 331,7200, Grindsted,2540000 ,15-07-2021,Alm. Salg,179,14190,5,1996,-2%
530,Villa,Hovedgaden 69,7260, Sønder Omme,256582 ,14-07-2021,Fam. Salg,67,3830,2,1947,
530,Villa,Vinkelvej 2,7250, Hejnsvig,650000 ,12-07-2021,Alm. Salg,81,8025,3,1947,-4%
530,Villa,Stationsvej 9,7200, Grindsted,1295000 ,11-07-2021,Alm. Salg,116,11164,5,1963,
530,Villa,Dalbo 20,7200, Grindsted,1100000 ,10-07-2021,Alm. Salg,113,9735,4,1978,-4%
530,Villa,Bredgade 93,7250, Hejnsvig,385000 ,09-07-2021,Alm. Salg,117,3291,4,1950,-3%
530,Villa,Læsøvej 13,7200, Grindsted,1600000 ,08-07-2021,Alm. Salg,164,9756,5,1969,-4%
530,Villa,Sønderkær 208,7190, Billund,1895000 ,08-07-2021,Alm. Salg,158,11994,5,1977,
530,Villa,Sjællandsgade 2,7200, Grindsted,1800000 ,06-07-2021,Alm. Salg,222,8108,5,0,
530,Villa,Sønderbro 11,7260, Sønder Omme,1575000 ,06-07-2021,Alm. Salg,265,5431,5,1928,-10%
530,Villa,Sønderkær 285,7190, Billund,2195000 ,05-07-2021,Alm. Salg,172,12762,6,1979,
530,Villa,Kærvej 403,7190, Billund,2145000 ,05-07-2021,Alm. Salg,188,11410,5,1973,
530,Villa,Sønderbro 10,7260, Sønder Omme,2595000 ,05-07-2021,Alm. Salg,162,14417,7,1865,
530,Villa,Sønderkær 393,7190, Billund,735451 ,04-07-2021,Andet,130,5657,5,1985,
530,Villa,Lupinvænget 18,7200, Grindsted,825000 ,01-07-2021,Alm. Salg,142,5810,4,1963,-3%
530,Villa,Rømøvej 5,7200, Grindsted,787500 ,01-07-2021,Andet,149,5285,6,1970,
530,Villa,Møllegade 4,6623, Vorbasse,880000 ,30-06-2021,Alm. Salg,96,9167,4,2000,
530,Villa,Vestervej 2,7200, Grindsted,565000 ,29-06-2021,Alm. Salg,112,5045,4,1930,
530,Villa,Kærvej 207,7190, Billund,1775000 ,27-06-2021,Alm. Salg,153,11601,5,1972,-1%
530,Villa,Mariehønen 1,7190, Billund,762000 ,27-06-2021,Alm. Salg,172,4430,6,2022,
530,Villa,Tingstedet 35,7190, Billund,2625000 ,24-06-2021,Alm. Salg,161,16304,6,1994,-1%
530,Villa,Søndervold 301,7200, Grindsted,486338 ,24-06-2021,Andet,161,3021,5,1995,
530,Villa,Østre Alle 2,7200, Grindsted,538000 ,22-06-2021,Alm. Salg,103,5223,4,1935,-10%
530,Villa,Fittingvej 30,6623, Vorbasse,995000 ,22-06-2021,Alm. Salg,125,7960,3,1924,
530,Villa,Dalsøvej 75,7200, Grindsted,1245000 ,21-06-2021,Alm. Salg,140,8893,5,1976,-2%
530,Villa,Morsbølvej 98,7200, Grindsted,2700000 ,20-06-2021,Alm. Salg,181,14917,5,1970,-5%
530,Villa,Fittingvej 15,6623, Vorbasse,940000 ,20-06-2021,Alm. Salg,193,4870,6,1897,-6%
530,Villa,Morsbøl Søvej 136,7200, Grindsted,488000 ,20-06-2021,Alm. Salg,170,2871,7,2022,
530,Villa,Morsbøl Søvej 148,7200, Grindsted,465000 ,17-06-2021,Alm. Salg,210,2214,6,2022,
530,Villa,Engdraget 4,7190, Billund,2385000 ,16-06-2021,Alm. Salg,195,12231,7,1986,-3%
530,Villa,Pilealle 17,7200, Grindsted,940000 ,16-06-2021,Alm. Salg,158,5949,5,1978,
530,Villa,Nebelvej 48,6623, Vorbasse,1275000 ,16-06-2021,Alm. Salg,248,5141,8,1898,
530,Rækkehus,Jørgen Glavinds Vej 44,7200, Grindsted,395000 ,15-06-2021,Fam. Salg,95,4158,4,1955,
530,Villa,Granvej 1,7200, Grindsted,1235000 ,14-06-2021,Alm. Salg,132,9356,4,1925,-3%
530,Villa,Søndervænget 6,6623, Vorbasse,1200000 ,14-06-2021,Alm. Salg,119,10084,4,1989,
530,Villa,Bygvænget 14,7200, Grindsted,1075000 ,12-06-2021,Alm. Salg,124,8669,5,1963,-6%
530,Villa,Egevænget 309,7190, Billund,1940000 ,10-06-2021,Alm. Salg,146,13288,5,1972,
530,Villa,Skjoldbjergvej 6A,6623, Vorbasse,745000 ,10-06-2021,Alm. Salg,142,5246,5,1877,
530,Villa,Toftegårdsvej 2,7200, Grindsted,2195000 ,10-06-2021,Alm. Salg,200,10975,5,2007,
530,Villa,Engvangen 35,7200, Grindsted,180000 ,10-06-2021,Alm. Salg,64,2813,3,1942,-10%
530,Villa,Søndervænget 4,6623, Vorbasse,1075000 ,10-06-2021,Alm. Salg,110,9773,4,1989,
530,Villa,Sønderkær 238,7190, Billund,2460000 ,09-06-2021,Alm. Salg,155,15871,5,1978,-1%
530,Villa,Engebækgårdvej 54,7260, Sønder Omme,398000 ,08-06-2021,Alm. Salg,103,3864,4,1940,
530,Villa,Sverrigsvej 1,7200, Grindsted,1481000 ,08-06-2021,Alm. Salg,144,10285,5,1969,-1%
530,Rækkehus,Grønningen 32,7190, Billund,1145000 ,07-06-2021,Alm. Salg,71,16127,2,1988,
530,Villa,Søndervold 230,7200, Grindsted,2645000 ,07-06-2021,Alm. Salg,180,14694,6,1999,-2%
530,Villa,Morsbøl Søvej 162,7200, Grindsted,501002 ,07-06-2021,Alm. Salg,176,2847,6,2022,
530,Villa,Mølleparken 217,7190, Billund,1995000 ,06-06-2021,Alm. Salg,170,11735,5,1976,5%
530,Villa,Langagervej 1,7190, Billund,480000 ,03-06-2021,Fam. Salg,102,4706,3,1980,
530,Villa,Jernbanegade 15,7200, Grindsted,2945000 ,03-06-2021,Alm. Salg,232,12694,7,1929,
530,Villa,Bøgevangen 3,7200, Grindsted,1445000 ,03-06-2021,Alm. Salg,141,10248,6,1959,
530,Villa,Møllegrunden 5,7260, Sønder Omme,202500 ,03-06-2021,Alm. Salg,190,1066,7,0,
530,Villa,Holdgårdsvej 8,7260, Sønder Omme,1495000 ,02-06-2021,Alm. Salg,146,10240,5,1972,
530,Villa,Aakjærsvej 13,7200, Grindsted,975000 ,02-06-2021,Alm. Salg,105,9286,5,1950,-2%
530,Villa,Åbakkevej 1,7200, Grindsted,1750000 ,01-06-2021,Alm. Salg,171,10234,5,1984,-3%
530,Villa,Bygvænget 26,7200, Grindsted,1065000 ,01-06-2021,Alm. Salg,91,11703,4,1962,-3%
530,Rækkehus,Søndervold 10,7200, Grindsted,1510000 ,31-05-2021,Alm. Salg,115,13130,5,1992,-2%
530,Villa,Solsortvej 9,7190, Billund,1495000 ,31-05-2021,Alm. Salg,132,11326,6,1960,
530,Villa,Hovborgvej 17,6623, Vorbasse,2000000 ,31-05-2021,Alm. Salg,227,8811,10,1934,
530,Villa,Mariehønen 11,7190, Billund,690000 ,31-05-2021,Alm. Salg,200,3450,7,2022,
530,Villa,Klodhøjvej 5,7250, Hejnsvig,495000 ,30-05-2021,Alm. Salg,127,3898,4,1949,
530,Villa,Søndre Boulevard 307,7200, Grindsted,1147500 ,30-05-2021,Fam. Salg,143,8024,5,1988,
530,Villa,Mariehønen 9,7190, Billund,752000 ,30-05-2021,Alm. Salg,225,3342,7,2022,
530,Villa,Nollundvej 189,7200, Grindsted,2200000 ,25-05-2021,Alm. Salg,207,10628,7,1924,0%
530,Villa,Havrevænget 21,7200, Grindsted,576000 ,24-05-2021,Alm. Salg,79,7291,3,1962,-3%
530,Villa,Skjoldbjergvej 35B,6623, Vorbasse,2350000 ,24-05-2021,Alm. Salg,176,13352,5,2001,-2%
530,Villa,Engvej 23,7200, Grindsted,1895000 ,21-05-2021,Alm. Salg,179,10587,6,1968,
530,Villa,Bygvænget 7,7200, Grindsted,1150000 ,20-05-2021,Alm. Salg,154,7468,7,1963,-4%
530,Villa,Stakrogevej 14,7260, Sønder Omme,600000 ,20-05-2021,Fam. Salg,183,3279,6,1962,
530,Villa,Aakjærsvej 7,7200, Grindsted,1100000 ,20-05-2021,Alm. Salg,101,10891,3,1946,-4%
530,Villa,Gyvelvej 10,7200, Grindsted,935000 ,19-05-2021,Alm. Salg,73,12808,4,1960,-6%
530,Villa,Tingstedet 90,7190, Billund,2535000 ,19-05-2021,Alm. Salg,166,15271,6,1996,-1%
530,Villa,Toften 22,7200, Grindsted,1450000 ,19-05-2021,Alm. Salg,169,8580,5,1973,
530,Villa,Krarupvej 4,7200, Grindsted,1330000 ,19-05-2021,Alm. Salg,143,9301,4,1953,-5%
530,Villa,Egevænget 404,7190, Billund,1815000 ,18-05-2021,Alm. Salg,120,15125,4,1972,
530,Villa,Østre Alle 16,7200, Grindsted,1200000 ,18-05-2021,Alm. Salg,105,11429,4,1932,-7%
530,Villa,Søndervold 246,7200, Grindsted,2919000 ,18-05-2021,Alm. Salg,220,13268,6,2005,-1%
530,Villa,Bøvlvej 77,7260, Sønder Omme,1250000 ,18-05-2021,Alm. Salg,191,6545,6,1900,5%
530,Villa,Skolegyden 3,7200, Grindsted,930000 ,17-05-2021,Alm. Salg,106,8774,3,1954,-2%
530,Villa,Grønnegade 8A,6623, Vorbasse,900000 ,17-05-2021,Alm. Salg,112,8036,3,1998,-10%
530,Villa,Møllegrunden 16,7260, Sønder Omme,240000 ,15-05-2021,Alm. Salg,152,1579,6,2021,
530,Villa,Vestergade 91,7200, Grindsted,1745000 ,13-05-2021,Alm. Salg,164,10640,6,1947,6%
530,Villa,Sydtoften 9,7200, Grindsted,1645000 ,12-05-2021,Alm. Salg,158,10411,6,1983,-6%
530,Villa,Søndervold 333,7200, Grindsted,2225000 ,11-05-2021,Alm. Salg,150,14833,5,1995,-1%
530,Villa,Gl. Grenevej 2,6623, Vorbasse,1595000 ,10-05-2021,Alm. Salg,307,5195,9,1901,
530,Villa,Mølleparken 328,7190, Billund,1600000 ,09-05-2021,Alm. Salg,134,11940,4,1981,2%
530,Villa,Daltoften 39,7200, Grindsted,1385000 ,07-05-2021,Alm. Salg,143,9685,5,1977,-3%
530,Villa,Grindsted Landevej 8,7200, Grindsted,465000 ,06-05-2021,Alm. Salg,86,5407,4,1952,-6%
530,Villa,Søndermarksvej 405,7190, Billund,1595000 ,06-05-2021,Alm. Salg,137,11642,5,1971,
530,Villa,Tranebærvej 9,7200, Grindsted,850000 ,04-05-2021,Alm. Salg,133,6391,5,1966,
530,Villa,Tranebærvej 20,7200, Grindsted,1600000 ,04-05-2021,Alm. Salg,160,10000,6,1966,-3%
530,Villa,Tranebærvej 9,7200, Grindsted,840000 ,02-05-2021,Alm. Salg,133,6316,5,1966,
530,Villa,Mølleparken 274,7190, Billund,1995000 ,02-05-2021,Alm. Salg,165,12091,5,1975,8%
530,Villa,Morsbøl Søvej 164,7200, Grindsted,480000 ,02-05-2021,Alm. Salg,173,2775,5,2022,
530,Villa,Søndergade 4,6623, Vorbasse,1150000 ,28-04-2021,Alm. Salg,139,8273,4,1934,-4%
530,Villa,Blichersvej 7,7200, Grindsted,790000 ,28-04-2021,Fam. Salg,77,10260,3,1952,
530,Villa,Juellingsholmsvej 24,7200, Grindsted,2510000 ,27-04-2021,Alm. Salg,263,9544,8,1951,1%
530,Villa,Bygvænget 37,7200, Grindsted,1895000 ,27-04-2021,Alm. Salg,184,10299,7,1963,
530,Villa,Solvej 5,7190, Billund,1310000 ,27-04-2021,Alm. Salg,98,13367,4,1937,1%
530,Villa,Møllegrunden 8,7260, Sønder Omme,220500 ,25-04-2021,Alm. Salg,162,1361,6,2023,
530,Rækkehus,Markskellet 49,7190, Billund,1200000 ,24-04-2021,Alm. Salg,98,12245,4,1988,
530,Villa,Lærkevej 13,7190, Billund,667296 ,24-04-2021,Fam. Salg,162,4119,5,1962,
530,Villa,Krohaven 1,7200, Grindsted,2300000 ,24-04-2021,Alm. Salg,209,11005,6,2008,5%
530,Villa,Fromssejervej 7,6623, Vorbasse,795000 ,22-04-2021,Alm. Salg,104,7644,4,1965,
530,Villa,Åhavevej 6,7200, Grindsted,1000000 ,22-04-2021,Alm. Salg,170,5882,7,1973,-4%
530,Villa,Læsøvej 18,7200, Grindsted,1270000 ,22-04-2021,Alm. Salg,153,8301,6,1969,
530,Villa,Engsøvænget 9,7200, Grindsted,475000 ,21-04-2021,Alm. Salg,164,2896,5,2022,
530,Villa,Sydtoften 29,7200, Grindsted,2195000 ,20-04-2021,Alm. Salg,177,12401,6,1980,
530,Villa,Hørlycks Alle 26,7200, Grindsted,600000 ,19-04-2021,Alm. Salg,96,6250,4,1948,-14%
530,Villa,Mandøvej 6,7200, Grindsted,1345000 ,18-04-2021,Alm. Salg,143,9406,5,1971,-4%
530,Villa,Fyrrevænget 116,7190, Billund,731210 ,15-04-2021,Fam. Salg,123,4941,4,1969,
530,Villa,Engsøvænget 13,7200, Grindsted,475000 ,15-04-2021,Alm. Salg,182,2610,6,2022,
530,Villa,Norgesvej 1,7200, Grindsted,1320000 ,13-04-2021,Alm. Salg,118,11186,5,1971,-2%
530,Villa,Morsbøl Søvej 156,7200, Grindsted,480000 ,13-04-2021,Alm. Salg,187,2567,6,2022,
530,Villa,Vesterled 14,7260, Sønder Omme,575000 ,12-04-2021,Alm. Salg,108,5324,4,1963,-3%
530,Villa,Birkevangen 2,7200, Grindsted,1515000 ,11-04-2021,Alm. Salg,115,13174,4,1960,1%
530,Villa,Søllingdalvej 40,7250, Hejnsvig,1100000 ,11-04-2021,Alm. Salg,169,6509,6,1975,0%
530,Villa,Vibes Alle 3,7200, Grindsted,875000 ,07-04-2021,Alm. Salg,152,5757,5,1934,
530,Villa,Toften 43,7190, Billund,2400000 ,07-04-2021,Alm. Salg,215,11163,10,1970,-4%
530,Villa,Lindevej 36,7200, Grindsted,2268000 ,07-04-2021,Alm. Salg,334,6790,6,1990,8%
530,Villa,Gl. Grenevej 1,6623, Vorbasse,1100000 ,06-04-2021,Alm. Salg,214,5140,5,1968,
530,Villa,Langgade 18,7250, Hejnsvig,250000 ,01-04-2021,Alm. Salg,77,3247,3,1952,
530,Villa,Ole Kirks Vej 10,7190, Billund,600000 ,31-03-2021,Andet,170,3529,6,1951,
530,Villa,Tingstedet 73,7190, Billund,3350000 ,30-03-2021,Alm. Salg,227,14758,9,1997,-1%
530,Villa,Søgårdvej 37,7250, Hejnsvig,920000 ,30-03-2021,Fam. Salg,144,6389,5,1978,
530,Rækkehus,Markskellet 17,7190, Billund,1100000 ,29-03-2021,Alm. Salg,81,13580,3,1988,
530,Villa,Norgesvej 20,7200, Grindsted,1895000 ,29-03-2021,Alm. Salg,190,9974,6,1972,
530,Villa,Smedegade 11,7260, Sønder Omme,338414 ,29-03-2021,Andet,114,2969,4,1973,
530,Villa,Mølleparken 366,7190, Billund,2160000 ,28-03-2021,Alm. Salg,162,13333,6,1982,-2%
530,Villa,Nyvej 2B,7250, Hejnsvig,365000 ,27-03-2021,Alm. Salg,117,3120,3,1973,
530,Villa,Dalsøvej 29,7200, Grindsted,1695000 ,27-03-2021,Alm. Salg,192,8828,7,1976,
530,Rækkehus,Søndre Boulevard 385,7200, Grindsted,1065000 ,24-03-2021,Alm. Salg,81,13148,3,1987,
530,Villa,Drivvejen 2,6623, Vorbasse,1275000 ,24-03-2021,Alm. Salg,130,9808,5,1977,-6%
530,Ejerlejlighed,"Grønningen 15, 1. th",7200, Grindsted,660000 ,22-03-2021,Alm. Salg,88,7500,3,1968,
530,Villa,Almstokvej 2,7190, Billund,595000 ,22-03-2021,Alm. Salg,130,4577,4,1973,
530,Villa,Sønderkær 389,7190, Billund,2200000 ,22-03-2021,Alm. Salg,185,11892,6,1987,-2%
530,Villa,Solsortvej 5,7190, Billund,1150000 ,21-03-2021,Alm. Salg,117,9829,4,1964,
530,Villa,Fittingvej 17,6623, Vorbasse,50000 ,18-03-2021,Alm. Salg,120,417,5,1948,
530,Villa,Glentevej 19,7200, Grindsted,825000 ,18-03-2021,Fam. Salg,122,6762,4,1959,
530,Villa,Morsbøl Søvej 168,7200, Grindsted,480000 ,18-03-2021,Alm. Salg,159,3019,5,2022,
530,Villa,Grønningen 38,7190, Billund,1720000 ,17-03-2021,Alm. Salg,118,14576,5,1997,-1%
530,Villa,Finlandsvej 2,7200, Grindsted,1695000 ,16-03-2021,Alm. Salg,163,10399,6,1969,
530,Villa,Pilealle 5,7200, Grindsted,1000000 ,16-03-2021,Fam. Salg,134,7463,5,1963,
530,Villa,Vesterled 1,7260, Sønder Omme,785000 ,16-03-2021,Alm. Salg,76,10329,3,1952,-1%
530,Villa,Rahbæksparken 446,7260, Sønder Omme,1225000 ,16-03-2021,Alm. Salg,140,8750,5,2021,
530,Villa,Lupinvænget 24,7200, Grindsted,1050000 ,15-03-2021,Fam. Salg,94,11170,3,1963,
530,Villa,Markskellet 47,7190, Billund,1500000 ,14-03-2021,Alm. Salg,108,13889,5,1988,-6%
530,Villa,Hyldestien 226,7190, Billund,1847000 ,14-03-2021,Alm. Salg,112,16491,4,2008,-3%
530,Villa,Gøglervej 5,6623, Vorbasse,322500 ,14-03-2021,Alm. Salg,199,1621,7,2022,
530,Rækkehus,Vestre Boulevard 2,7200, Grindsted,1040000 ,13-03-2021,Alm. Salg,81,12840,3,1938,-4%
530,Villa,Kulsøvej 6,7200, Grindsted,1575000 ,13-03-2021,Alm. Salg,152,10362,6,1975,
530,Villa,Fanøvej 2,7200, Grindsted,995000 ,11-03-2021,Alm. Salg,136,7316,5,1972,
530,Villa,Møllevænget 37,7190, Billund,2363000 ,11-03-2021,Alm. Salg,160,14769,7,1966,1%
530,Villa,Morsbølvej 111,7200, Grindsted,1083195 ,11-03-2021,Andet,182,5952,7,1966,
530,Villa,Egevangen 3,7200, Grindsted,1175000 ,10-03-2021,Alm. Salg,123,9553,6,1960,
530,Villa,Søndermarksvej 316,7190, Billund,1595000 ,09-03-2021,Alm. Salg,148,10777,5,1970,
530,Villa,Kærvej 407,7190, Billund,1975000 ,09-03-2021,Alm. Salg,157,12580,5,1973,1%
530,Villa,Engsøparken 41,7200, Grindsted,2600000 ,06-03-2021,Alm. Salg,166,15663,5,2006,-2%
530,Villa,Prærien 56,7200, Grindsted,1250000 ,04-03-2021,Alm. Salg,148,8446,4,1999,-7%
530,Villa,Nebelvej 44,6623, Vorbasse,1285000 ,03-03-2021,Alm. Salg,191,6728,3,1932,-1%
530,Villa,Primulavej 33,7200, Grindsted,769467 ,03-03-2021,Fam. Salg,139,5536,5,1964,
530,Ejerlejlighed,"Grønningen 7, 2. th",7200, Grindsted,500000 ,02-03-2021,Alm. Salg,88,5682,3,1967,
530,Villa,Tingstedet 20,7190, Billund,2705000 ,02-03-2021,Alm. Salg,167,16198,6,1994,8%
530,Villa,Nørregade 39,6623, Vorbasse,805000 ,02-03-2021,Alm. Salg,135,5963,5,1974,
530,Villa,Mølleparken 136,7190, Billund,2151000 ,02-03-2021,Alm. Salg,161,13360,5,1975,-2%
530,Rækkehus,Svinget 21,7200, Grindsted,725000 ,01-03-2021,Alm. Salg,117,6197,3,0,-9%
530,Villa,Fanøvej 6,7200, Grindsted,1350000 ,01-03-2021,Alm. Salg,134,10075,5,1970,-3%
530,Villa,Solsortvej 6,7200, Grindsted,1025000 ,28-02-2021,Alm. Salg,135,7593,4,1950,-2%
530,Villa,Enghaven 12,7260, Sønder Omme,315000 ,28-02-2021,Alm. Salg,108,2917,3,1943,
530,Ejerlejlighed,"Vesterbrogade 19, st",7200, Grindsted,1350000 ,24-02-2021,Andet,134,10075,4,1925,
530,Villa,Markskellet 75,7190, Billund,1635000 ,24-02-2021,Alm. Salg,118,13856,4,1987,-2%
530,Villa,Lillevang 47,7190, Billund,2987500 ,24-02-2021,Alm. Salg,184,16236,6,2003,
530,Villa,Hovedgaden 34,7260, Sønder Omme,435000 ,24-02-2021,Alm. Salg,263,1654,10,1954,-11%
530,Villa,Jorden Rundt 33,7200, Grindsted,2200000 ,24-02-2021,Fam. Salg,262,8397,8,1972,
530,Rækkehus,Søndervold 2,7200, Grindsted,1275000 ,23-02-2021,Alm. Salg,102,12500,4,1989,
530,Villa,Morsbøl Søvej 162,7200, Grindsted,480111 ,23-02-2021,Alm. Salg,176,2728,6,2022,
530,Villa,Morsbøl Søvej 154,7200, Grindsted,480000 ,22-02-2021,Alm. Salg,176,2727,5,2021,
530,Villa,Gammel Bøvlvej 20,7260, Sønder Omme,310000 ,21-02-2021,Fam. Salg,104,2981,4,1964,
530,Villa,Aakjærsvej 16,7200, Grindsted,140000 ,21-02-2021,Alm. Salg,107,1308,4,1946,
530,Villa,Engsøparken 23,7200, Grindsted,2600000 ,18-02-2021,Alm. Salg,212,12264,5,2000,-9%
530,Villa,Kløvervej 2A,7190, Billund,2625000 ,17-02-2021,Alm. Salg,296,8868,15,1959,-8%
530,Villa,Nygade 15,7200, Grindsted,1360000 ,17-02-2021,Alm. Salg,123,11057,5,1938,-3%
530,Villa,Bekkasinvej 19,7200, Grindsted,597500 ,17-02-2021,Alm. Salg,119,5021,4,1959,
530,Villa,Morsbøl Søvej 158,7200, Grindsted,480000 ,17-02-2021,Alm. Salg,175,2743,5,2021,
530,Villa,Engdraget 3,7200, Grindsted,1495000 ,16-02-2021,Alm. Salg,141,10603,4,1996,
530,Villa,Mariehønen 5,7190, Billund,720000 ,16-02-2021,Alm. Salg,151,4768,6,2023,
530,Villa,Kirkehusvej 28,7200, Grindsted,170000 ,16-02-2021,Alm. Salg,164,1037,5,2022,
530,Villa,Lynghedevej 5,7200, Grindsted,1545000 ,15-02-2021,Alm. Salg,140,11036,5,1975,
530,Villa,Grønvang 27,7260, Sønder Omme,900000 ,15-02-2021,Alm. Salg,157,5732,5,1966,-5%
530,Villa,Lundgårdvej 64,7250, Hejnsvig,345000 ,15-02-2021,Alm. Salg,92,3750,3,1965,
530,Villa,Egevænget 101,7190, Billund,1175000 ,15-02-2021,Alm. Salg,136,8640,4,1972,-6%
530,Villa,Engsøvænget 7,7200, Grindsted,475000 ,15-02-2021,Alm. Salg,167,2844,6,2021,
530,Villa,Holdgårdsvej 9,7260, Sønder Omme,950000 ,14-02-2021,Alm. Salg,123,7724,4,1934,-5%
530,Villa,Sommerfuglen 5,7190, Billund,721000 ,14-02-2021,Alm. Salg,183,3940,7,2021,
530,Rækkehus,Sønderkær 319,7190, Billund,1150000 ,13-02-2021,Fam. Salg,89,12921,3,1980,
530,Villa,Mandøvej 15,7200, Grindsted,1210000 ,11-02-2021,Alm. Salg,154,7857,4,1969,-7%
530,Villa,Hasselvej 2,7260, Sønder Omme,586000 ,11-02-2021,Auktion,96,6104,3,1967,-21%
530,Villa,Gammel Vejlevej 21,7200, Grindsted,881000 ,11-02-2021,Auktion,143,6161,6,1914,
530,Villa,Gammel Vejlevej 30,7200, Grindsted,425400 ,11-02-2021,Auktion,161,2642,7,1900,
530,Villa,Stakrogevej 85,7260, Sønder Omme,535000 ,11-02-2021,Alm. Salg,154,3474,4,1880,
530,Villa,Skovparken 316,7190, Billund,2530000 ,10-02-2021,Alm. Salg,182,13901,7,1972,4%
530,Rækkehus,Dalsvinget 20B,7200, Grindsted,975000 ,09-02-2021,Alm. Salg,102,9559,4,1978,1%
530,Villa,Læsøvej 5,7200, Grindsted,1325000 ,09-02-2021,Alm. Salg,162,8179,5,1968,-1%
530,Villa,Kolstrupvej 27,7200, Grindsted,260000 ,09-02-2021,Auktion,77,3377,3,1946,
530,Villa,Krarupvej 7,7200, Grindsted,587500 ,09-02-2021,Fam. Salg,113,5199,3,1963,
530,Villa,Gammel Bøvlvej 10,7260, Sønder Omme,504000 ,08-02-2021,Fam. Salg,220,2291,6,1919,
530,Villa,Skovgårdsvej 18,7200, Grindsted,811000 ,08-02-2021,Alm. Salg,138,5877,5,1946,2%
530,Villa,Fittingvej 38,6623, Vorbasse,725000 ,07-02-2021,Alm. Salg,253,1878,8,1912,-9%
530,Villa,Sønderkær 421,7190, Billund,1500000 ,06-02-2021,Alm. Salg,136,11029,4,1987,-6%
530,Villa,Ribersvej 158,7200, Grindsted,800000 ,03-02-2021,Alm. Salg,112,7143,4,1980,
530,Villa,Kobjergvej 21,7190, Billund,2750000 ,03-02-2021,Alm. Salg,200,13750,7,1932,
530,Villa,Fasanvej 3,7190, Billund,1525000 ,03-02-2021,Alm. Salg,99,15404,3,1960,
530,Villa,Søndervold 250,7200, Grindsted,2875000 ,03-02-2021,Alm. Salg,221,13009,7,1997,
530,Villa,Søllingdalvej 80,7250, Hejnsvig,1199000 ,03-02-2021,Alm. Salg,152,7888,5,1977,-7%
530,Villa,Mariehønen 13,7190, Billund,385000 ,03-02-2021,Alm. Salg,163,2362,5,2022,
530,Villa,Løvlundvej 11,7250, Hejnsvig,1100000 ,02-02-2021,Alm. Salg,117,9402,4,1967,
530,Villa,Amtsvejen 14G,7200, Grindsted,275000 ,02-02-2021,Alm. Salg,234,1175,4,2022,
530,Villa,Enghaven 30,7260, Sønder Omme,950000 ,01-02-2021,Alm. Salg,154,6169,5,1987,-5%
530,Villa,Egevænget 105,7190, Billund,1970000 ,29-01-2021,Alm. Salg,147,13401,4,1972,-6%
530,Villa,Færøvej 5,7200, Grindsted,865000 ,27-01-2021,Fam. Salg,152,5691,5,1970,
530,Villa,Lysningen 8,7190, Billund,1725000 ,27-01-2021,Alm. Salg,134,12873,4,1987,-1%
530,Villa,Møllestien 12,7200, Grindsted,615000 ,25-01-2021,Alm. Salg,128,4805,5,1882,-12%
530,Villa,Bredgade 67,7250, Hejnsvig,600000 ,24-01-2021,Alm. Salg,146,4110,4,1915,-4%
530,Villa,Hørlycks Alle 20,7200, Grindsted,1047000 ,24-01-2021,Alm. Salg,87,12034,3,1942,-2%
530,Villa,Dalgasvej 14,6623, Vorbasse,1595000 ,24-01-2021,Alm. Salg,276,5779,9,1981,
530,Villa,Lillevang 27,7190, Billund,1850000 ,21-01-2021,Alm. Salg,115,16087,5,2001,-2%
530,Villa,Gammel Hejnsvigvej 3,7190, Billund,1045000 ,21-01-2021,Alm. Salg,74,14122,3,1960,
530,Villa,Primulavej 27,7200, Grindsted,1750000 ,20-01-2021,Alm. Salg,166,10542,6,1964,
530,Villa,Kirkebyvej 140,7260, Sønder Omme,340000 ,19-01-2021,Fam. Salg,148,2297,6,1927,
530,Villa,Flintemarken 65,7190, Billund,1950000 ,19-01-2021,Alm. Salg,130,15000,5,1988,-2%
530,Villa,Smedegade 5,7260, Sønder Omme,1385000 ,19-01-2021,Alm. Salg,134,10336,4,1973,
530,Villa,Nebelvej 12,6623, Vorbasse,1175000 ,19-01-2021,Alm. Salg,109,10780,5,1996,
530,Villa,Primulavej 16,7200, Grindsted,2345000 ,18-01-2021,Alm. Salg,195,12026,7,1907,
530,Villa,Tranevej 1,7200, Grindsted,690000 ,17-01-2021,Alm. Salg,122,5656,6,1954,-7%
530,Villa,Nordtoften 3,7260, Sønder Omme,895000 ,17-01-2021,Alm. Salg,102,8775,4,1961,
530,Villa,Ribersvej 8,7200, Grindsted,1285000 ,17-01-2021,Alm. Salg,142,9049,5,1978,-4%
530,Villa,Lysningen 4,7190, Billund,1450000 ,14-01-2021,Alm. Salg,122,11885,4,1986,-6%
530,Villa,Dalagervej 2,6623, Vorbasse,1075000 ,14-01-2021,Alm. Salg,100,10750,4,1998,
530,Villa,Rødsøvej 8,7200, Grindsted,1000000 ,13-01-2021,Fam. Salg,128,7813,4,1973,
530,Villa,Mariehønen 3,7190, Billund,744000 ,13-01-2021,Alm. Salg,202,3683,7,2022,
530,Villa,Rødsøvej 4,7200, Grindsted,410000 ,12-01-2021,Fam. Salg,143,2867,4,1973,
530,Villa,Vesterhedevej 23,7200, Grindsted,2670000 ,12-01-2021,Alm. Salg,218,12248,6,1932,-1%
530,Villa,Sommerfuglen 7,7190, Billund,776000 ,11-01-2021,Alm. Salg,216,3593,7,2022,
530,Villa,Mariehønen 7,7190, Billund,716000 ,07-01-2021,Alm. Salg,203,3527,6,2022,
530,Villa,Mølleparken 251,7190, Billund,1100000 ,06-01-2021,Andet,185,5946,5,1976,
530,Villa,Tyttebærvej 19,7200, Grindsted,1470000 ,05-01-2021,Alm. Salg,182,8077,6,1969,-2%
530,Villa,Vilhelmsmindevej 50,7260, Sønder Omme,400000 ,05-01-2021,Alm. Salg,120,3333,4,1922,
530,Villa,Nørrevej 16,7200, Grindsted,1100000 ,03-01-2021,Alm. Salg,100,11000,4,1941,
530,Villa,Farvergade 8,7260, Sønder Omme,155000 ,03-01-2021,Alm. Salg,117,1325,3,1941,
530,Villa,Vestergade 74,7200, Grindsted,1625000 ,03-01-2021,Alm. Salg,196,8291,5,1970,-4%
530,Villa,Sommerfuglen 18,7190, Billund,740000 ,03-01-2021,Alm. Salg,198,3737,6,2023,
530,Villa,Sommerfuglen 29,7190, Billund,749000 ,03-01-2021,Alm. Salg,170,4406,6,2021,
530,Villa,Flintemarken 25,7190, Billund,1860000 ,28-12-2020,Alm. Salg,121,15372,4,1988,-2%
530,Villa,Brinken 4,7200, Grindsted,1430000 ,27-12-2020,Alm. Salg,208,6875,6,1967,-4%
530,Rækkehus,Søndervold 117,7200, Grindsted,1550000 ,26-12-2020,Alm. Salg,101,15347,3,2007,-2%
530,Villa,Tingstedet 94,7190, Billund,2280000 ,23-12-2020,Alm. Salg,165,13818,7,1996,
530,Villa,Dalsvinget 13,7200, Grindsted,1805000 ,21-12-2020,Alm. Salg,195,9256,7,1976,-2%
530,Villa,Elmelunden 101,7190, Billund,1095000 ,20-12-2020,Alm. Salg,87,12586,4,1963,-8%
530,Villa,Lupinvænget 9,7200, Grindsted,1050000 ,20-12-2020,Alm. Salg,125,8400,4,1963,-4%
530,Villa,Gyvelvej 2,7200, Grindsted,1640000 ,17-12-2020,Alm. Salg,115,14261,4,1949,-3%
530,Villa,Nørhedevej 8,7200, Grindsted,460252 ,17-12-2020,Fam. Salg,155,2969,6,1976,
530,Villa,Mølleparken 318,7190, Billund,1920000 ,17-12-2020,Alm. Salg,225,8533,6,1984,-4%
530,Ejerlejlighed,"Banegårdsvej 17, 1",7200, Grindsted,670000 ,16-12-2020,Alm. Salg,64,10469,2,1987,
530,Ejerlejlighed,"Grønningen 13, 1. tv",7200, Grindsted,520000 ,16-12-2020,Alm. Salg,53,9811,2,1967,
530,Villa,Solbakken 33,7260, Sønder Omme,1000000 ,16-12-2020,Alm. Salg,139,7194,6,1976,-8%
530,Villa,Dalsvinget 34,7200, Grindsted,450000 ,16-12-2020,Andet,116,3879,5,1976,
530,Villa,Kærvej 127,7190, Billund,1895000 ,14-12-2020,Alm. Salg,230,8239,7,1975,
530,Villa,Sommerfuglen 3,7190, Billund,796000 ,14-12-2020,Alm. Salg,182,4374,6,2022,
530,Villa,Smedevej 7,7190, Billund,1400000 ,13-12-2020,Alm. Salg,139,10072,4,1938,
530,Villa,Morsbøl Søvej 160,7200, Grindsted,480000 ,13-12-2020,Alm. Salg,182,2637,7,2021,
530,Villa,Brombærvej 9,7200, Grindsted,795000 ,12-12-2020,Alm. Salg,108,7361,4,1967,
530,Rækkehus,Dalsøvej 161A,7200, Grindsted,875000 ,11-12-2020,Alm. Salg,82,10671,3,1985,-2%
530,Villa,Rosenvej 7,7200, Grindsted,795000 ,11-12-2020,Alm. Salg,128,6211,4,1978,
530,Villa,Sydtoften 281,7200, Grindsted,1600000 ,10-12-2020,Alm. Salg,118,13559,4,2005,-6%
530,Rækkehus,Sydtoften 157,7200, Grindsted,850000 ,09-12-2020,Alm. Salg,86,9884,3,1984,
530,Ejerlejlighed,"Kirke Alle 11, 1",7260, Sønder Omme,740000 ,09-12-2020,Alm. Salg,79,9367,3,1920,
530,Villa,Enevej 7,7200, Grindsted,1925166 ,09-12-2020,Alm. Salg,187,10295,7,1978,2%
530,Villa,Sommerfuglen 27,7190, Billund,734000 ,09-12-2020,Alm. Salg,206,3563,7,2022,
530,Villa,Østergade 15,6623, Vorbasse,2300000 ,08-12-2020,Alm. Salg,224,10268,10,1923,
530,Villa,Blåbærvej 13,7200, Grindsted,1080000 ,07-12-2020,Alm. Salg,142,7606,5,1967,-6%
530,Ejerlejlighed,"Grønningen 3, 2. mf",7200, Grindsted,195000 ,06-12-2020,Alm. Salg,41,4756,1,1967,
530,Villa,Granvej 10A,7200, Grindsted,800000 ,06-12-2020,Alm. Salg,135,5926,6,1939,-11%
530,Villa,Dalsøvej 127,7200, Grindsted,700000 ,06-12-2020,Alm. Salg,170,4118,6,1979,
530,Villa,Sommerfuglen 25,7190, Billund,724000 ,06-12-2020,Alm. Salg,216,3352,8,2022,
530,Villa,Egebjerg Landevej 98,7250, Hejnsvig,790000 ,05-12-2020,Fam. Salg,140,5643,4,1965,
530,Villa,Syrenvej 17,7200, Grindsted,600000 ,03-12-2020,Alm. Salg,123,4878,4,1960,
530,Villa,Plougslundvej 111,7190, Billund,2300000 ,03-12-2020,Alm. Salg,265,8679,7,1973,-4%
530,Rækkehus,Nørregade 60B,7200, Grindsted,1075000 ,02-12-2020,Alm. Salg,80,13438,3,1999,
530,Villa,Sønderkær 363,7190, Billund,3800000 ,01-12-2020,Alm. Salg,190,15833,4,1986,
530,Villa,Jagtvej 23,7200, Grindsted,700000 ,30-11-2020,Alm. Salg,109,6422,4,1953,-10%
530,Villa,Skovvang 9,7260, Sønder Omme,900000 ,30-11-2020,Alm. Salg,166,5422,4,1952,-3%
530,Villa,Gammel Hejnsvigvej 24,7190, Billund,1100000 ,29-11-2020,Alm. Salg,105,10476,4,1966,
530,Villa,Nebelvej 24,6623, Vorbasse,630000 ,29-11-2020,Alm. Salg,105,6000,3,1966,
530,Villa,Markskellet 59,7190, Billund,2265000 ,26-11-2020,Alm. Salg,158,14335,5,1987,-1%
530,Villa,Mariehønen 15,7190, Billund,735000 ,26-11-2020,Alm. Salg,183,4016,6,2023,
530,Villa,Sønderkær 145,7190, Billund,966525 ,25-11-2020,Fam. Salg,168,5753,5,1977,
530,Villa,Nørrebyvej 16,6623, Vorbasse,900000 ,25-11-2020,Alm. Salg,245,3673,7,1931,-5%
530,Villa,Mariehønen 13,7190, Billund,715000 ,24-11-2020,Alm. Salg,163,4387,5,2022,
530,Villa,Sønderkær 375,7190, Billund,1760000 ,23-11-2020,Alm. Salg,148,11892,6,1985,-2%
530,Villa,Skovparken 304,7190, Billund,1900000 ,22-11-2020,Alm. Salg,228,8333,7,1964,
530,Villa,Blåhøjvej 3,7200, Grindsted,780000 ,22-11-2020,Alm. Salg,209,3732,10,1930,-5%
530,Rækkehus,Søndervold 111A,7200, Grindsted,1441000 ,19-11-2020,Alm. Salg,101,14267,3,2007,-4%
530,Villa,Samsøvej 4,7200, Grindsted,1050000 ,19-11-2020,Alm. Salg,149,7047,6,1968,-12%
530,Villa,Egevej 12,7260, Sønder Omme,500000 ,19-11-2020,Alm. Salg,108,4630,4,1967,
530,Villa,Elmevangen 11,7200, Grindsted,1140000 ,19-11-2020,Alm. Salg,99,11515,4,1960,-5%
530,Villa,Ribersvej 194,7200, Grindsted,1640000 ,19-11-2020,Alm. Salg,142,11549,4,1980,-3%
530,Villa,Skovparken 234,7190, Billund,2050000 ,19-11-2020,Alm. Salg,161,12733,4,1968,-4%
530,Villa,Mølleparken 314,7190, Billund,2420000 ,19-11-2020,Alm. Salg,155,15613,4,1980,0%
530,Villa,Søndervold 114,7200, Grindsted,2095000 ,17-11-2020,Alm. Salg,154,13604,5,2003,
530,Villa,Dalsøvej 13,7200, Grindsted,1755000 ,17-11-2020,Alm. Salg,150,11700,4,1977,4%
530,Villa,Tribinivej 6,6623, Vorbasse,1243160 ,17-11-2020,Andet,189,6578,7,2019,
530,Villa,Sverrigsvej 10,7200, Grindsted,1300000 ,16-11-2020,Alm. Salg,187,6952,7,1969,-7%
530,Ejerlejlighed,"Grønningen 23, 2. th",7200, Grindsted,520000 ,15-11-2020,Alm. Salg,52,10000,2,1968,-3%
530,Villa,Østervænget 34,6623, Vorbasse,1175000 ,15-11-2020,Alm. Salg,120,9792,4,1980,
530,Villa,Bygvænget 4,7200, Grindsted,725000 ,15-11-2020,Alm. Salg,130,5577,4,1964,-48%
530,Villa,Grønlandsvej 1,7200, Grindsted,1065000 ,11-11-2020,Alm. Salg,135,7889,4,1971,-1%
530,Villa,Parallelvej 4,7260, Sønder Omme,885000 ,11-11-2020,Alm. Salg,116,7629,4,1965,-1%
530,Villa,Poppelvej 12,7200, Grindsted,1295000 ,11-11-2020,Alm. Salg,164,7896,7,1961,
530,Villa,Enevej 15,7200, Grindsted,1850000 ,09-11-2020,Alm. Salg,195,9487,6,1977,-2%
530,Villa,Grønvang 11,7260, Sønder Omme,600000 ,08-11-2020,Alm. Salg,116,5172,4,1969,
530,Villa,Møbjergvej 25,7260, Sønder Omme,162000 ,08-11-2020,Alm. Salg,110,1473,4,1877,
530,Villa,Morsbølvej 15,7200, Grindsted,2425000 ,06-11-2020,Alm. Salg,178,13624,6,2010,-5%
530,Villa,Mølgårdvej 29,7200, Grindsted,2800000 ,05-11-2020,Auktion,314,8917,8,1930,
530,Villa,Stadion Alle 20B,7260, Sønder Omme,239652 ,05-11-2020,Alm. Salg,100,2397,3,1921,
530,Villa,Åvej 21,7260, Sønder Omme,845548 ,04-11-2020,Alm. Salg,100,8455,4,1960,0%
530,Villa,Vejlevej 32,7260, Sønder Omme,1345000 ,04-11-2020,Fam. Salg,219,6142,9,1931,
530,Villa,Jasminvej 8,7200, Grindsted,1700000 ,02-11-2020,Alm. Salg,199,8543,7,1979,-4%
530,Villa,Nebelvej 30,6623, Vorbasse,2815000 ,02-11-2020,Alm. Salg,226,12456,7,1928,-6%
530,Villa,Åhavevej 26,7200, Grindsted,1920000 ,02-11-2020,Alm. Salg,179,10726,5,1972,-8%
530,Villa,Sommerfuglen 11,7190, Billund,815000 ,02-11-2020,Alm. Salg,230,3543,8,2022,
530,Rækkehus,Jørgen Glavinds Vej 32,7200, Grindsted,800000 ,01-11-2020,Alm. Salg,112,7143,4,1955,
530,Rækkehus,Jørgen Glavinds Vej 40,7200, Grindsted,700000 ,01-11-2020,Alm. Salg,71,9859,4,1955,
530,Villa,Morsbøl Søvej 170,7200, Grindsted,480000 ,01-11-2020,Alm. Salg,190,2526,6,2022,
530,Villa,Fitting Stationsvej 14,6623, Vorbasse,845000 ,30-10-2020,Alm. Salg,272,3107,6,1917,
530,Villa,Søgårdvej 59,7250, Hejnsvig,325000 ,28-10-2020,Alm. Salg,68,4779,3,1979,
530,Villa,Aakjærsvej 14,7200, Grindsted,625000 ,28-10-2020,Alm. Salg,161,3882,5,0,
530,Rækkehus,Rønnebærvej 9,7200, Grindsted,1256000 ,26-10-2020,Alm. Salg,86,14605,4,1967,1%
530,Villa,Elmelunden 205,7190, Billund,1380000 ,26-10-2020,Alm. Salg,130,10615,5,1964,-1%
530,Villa,Søgårdparken 24,7250, Hejnsvig,1775000 ,25-10-2020,Alm. Salg,180,9861,6,1998,-1%
530,Villa,Kastanie Alle 3,7200, Grindsted,830000 ,25-10-2020,Alm. Salg,124,6694,4,1933,-4%
530,Villa,Åhavevej 56,7200, Grindsted,3580000 ,23-10-2020,Alm. Salg,269,13309,6,1972,-3%
530,Villa,Tronsø Parkvej 9,7200, Grindsted,1300000 ,21-10-2020,Alm. Salg,89,14607,3,1949,-3%
530,Villa,Nebelvej 1,6623, Vorbasse,250000 ,21-10-2020,Alm. Salg,73,3425,5,1943,
530,Villa,Vesterled 5,7260, Sønder Omme,1195000 ,21-10-2020,Fam. Salg,185,6459,6,1962,
530,Rækkehus,Grønningen 10A,7190, Billund,1245000 ,20-10-2020,Alm. Salg,79,15759,3,1987,
530,Villa,Amtsvejen 16,7200, Grindsted,675000 ,20-10-2020,Alm. Salg,106,6368,4,1944,-3%
530,Villa,Købmandsvej 6,6623, Vorbasse,910000 ,20-10-2020,Alm. Salg,99,9192,5,2001,-4%
530,Villa,Kvædevej 4,7200, Grindsted,1317500 ,19-10-2020,Fam. Salg,189,6971,6,1983,
530,Villa,Midtgårdvej 21,7200, Grindsted,650000 ,19-10-2020,Alm. Salg,119,5462,4,1986,
530,Villa,Sverrigsvej 12,7200, Grindsted,1250000 ,19-10-2020,Alm. Salg,207,6039,7,1969,-3%
530,Villa,Gribsøvej 5,7200, Grindsted,1685000 ,16-10-2020,Alm. Salg,159,10597,5,1975,
530,Villa,Fanøvej 20,7200, Grindsted,1135000 ,15-10-2020,Alm. Salg,171,6637,6,1970,-5%
530,Villa,Engsøparken 19,7200, Grindsted,2000000 ,15-10-2020,Fam. Salg,157,12739,3,1998,
530,Villa,Østerbrogade 13,7200, Grindsted,550000 ,15-10-2020,Alm. Salg,150,3667,7,1930,-31%
530,Villa,Dalsøvej 145,7200, Grindsted,1700000 ,14-10-2020,Alm. Salg,190,8947,5,1995,
530,Villa,Nygade 25,7200, Grindsted,1000000 ,14-10-2020,Alm. Salg,98,10204,4,1950,
530,Villa,Jyllandsgade 31,7200, Grindsted,925000 ,14-10-2020,Alm. Salg,84,11012,3,1959,-2%
530,Villa,Kærvej 16,7200, Grindsted,862500 ,13-10-2020,Alm. Salg,149,5789,5,2021,
530,Villa,Sommerfuglen 9,7190, Billund,759000 ,13-10-2020,Alm. Salg,224,3388,6,2021,
530,Villa,Krogagergårdvej 39,7200, Grindsted,165050 ,13-10-2020,Alm. Salg,234,705,7,2022,
530,Villa,Krogagergårdvej 41,7200, Grindsted,165000 ,13-10-2020,Alm. Salg,294,561,7,2022,
530,Villa,Sønderkær 191,7190, Billund,775790 ,12-10-2020,Fam. Salg,143,5425,5,1977,
530,Villa,Søvangvej 1,7200, Grindsted,100000 ,11-10-2020,Alm. Salg,140,714,5,1939,-92%
530,Villa,Bornholmsvej 1,7200, Grindsted,1205000 ,11-10-2020,Alm. Salg,167,7216,6,1969,-4%
530,Villa,Fynsgade 66,7200, Grindsted,2375000 ,11-10-2020,Alm. Salg,171,13889,5,1964,-5%
530,Villa,Plantagevej 27,7200, Grindsted,2000000 ,11-10-2020,Fam. Salg,169,9259,5,1998,
530,Villa,Sønderkær 271,7190, Billund,1022472 ,10-10-2020,Fam. Salg,231,4426,8,1979,
530,Villa,Kærvej 113,7190, Billund,1100000 ,09-10-2020,Andet,216,5093,6,1973,
530,Villa,Tiphedevej 8,7200, Grindsted,1135000 ,08-10-2020,Alm. Salg,131,8664,4,1973,-3%
530,Villa,Brinken 3,7200, Grindsted,870000 ,07-10-2020,Alm. Salg,123,7073,3,1965,-3%
530,Ejerlejlighed,"Grønningen 5, 2. tv",7200, Grindsted,465000 ,06-10-2020,Alm. Salg,76,6118,2,1967,
530,Villa,Tuen 7B,7190, Billund,308000 ,06-10-2020,Alm. Salg,121,2545,5,2021,-85%
530,Villa,Vejlevej 69,7260, Sønder Omme,5000 ,05-10-2020,Alm. Salg,64,78,2,1915,
530,Villa,Vejlevej 67,7260, Sønder Omme,620000 ,05-10-2020,Alm. Salg,137,4526,5,1955,
530,Villa,Nørre Alle 17,7200, Grindsted,720000 ,04-10-2020,Alm. Salg,129,5581,6,1949,
530,Villa,Urupvej 24,7200, Grindsted,1095000 ,04-10-2020,Alm. Salg,201,5448,6,1980,
530,Villa,Søllingdalvej 12,7250, Hejnsvig,1100000 ,04-10-2020,Alm. Salg,163,6748,5,1976,
530,Villa,Tuen 9B,7190, Billund,1770000 ,04-10-2020,Fam. Salg,121,14628,5,2012,
530,Rækkehus,Grønningen 2A,7190, Billund,1335000 ,03-10-2020,Alm. Salg,81,16481,3,1987,-3%
530,Villa,Ravnsøvej 8,7200, Grindsted,1345000 ,03-10-2020,Alm. Salg,160,8406,4,1973,
530,Villa,Stenvej 16,7200, Grindsted,995000 ,30-09-2020,Alm. Salg,150,6633,4,1955,
530,Villa,Kolonivej 3,6623, Vorbasse,2795000 ,30-09-2020,Alm. Salg,172,16250,5,2000,
530,Villa,Sønderkær 261,7190, Billund,1795000 ,29-09-2020,Alm. Salg,166,10813,6,1979,
530,Villa,Samsøvej 12,7200, Grindsted,1380000 ,29-09-2020,Alm. Salg,108,12778,4,1969,-1%
530,Villa,Dalbo 65,7200, Grindsted,965000 ,29-09-2020,Alm. Salg,114,8465,5,1978,-3%
530,Villa,Lupinvænget 10,7200, Grindsted,1600000 ,29-09-2020,Alm. Salg,142,11268,4,1963,-6%
530,Villa,Enevej 1,7200, Grindsted,1550000 ,28-09-2020,Alm. Salg,134,11567,5,1977,-1%
530,Villa,Sønderkær 367,7190, Billund,2600000 ,28-09-2020,Alm. Salg,166,15663,5,1985,
530,Villa,Toften 41,7190, Billund,1150000 ,28-09-2020,Alm. Salg,94,12234,3,1970,
530,Villa,Rødsøvej 5,7200, Grindsted,1745000 ,26-09-2020,Alm. Salg,154,11331,5,1978,
530,Villa,Hovedgaden 58,7260, Sønder Omme,485000 ,23-09-2020,Alm. Salg,145,3345,6,1961,-2%
530,Villa,Søndermarksvej 404,7190, Billund,800000 ,23-09-2020,Fam. Salg,157,5096,4,1972,
530,Ejerlejlighed,"Grønningen 11, 1. th",7200, Grindsted,700000 ,22-09-2020,Alm. Salg,100,7000,4,1967,-3%
530,Villa,Engsøparken 23,7200, Grindsted,2725450 ,22-09-2020,Fam. Salg,212,12856,5,2000,
530,Villa,Søvangvej 18,7200, Grindsted,700000 ,21-09-2020,Andet,245,2857,8,1966,
530,Villa,Sydtoften 107,7200, Grindsted,250000 ,21-09-2020,Andet,150,1667,6,1981,
530,Villa,Nollundvej 165,7200, Grindsted,665000 ,21-09-2020,Alm. Salg,150,4433,5,1947,-4%
530,Villa,Lillevang 22,7190, Billund,2945000 ,21-09-2020,Alm. Salg,186,15833,7,2002,
530,Villa,Østervænget 2A,6623, Vorbasse,710000 ,20-09-2020,Alm. Salg,131,5420,5,1982,-11%
530,Villa,Solbakken 29,7260, Sønder Omme,865000 ,19-09-2020,Alm. Salg,137,6314,5,1976,-3%
530,Ejerlejlighed,"Banegårdsvej 17, st",7200, Grindsted,800000 ,18-09-2020,Alm. Salg,68,11765,2,1987,
530,Villa,Bygvænget 19,7200, Grindsted,702000 ,18-09-2020,Alm. Salg,119,5899,4,1963,22%
530,Villa,Spurvevej 7,7200, Grindsted,975000 ,17-09-2020,Alm. Salg,110,8864,4,1959,
530,Rækkehus,Søndre Boulevard 351,7200, Grindsted,975000 ,16-09-2020,Alm. Salg,77,12662,3,1986,
530,Villa,Sydtoften 11,7200, Grindsted,1225000 ,16-09-2020,Alm. Salg,123,9959,5,1981,-5%
530,Villa,Nørreled 26,7200, Grindsted,1150000 ,16-09-2020,Alm. Salg,113,10177,4,1947,-4%
530,Villa,Primulavej 21,7200, Grindsted,1087111 ,16-09-2020,Andet,141,7710,5,1968,
530,Villa,Tværvej 6,7260, Sønder Omme,1700000 ,15-09-2020,Fam. Salg,141,12057,4,1936,
530,Villa,Vinkelvej 4,7250, Hejnsvig,300000 ,15-09-2020,Alm. Salg,103,2913,5,1947,
530,Rækkehus,Nørre Alle 7,7200, Grindsted,475000 ,13-09-2020,Alm. Salg,84,5655,2,1913,
530,Villa,Ågeslundvej 28,7200, Grindsted,1795000 ,13-09-2020,Alm. Salg,172,10436,5,1976,1%
530,Villa,Fynsgade 17,7200, Grindsted,825000 ,13-09-2020,Alm. Salg,128,6445,4,1958,-8%
530,Rækkehus,Lysningen 34,7190, Billund,816000 ,11-09-2020,Fam. Salg,95,8589,4,1986,
530,Villa,Buen 1,7200, Grindsted,730000 ,10-09-2020,Alm. Salg,141,5177,4,1962,-9%
530,Villa,Mariehønen 17,7190, Billund,754000 ,10-09-2020,Alm. Salg,233,3236,7,0,
530,Villa,Lundgårdvej 90,7250, Hejnsvig,720000 ,09-09-2020,Alm. Salg,165,4364,6,1934,-4%
530,Villa,Rosenvej 1,7200, Grindsted,400000 ,08-09-2020,Fam. Salg,108,3704,4,1960,
530,Villa,Egebjerg Landevej 14,7200, Grindsted,307908 ,07-09-2020,Alm. Salg,216,1426,5,1988,
530,Villa,Markskellet 44,7190, Billund,2465000 ,07-09-2020,Alm. Salg,153,16111,6,1993,
530,Villa,Sorgenfrivej 5,6623, Vorbasse,2625000 ,07-09-2020,Alm. Salg,201,13060,8,2006,-7%
530,Villa,Søndermarksvej 210,7190, Billund,1625000 ,06-09-2020,Alm. Salg,168,9673,6,1972,-4%
530,Villa,Finlandsvej 8,7200, Grindsted,1390000 ,03-09-2020,Alm. Salg,162,8580,6,1968,-4%
530,Ejerlejlighed,"Hovedgaden 2, 1",7260, Sønder Omme,1100000 ,02-09-2020,Alm. Salg,109,10092,3,1913,
530,Ejerlejlighed,"Hovedgaden 43, st",7260, Sønder Omme,1000000 ,02-09-2020,Alm. Salg,73,13699,2,1930,
530,Ejerlejlighed,"Gammel Bøvlvej 1, st",7260, Sønder Omme,1100000 ,02-09-2020,Alm. Salg,68,16176,2,1913,
530,Ejerlejlighed,"Gammel Bøvlvej 1, 1",7260, Sønder Omme,1100000 ,02-09-2020,Alm. Salg,68,16176,2,1913,
530,Ejerlejlighed,"Sønderbro 4, 1",7260, Sønder Omme,1000000 ,02-09-2020,Alm. Salg,67,14925,2,1930,
530,Ejerlejlighed,"Sønderbro 2, 1",7260, Sønder Omme,1000000 ,02-09-2020,Alm. Salg,96,10417,3,1930,
530,Ejerlejlighed,"Sønderbro 6, st",7260, Sønder Omme,1000000 ,02-09-2020,Alm. Salg,74,13514,2,1930,
530,Villa,Søgårdvej 53,7250, Hejnsvig,405000 ,02-09-2020,Fam. Salg,147,2755,4,1979,
530,Villa,Læsøvej 19,7200, Grindsted,1025000 ,02-09-2020,Alm. Salg,169,6065,5,1969,-6%
530,Villa,Morsbølvej 91,7200, Grindsted,506560 ,02-09-2020,Alm. Salg,205,2471,7,0,
530,Villa,Billundvej 14,7250, Hejnsvig,850000 ,01-09-2020,Alm. Salg,153,5556,7,1927,-5%
530,Villa,Skovparken 318,7190, Billund,1980000 ,01-09-2020,Alm. Salg,152,13026,5,1965,-5%
530,Villa,Vestervangsvej 7,7200, Grindsted,725000 ,31-08-2020,Alm. Salg,145,5000,5,1890,
530,Villa,Sjællandsgade 2,7200, Grindsted,1700000 ,31-08-2020,Alm. Salg,222,7658,5,0,
530,Villa,Søvangvej 1,7200, Grindsted,1300000 ,30-08-2020,Alm. Salg,140,9286,5,1939,-2%
530,Villa,Nørager 12,7260, Sønder Omme,1295000 ,30-08-2020,Alm. Salg,152,8520,6,1981,
530,Villa,Stadion Alle 24,7260, Sønder Omme,600001 ,28-08-2020,Alm. Salg,72,8333,3,1954,
530,Villa,Primulavej 13,7200, Grindsted,1225000 ,27-08-2020,Alm. Salg,181,6768,5,1964,-11%
530,Villa,Flintemarken 7,7190, Billund,1475000 ,27-08-2020,Alm. Salg,116,12716,4,1988,
530,Villa,Sommerfuglen 8,7190, Billund,722000 ,27-08-2020,Alm. Salg,200,3610,7,2021,
530,Villa,Solbakken 44,7260, Sønder Omme,1100000 ,25-08-2020,Alm. Salg,176,6250,5,1976,-12%
530,Villa,Østre Alle 14,7200, Grindsted,455000 ,25-08-2020,Andet,105,4333,4,1932,
530,Villa,Frederiksberg Alle 9,7200, Grindsted,640000 ,25-08-2020,Alm. Salg,83,7711,3,1923,-1%
530,Villa,Plougslundvej 147,7190, Billund,1695000 ,24-08-2020,Alm. Salg,183,9262,5,1974,
530,Villa,Morsbøl Søvej 106,7200, Grindsted,2450000 ,23-08-2020,Alm. Salg,163,15031,6,2011,
530,Villa,Tusindbenet 36,7190, Billund,601800 ,23-08-2020,Alm. Salg,194,3102,7,2021,
530,Villa,Amtsvejen 53,7200, Grindsted,737846 ,22-08-2020,Fam. Salg,133,5548,3,1936,
530,Villa,Ribe Landevej 66,7250, Hejnsvig,895000 ,18-08-2020,Alm. Salg,178,5028,5,1969,
530,Rækkehus,Markskellet 31,7190, Billund,1295000 ,17-08-2020,Alm. Salg,81,15988,3,1988,
530,Villa,Finlandsvej 6,7200, Grindsted,1395000 ,17-08-2020,Alm. Salg,192,7266,6,1968,-7%
530,Villa,Tingstedet 107,7190, Billund,2395000 ,17-08-2020,Alm. Salg,159,15063,7,1998,
530,Villa,Kløvervænget 4,7200, Grindsted,1619000 ,17-08-2020,Alm. Salg,141,11482,5,1964,0%
530,Villa,Kærtoften 9,7200, Grindsted,745000 ,16-08-2020,Alm. Salg,113,6593,4,1964,
530,Villa,Dalgasvej 2,6623, Vorbasse,1810000 ,14-08-2020,Alm. Salg,214,8458,6,1926,-4%
530,Rækkehus,Jørgen Glavinds Vej 26,7200, Grindsted,645000 ,13-08-2020,Alm. Salg,137,4708,4,1955,-7%
530,Villa,Søllingdalvej 18,7250, Hejnsvig,1550000 ,12-08-2020,Alm. Salg,206,7524,4,1975,-3%
530,Villa,Nørager 21,7260, Sønder Omme,1270000 ,12-08-2020,Alm. Salg,133,9549,6,1986,-2%
530,Villa,Ribersvej 128,7200, Grindsted,1390000 ,11-08-2020,Alm. Salg,142,9789,5,1979,0%
530,Rækkehus,Grønningen 30,7190, Billund,1000000 ,10-08-2020,Alm. Salg,71,14085,2,1988,
530,Villa,Morsbølvej 69,7200, Grindsted,2700000 ,05-08-2020,Alm. Salg,164,16463,5,2018,-2%
530,Villa,Solvej 8,7200, Grindsted,500000 ,04-08-2020,Alm. Salg,138,3623,6,1936,-28%
530,Villa,Rungborgvej 7,7250, Hejnsvig,825000 ,04-08-2020,Alm. Salg,134,6157,6,1916,4%
530,Villa,Blåhøjvej 2,7200, Grindsted,615000 ,03-08-2020,Alm. Salg,84,7321,3,1955,
530,Villa,Kirkevej 7,7250, Hejnsvig,650000 ,30-07-2020,Alm. Salg,171,3801,4,1959,-6%
530,Villa,Kærvej 225,7190, Billund,1680000 ,30-07-2020,Alm. Salg,144,11667,5,1973,-3%
530,Villa,Sønderkær 424,7190, Billund,1845000 ,29-07-2020,Alm. Salg,137,13467,5,1980,-3%
530,Villa,Tusindbenet 46,7190, Billund,670913 ,29-07-2020,Alm. Salg,154,4357,5,2021,
530,Villa,Tusindbenet 48,7190, Billund,571800 ,29-07-2020,Alm. Salg,171,3344,5,0,
530,Villa,Tingstedet 35,7190, Billund,2525000 ,27-07-2020,Alm. Salg,161,15683,6,1994,-3%
530,Villa,Stationsvej 10,7200, Grindsted,1150000 ,25-07-2020,Alm. Salg,184,6250,7,1960,
530,Villa,Mølleparken 104,7190, Billund,1250000 ,23-07-2020,Alm. Salg,142,8803,4,1975,-10%
530,Villa,Primulavej 18,7200, Grindsted,1150000 ,21-07-2020,Alm. Salg,138,8333,5,1966,-4%
530,Villa,Bekkasinvej 9,7200, Grindsted,1425000 ,21-07-2020,Alm. Salg,138,10326,4,1959,
530,Villa,Tingstedet 93,7190, Billund,1100000 ,17-07-2020,Fam. Salg,165,6667,6,1998,
530,Villa,Ågeslundvej 36,7200, Grindsted,825000 ,16-07-2020,Alm. Salg,125,6600,5,1976,-2%
530,Villa,Kærvej 409,7190, Billund,1975000 ,16-07-2020,Alm. Salg,187,10561,8,1972,4%
530,Villa,Grindsted Landevej 12,7200, Grindsted,675000 ,15-07-2020,Alm. Salg,97,6959,5,1942,-3%
530,Villa,Sorgenfrivej 3,6623, Vorbasse,3185000 ,15-07-2020,Alm. Salg,250,12740,8,2008,-3%
530,Villa,Filsøvej 6,7200, Grindsted,1750000 ,13-07-2020,Alm. Salg,155,11290,6,1973,-1%
530,Ejerlejlighed,"Banegårdsvej 3B, 2. th",7200, Grindsted,775000 ,12-07-2020,Alm. Salg,82,9451,3,1988,
530,Villa,Bemsigvej 14,7200, Grindsted,1475000 ,12-07-2020,Alm. Salg,125,11800,5,1956,-1%
530,Villa,Østerbyvej 7,7190, Billund,1550000 ,11-07-2020,Alm. Salg,138,11232,3,1979,-3%
530,Villa,Sønderkær 152,7190, Billund,1950000 ,11-07-2020,Alm. Salg,141,13830,5,1977,-2%
530,Villa,Ribersvej 52,7200, Grindsted,1395000 ,09-07-2020,Alm. Salg,125,11160,4,1979,
530,Villa,Kærvej 217,7190, Billund,1870000 ,09-07-2020,Alm. Salg,175,10686,6,1973,
530,Villa,Sønderkær 158,7190, Billund,1750000 ,09-07-2020,Alm. Salg,187,9358,5,1976,
530,Villa,Labrivej 11,6623, Vorbasse,1675000 ,09-07-2020,Alm. Salg,159,10535,6,1998,
530,Villa,Sønderkær 142,7190, Billund,1700000 ,08-07-2020,Alm. Salg,154,11039,5,1976,-1%
530,Villa,Morsbøl Søvej 152,7200, Grindsted,486000 ,08-07-2020,Alm. Salg,135,3600,6,2021,
530,Villa,Søgårdvej 47,7250, Hejnsvig,910000 ,07-07-2020,Alm. Salg,156,5833,5,1979,
530,Villa,Dalsøvej 215,7200, Grindsted,625000 ,06-07-2020,Andet,117,5342,2,1963,
530,Villa,Jorden Rundt 39,7200, Grindsted,1250000 ,06-07-2020,Alm. Salg,213,5869,6,2023,-9%
530,Villa,Fittingvej 14,6623, Vorbasse,1000000 ,06-07-2020,Alm. Salg,120,8333,5,1932,
530,Villa,Systemvej 34,7190, Billund,1065000 ,05-07-2020,Alm. Salg,129,8256,5,1964,
530,Villa,Fyrrevænget 313,7190, Billund,1955000 ,05-07-2020,Alm. Salg,170,11500,6,1970,-2%
530,Villa,Østerbrogade 22,7200, Grindsted,975000 ,05-07-2020,Alm. Salg,161,6056,5,1973,-11%
530,Villa,Slagterivej 18,7200, Grindsted,1400000 ,02-07-2020,Alm. Salg,197,6635,7,1977,
530,Villa,Egevangen 1,7200, Grindsted,775000 ,01-07-2020,Alm. Salg,118,6568,3,1960,-3%
530,Villa,Bogfinkevej 13,7190, Billund,1175000 ,01-07-2020,Alm. Salg,136,8640,5,1962,-2%
530,Villa,Plougslundvej 105,7190, Billund,1900000 ,01-07-2020,Alm. Salg,146,13014,4,1973,-2%
530,Villa,Gyvelvænget 29,7200, Grindsted,2175000 ,01-07-2020,Alm. Salg,176,12358,6,2007,-1%
530,Villa,Grindsted Landevej 70,7200, Grindsted,596000 ,01-07-2020,Alm. Salg,108,5519,3,1940,-8%
530,Villa,Chr. Lundsgaards Vej 14,7200, Grindsted,565000 ,30-06-2020,Alm. Salg,107,5280,5,1940,
530,Villa,Skjoldbjergvej 37,6623, Vorbasse,150000 ,30-06-2020,Fam. Salg,107,1402,5,1961,
530,Rækkehus,Søndervold 20,7200, Grindsted,765000 ,29-06-2020,Alm. Salg,59,12966,2,1989,-4%
530,Villa,Stationsvej 20,7200, Grindsted,450000 ,29-06-2020,Alm. Salg,80,5625,3,1942,
530,Villa,Møllevænget 35,7190, Billund,1495000 ,29-06-2020,Alm. Salg,117,12778,4,1965,
530,Villa,Sønderkær 180,7190, Billund,1065408 ,29-06-2020,Alm. Salg,181,5886,7,1977,
530,Villa,Amtsvejen 25A,7200, Grindsted,978000 ,29-06-2020,Fam. Salg,124,7887,4,1999,
530,Rækkehus,Søndervold 72,7200, Grindsted,710000 ,28-06-2020,Alm. Salg,61,11639,2,1993,
530,Villa,Smutten 4,7190, Billund,1787000 ,28-06-2020,Alm. Salg,174,10270,5,1974,
530,Villa,Fyrrevænget 414,7190, Billund,2495000 ,25-06-2020,Alm. Salg,153,16307,5,1971,
530,Rækkehus,Lysningen 24,7190, Billund,960000 ,24-06-2020,Fam. Salg,95,10105,4,1987,
530,Villa,Sommerfuglen 31,7190, Billund,805000 ,24-06-2020,Alm. Salg,173,4653,6,2021,
530,Ejerlejlighed,"Banegårdsvej 17, 1",7200, Grindsted,695000 ,23-06-2020,Alm. Salg,64,10859,2,1987,
530,Villa,Egevangen 4,7200, Grindsted,650000 ,23-06-2020,Alm. Salg,160,4063,5,2021,
530,Villa,Egeparken 15,7260, Sønder Omme,2455000 ,23-06-2020,Alm. Salg,200,12275,6,2008,
530,Villa,Søndermarksvej 213,7190, Billund,1220000 ,21-06-2020,Alm. Salg,144,8472,5,1970,-2%
530,Villa,Mandøvej 4,7200, Grindsted,950000 ,21-06-2020,Alm. Salg,146,6507,5,1969,-13%
530,Rækkehus,Grønningen 4A,7190, Billund,1135000 ,19-06-2020,Alm. Salg,79,14367,3,1987,
530,Rækkehus,Østre Alle 6,7200, Grindsted,850000 ,17-06-2020,Alm. Salg,80,10625,2,1937,-15%
530,Villa,Rønnebærvej 10,7200, Grindsted,1150000 ,15-06-2020,Alm. Salg,123,9350,5,1967,-10%
530,Villa,Jorden Rundt 11,7200, Grindsted,850000 ,14-06-2020,Alm. Salg,98,8673,4,1961,
530,Villa,Solsortvej 10,7190, Billund,1250000 ,14-06-2020,Alm. Salg,84,14881,4,1960,
530,Villa,Fittingvej 3,6623, Vorbasse,2055000 ,14-06-2020,Fam. Salg,170,12088,6,1921,
530,Villa,Egevænget 206,7190, Billund,1425000 ,13-06-2020,Alm. Salg,171,8333,5,1973,-1%
530,Villa,Ølgodvej 36,7200, Grindsted,312237 ,11-06-2020,Alm. Salg,149,2096,5,1948,
530,Villa,Gøglervej 7,6623, Vorbasse,328750 ,11-06-2020,Alm. Salg,191,1721,6,2022,
530,Villa,Sommerfuglen 16,7190, Billund,759000 ,11-06-2020,Alm. Salg,190,3995,7,2022,
530,Villa,Lillevang 59,7190, Billund,2600000 ,10-06-2020,Alm. Salg,161,16149,6,2005,-2%
530,Villa,Tusindbenet 38,7190, Billund,572000 ,09-06-2020,Alm. Salg,188,3043,6,2021,
530,Villa,Tyttebærvej 5,7200, Grindsted,895000 ,08-06-2020,Fam. Salg,151,5927,5,1965,
530,Villa,Utoftvej 1A,7190, Billund,835500 ,08-06-2020,Fam. Salg,220,3798,7,1935,
530,Rækkehus,Søndre Boulevard 355,7200, Grindsted,950000 ,07-06-2020,Alm. Salg,81,11728,3,1987,-3%
530,Villa,Sønderhedevej 15,7200, Grindsted,1660000 ,04-06-2020,Alm. Salg,180,9222,7,1973,-2%
530,Rækkehus,Jørgen Glavinds Vej 30,7200, Grindsted,515738 ,03-06-2020,Fam. Salg,71,7264,4,1955,
530,Villa,Ølgodvej 37,7200, Grindsted,740000 ,02-06-2020,Alm. Salg,184,4022,6,1934,-7%
530,Villa,Æblevej 8,7250, Hejnsvig,555000 ,02-06-2020,Alm. Salg,123,4512,4,1960,
530,Villa,Prærien 21,7200, Grindsted,1207500 ,02-06-2020,Fam. Salg,177,6822,5,1980,
530,Villa,Sønderkær 225,7190, Billund,1525000 ,31-05-2020,Alm. Salg,130,11731,5,1979,
530,Villa,Gyvelvej 11,7200, Grindsted,1900000 ,28-05-2020,Alm. Salg,197,9645,7,1950,-5%
530,Villa,Bækkevej 2,6623, Vorbasse,650000 ,28-05-2020,Andet,130,5000,3,1936,
530,Villa,Urupvej 20,7200, Grindsted,1280000 ,28-05-2020,Alm. Salg,169,7574,5,1928,-5%
530,Villa,Ole Kirks Vej 8,7190, Billund,600000 ,27-05-2020,Alm. Salg,228,2632,6,1952,
530,Villa,Søndervold 266,7200, Grindsted,2350000 ,27-05-2020,Alm. Salg,156,15064,5,1996,5%
530,Villa,Flintemarken 47,7190, Billund,531250 ,27-05-2020,Fam. Salg,135,3935,5,1989,
530,Rækkehus,Lysningen 52,7190, Billund,1385000 ,26-05-2020,Alm. Salg,86,16105,3,1988,-1%
530,Villa,Dalsøvej 151,7200, Grindsted,1685000 ,25-05-2020,Alm. Salg,164,10274,5,1992,-3%
530,Villa,Jørgen Glavinds Vej 9,7200, Grindsted,1560000 ,25-05-2020,Alm. Salg,98,15918,3,1956,-1%
530,Villa,Ribe Landevej 143,7250, Hejnsvig,240000 ,25-05-2020,Alm. Salg,83,2892,3,1924,
530,Villa,Søndre Boulevard 219,7200, Grindsted,1900000 ,24-05-2020,Alm. Salg,129,14729,5,1994,-2%
530,Villa,Sommerfuglen 6,7190, Billund,755001 ,24-05-2020,Alm. Salg,203,3719,7,2020,
530,Villa,Sommerfuglen 21,7190, Billund,772001 ,24-05-2020,Alm. Salg,181,4265,7,2021,
530,Villa,Sommerfuglen 17,7190, Billund,863001 ,24-05-2020,Alm. Salg,190,4542,7,2021,
530,Rækkehus,Prærien 42,7200, Grindsted,750000 ,21-05-2020,Alm. Salg,101,7426,4,1984,-13%
530,Villa,Søgårdvej 20,7250, Hejnsvig,1550000 ,21-05-2020,Alm. Salg,186,8333,6,1972,-3%
530,Villa,Mølleparken 424,7190, Billund,1024000 ,19-05-2020,Auktion,140,7314,6,1984,
530,Villa,Mølleparken 160,7190, Billund,850000 ,18-05-2020,Andet,150,5667,5,1975,
530,Ejerlejlighed,"Hovedgaden 9D, st. 1",7260, Sønder Omme,850000 ,17-05-2020,Alm. Salg,90,9444,3,1900,
530,Ejerlejlighed,"Hovedgaden 9D, st. 3",7260, Sønder Omme,850000 ,17-05-2020,Alm. Salg,153,5556,4,1900,
530,Ejerlejlighed,"Hovedgaden 9D, 1. 1",7260, Sønder Omme,850000 ,17-05-2020,Alm. Salg,90,9444,3,1900,
530,Ejerlejlighed,Linde Alle 1D,7260, Sønder Omme,850000 ,17-05-2020,Alm. Salg,69,12319,2,1900,
530,Ejerlejlighed,"Hovedgaden 9D, 1. 2",7260, Sønder Omme,850000 ,17-05-2020,Alm. Salg,146,5822,4,1900,
530,Ejerlejlighed,"Hovedgaden 9D, 1. 3",7260, Sønder Omme,850000 ,17-05-2020,Alm. Salg,111,7658,4,1900,
530,Ejerlejlighed,"Hovedgaden 9D, st. 2",7260, Sønder Omme,850000 ,17-05-2020,Alm. Salg,89,9551,2,1900,
530,Villa,Fyrrevænget 412,7190, Billund,1600000 ,17-05-2020,Alm. Salg,203,7882,8,1971,
530,Villa,Sommerfuglen 23,7190, Billund,874170 ,17-05-2020,Alm. Salg,275,3179,9,2021,
530,Villa,Sjællandsgade 14,7200, Grindsted,2250000 ,14-05-2020,Alm. Salg,138,16304,5,1955,-2%
530,Villa,Købmandsvej 8,6623, Vorbasse,80000 ,14-05-2020,Alm. Salg,160,500,6,2021,
530,Villa,Sommerfuglen 15,7190, Billund,860001 ,14-05-2020,Alm. Salg,200,4300,6,2021,
530,Villa,Gribsøvej 7,7200, Grindsted,931000 ,13-05-2020,Andet,180,5172,7,1975,
530,Villa,Sommerfuglen 19,7190, Billund,907200 ,13-05-2020,Alm. Salg,209,4341,7,2021,
530,Villa,Nollundvej 89,7200, Grindsted,1214000 ,10-05-2020,Alm. Salg,160,7588,5,1976,8%
530,Villa,Egevænget 411,7190, Billund,1993000 ,10-05-2020,Alm. Salg,171,11655,5,1972,-5%
530,Villa,Skovgårdsvej 22,7200, Grindsted,1495000 ,10-05-2020,Alm. Salg,228,6557,6,1909,
530,Villa,Mølleparken 182,7190, Billund,1615000 ,10-05-2020,Alm. Salg,193,8368,6,1977,-7%
530,Villa,Tingstedet 13,7190, Billund,1918333 ,09-05-2020,Alm. Salg,135,14210,5,1994,-4%
530,Villa,Primulavej 9,7200, Grindsted,1367500 ,07-05-2020,Alm. Salg,177,7726,6,1962,-2%
530,Rækkehus,Sydtoften 25A,7200, Grindsted,1000000 ,06-05-2020,Alm. Salg,82,12195,3,1983,-4%
530,Rækkehus,Sydtoften 23,7200, Grindsted,975000 ,06-05-2020,Alm. Salg,82,11890,3,1983,-7%
530,Villa,Egevænget 208,7190, Billund,700000 ,06-05-2020,Fam. Salg,130,5385,5,1972,
530,Villa,Toften 10,7200, Grindsted,900000 ,05-05-2020,Alm. Salg,260,3462,7,1980,-5%
530,Villa,Anemonevej 13,7200, Grindsted,1495000 ,04-05-2020,Alm. Salg,138,10833,6,1964,
530,Rækkehus,Dalsøvej 159B,7200, Grindsted,1137500 ,03-05-2020,Alm. Salg,82,13872,3,1985,-3%
530,Villa,Bogfinkevej 14,7190, Billund,1900000 ,03-05-2020,Alm. Salg,150,12667,5,1963,-2%
530,Villa,Rødsøvej 14,7200, Grindsted,1525000 ,30-04-2020,Alm. Salg,169,9024,5,1973,-3%
530,Villa,Hestkærvej 40,7200, Grindsted,100000 ,29-04-2020,Alm. Salg,109,917,5,1953,
530,Villa,Markskellet 52,7190, Billund,2275000 ,28-04-2020,Alm. Salg,172,13227,6,1994,-1%
530,Villa,Dalsvinget 45,7200, Grindsted,684640 ,28-04-2020,Alm. Salg,176,3890,6,1977,
530,Rækkehus,Markskellet 20,7190, Billund,1375000 ,27-04-2020,Alm. Salg,95,14474,3,1988,
530,Rækkehus,Søndervold 119,7200, Grindsted,1480000 ,26-04-2020,Alm. Salg,101,14653,3,2007,-3%
530,Villa,Løvlundvej 7,7250, Hejnsvig,713000 ,26-04-2020,Alm. Salg,97,7351,3,1963,-10%
530,Villa,Blichersvej 12,7200, Grindsted,1100000 ,25-04-2020,Alm. Salg,144,7639,4,1969,-12%
530,Villa,Hasselvej 6,7260, Sønder Omme,985000 ,24-04-2020,Alm. Salg,120,8208,6,1968,
530,Rækkehus,Søndre Boulevard 367,7200, Grindsted,910000 ,23-04-2020,Alm. Salg,80,11375,3,1986,-2%
530,Villa,Lindevej 18,7200, Grindsted,2300000 ,23-04-2020,Alm. Salg,153,15033,6,1993,-8%
530,Ejerlejlighed,Nørregade 9F,6623, Vorbasse,600000 ,22-04-2020,Alm. Salg,116,5172,3,1937,
530,Rækkehus,Åglimt 49,7200, Grindsted,875000 ,21-04-2020,Alm. Salg,94,9309,4,1986,-12%
530,Villa,Drivvejen 8,6623, Vorbasse,1300000 ,20-04-2020,Alm. Salg,125,10400,5,1977,
530,Villa,Søndergade 14,6623, Vorbasse,773550 ,19-04-2020,Fam. Salg,182,4250,6,1961,
530,Villa,Bredgade 3,7250, Hejnsvig,800000 ,18-04-2020,Alm. Salg,201,3980,6,1872,-5%
530,Villa,Markskellet 84,7190, Billund,2360000 ,16-04-2020,Alm. Salg,179,13184,8,1994,-3%
530,Villa,Nyvej 18,7250, Hejnsvig,375000 ,15-04-2020,Alm. Salg,71,5282,2,1963,-5%
530,Villa,Hybenvej 9,7200, Grindsted,1025000 ,12-04-2020,Alm. Salg,138,7428,6,1968,-10%
530,Villa,Flintemarken 61,7190, Billund,2045000 ,06-04-2020,Alm. Salg,148,13818,5,1988,-7%
530,Villa,Kulsøvej 2,7200, Grindsted,995000 ,02-04-2020,Alm. Salg,136,7316,6,1976,
530,Villa,Søllingdalvej 6,7250, Hejnsvig,770000 ,02-04-2020,Alm. Salg,124,6210,5,1975,-3%
530,Villa,"Solbakken 6, st",7260, Sønder Omme,500000 ,31-03-2020,Alm. Salg,230,2174,6,1925,-16%
530,Villa,Morsbøl Søvej 166,7200, Grindsted,480000 ,30-03-2020,Alm. Salg,190,2526,6,2020,
530,Villa,Systemvej 27,7190, Billund,788144 ,25-03-2020,Fam. Salg,86,9164,4,1959,
530,Villa,Østergade 11,7200, Grindsted,1250000 ,23-03-2020,Alm. Salg,135,9259,6,1919,
530,Villa,Glentevej 29,7200, Grindsted,1200000 ,22-03-2020,Alm. Salg,109,11009,5,1959,
530,Villa,Storegade 23,7200, Grindsted,1120000 ,22-03-2020,Alm. Salg,127,8819,4,1969,-5%
530,Villa,Østergade 44,6623, Vorbasse,1150000 ,22-03-2020,Alm. Salg,142,8099,6,1934,-4%
530,Villa,Poppelvej 4,7200, Grindsted,850000 ,19-03-2020,Alm. Salg,109,7798,5,1961,-5%
530,Villa,Grindsted Landevej 10,7200, Grindsted,895000 ,18-03-2020,Andet,108,8287,4,1953,
530,Villa,Rugvænget 12,7200, Grindsted,825000 ,14-03-2020,Alm. Salg,105,7857,5,1962,
530,Villa,Tusindbenet 3,7190, Billund,571800 ,14-03-2020,Alm. Salg,180,3177,5,2020,
530,Villa,Kvædevej 5,7200, Grindsted,1835000 ,12-03-2020,Alm. Salg,176,10426,6,1976,
530,Villa,Storegade 36,7200, Grindsted,500000 ,12-03-2020,Alm. Salg,121,4132,5,1955,
530,Villa,Fasanvej 30,7190, Billund,1300000 ,12-03-2020,Alm. Salg,98,13265,4,1963,
530,Villa,Gyvelvej 4,7200, Grindsted,870000 ,11-03-2020,Alm. Salg,172,5058,6,1960,-8%
530,Villa,Grindstedvej 72,7260, Sønder Omme,465000 ,11-03-2020,Alm. Salg,98,4745,3,1959,-15%
530,Villa,Krarupvej 4,7200, Grindsted,617500 ,11-03-2020,Andet,143,4318,4,1953,
530,Villa,Østervænget 18,6623, Vorbasse,700000 ,10-03-2020,Alm. Salg,140,5000,5,1980,
530,Villa,Rosenvej 16,7200, Grindsted,475000 ,10-03-2020,Alm. Salg,94,5053,4,1979,-13%
530,Villa,Tusindbenet 1,7190, Billund,536800 ,10-03-2020,Alm. Salg,171,3139,4,2020,
530,Villa,Bygvænget 33,7200, Grindsted,450000 ,09-03-2020,Alm. Salg,90,5000,3,1962,
530,Villa,Markskellet 54,7190, Billund,2150000 ,05-03-2020,Alm. Salg,154,13961,6,1993,-1%
530,Villa,Toften 17,7200, Grindsted,1175000 ,04-03-2020,Alm. Salg,113,10398,4,1974,
530,Villa,Jørgen Glavinds Vej 6,7200, Grindsted,1200000 ,02-03-2020,Alm. Salg,73,16438,3,1957,
530,Villa,Staruphøjevej 16,7250, Hejnsvig,1150000 ,02-03-2020,Alm. Salg,179,6425,5,1874,-8%
530,Villa,Tingstedet 1,7190, Billund,2100000 ,02-03-2020,Alm. Salg,141,14894,6,1997,-2%
530,Villa,Fyrrevænget 403,7190, Billund,1425000 ,27-02-2020,Alm. Salg,109,13073,4,1971,-5%
530,Villa,Sønderkær 222,7190, Billund,1600000 ,27-02-2020,Alm. Salg,145,11034,5,1979,
530,Villa,Søgårdparken 15,7250, Hejnsvig,180000 ,27-02-2020,Alm. Salg,161,1118,5,2021,
530,Villa,Kirkehusvej 14,7200, Grindsted,200000 ,27-02-2020,Alm. Salg,152,1316,6,2021,-27%
530,Villa,Ribersvej 126,7200, Grindsted,1100000 ,26-02-2020,Alm. Salg,128,8594,5,1979,-4%
530,Villa,Østerbo 5,7250, Hejnsvig,625000 ,26-02-2020,Andet,176,3551,6,1948,
530,Villa,Elmelunden 204,7190, Billund,1470000 ,25-02-2020,Alm. Salg,137,10730,5,1964,
530,Villa,Sønderkær 118,7190, Billund,1395000 ,25-02-2020,Alm. Salg,120,11625,4,1977,
530,Villa,Søndermarksvej 402,7190, Billund,1195000 ,24-02-2020,Alm. Salg,107,11168,3,1971,
530,Villa,Plougslundvej 211,7190, Billund,1335000 ,20-02-2020,Alm. Salg,148,9020,5,1973,-11%
530,Villa,Skolegade 17,7200, Grindsted,540900 ,19-02-2020,Auktion,77,7025,4,1921,
530,Villa,Toften 63,7190, Billund,1950000 ,19-02-2020,Alm. Salg,142,13732,5,1967,-2%
530,Villa,Krogagervej 4,7200, Grindsted,1785000 ,19-02-2020,Alm. Salg,151,11821,6,1959,-6%
530,Villa,Sønderkær 230,7190, Billund,1945000 ,19-02-2020,Alm. Salg,149,13054,5,1978,
530,Villa,Engsøparken 11,7200, Grindsted,2300000 ,18-02-2020,Alm. Salg,168,13690,6,1998,-2%
530,Villa,Toften 65,7190, Billund,1645000 ,18-02-2020,Alm. Salg,151,10894,6,1968,
530,Villa,Bredgade 81,7250, Hejnsvig,1240000 ,16-02-2020,Alm. Salg,164,7561,5,1951,-4%
530,Villa,Hyldestien 214,7190, Billund,1775000 ,16-02-2020,Alm. Salg,112,15848,4,2008,-5%
530,Rækkehus,Markskellet 17,7190, Billund,1075000 ,13-02-2020,Alm. Salg,81,13272,3,1988,
530,Villa,Holdgårdsvej 12,7260, Sønder Omme,170000 ,12-02-2020,Alm. Salg,165,1030,5,0,
530,Villa,Sydtoften 237,7200, Grindsted,1795000 ,12-02-2020,Alm. Salg,118,15212,3,2007,
530,Rækkehus,Systemvej 36A,7190, Billund,800000 ,11-02-2020,Alm. Salg,99,8081,4,1964,
530,Villa,Lillevang 14,7190, Billund,4000000 ,11-02-2020,Alm. Salg,314,12739,8,2004,-5%
530,Villa,Søndervold 103,7200, Grindsted,2357000 ,09-02-2020,Alm. Salg,155,15206,6,2009,
530,Villa,Heimdalsvej 12,7200, Grindsted,3000000 ,06-02-2020,Alm. Salg,174,16304,5,1976,152%
530,Villa,Flintemarken 61,7190, Billund,2100000 ,06-02-2020,Alm. Salg,148,14189,5,1988,-3%
530,Villa,Egevangen 4,7200, Grindsted,650000 ,05-02-2020,Alm. Salg,160,4063,5,2021,-21%
530,Villa,Morsbøl Søvej 90,7200, Grindsted,420000 ,04-02-2020,Alm. Salg,192,2188,6,2020,
530,Rækkehus,Sønderkær 331,7190, Billund,1395000 ,02-02-2020,Alm. Salg,128,10898,4,1980,
530,Villa,Dalsvinget 25,7200, Grindsted,476000 ,02-02-2020,Alm. Salg,118,4034,4,1976,-57%
530,Villa,Dalsøvej 34,7200, Grindsted,1100000 ,02-02-2020,Alm. Salg,153,7190,6,1976,-4%
530,Villa,Kløvervænget 8,7200, Grindsted,1090000 ,29-01-2020,Alm. Salg,93,11720,3,1964,-7%
530,Villa,Lægårdsvej 2,7260, Sønder Omme,650000 ,28-01-2020,Alm. Salg,94,6915,5,1963,-5%
530,Villa,Sønderkær 177,7190, Billund,1800000 ,28-01-2020,Alm. Salg,153,11765,5,1978,-3%
530,Villa,Fanøvej 13,7200, Grindsted,1045000 ,27-01-2020,Alm. Salg,108,9676,4,1970,
530,Villa,Østergade 55,6623, Vorbasse,836000 ,27-01-2020,Fam. Salg,95,8800,3,1955,
530,Villa,Engsøvænget 2,7200, Grindsted,600000 ,26-01-2020,Alm. Salg,202,2970,5,2021,
530,Villa,Møllegrunden 18,7260, Sønder Omme,242500 ,26-01-2020,Alm. Salg,134,1810,4,2021,
530,Villa,Ågeslundvej 4,7200, Grindsted,1595000 ,25-01-2020,Alm. Salg,158,10095,5,1966,
530,Villa,Simmelvej 15,7260, Sønder Omme,1100000 ,23-01-2020,Alm. Salg,111,9910,4,1955,
530,Villa,Havrevænget 22,7200, Grindsted,1275000 ,22-01-2020,Alm. Salg,152,8388,4,1961,-9%
530,Villa,Sommers Alle 4,7200, Grindsted,960000 ,22-01-2020,Alm. Salg,131,7328,5,1948,-8%
530,Villa,Egevænget 406,7190, Billund,1995000 ,21-01-2020,Alm. Salg,181,11022,6,1972,
530,Villa,Fanøvej 11,7200, Grindsted,769000 ,20-01-2020,Alm. Salg,141,5454,4,1970,
530,Villa,Vestergade 81,7200, Grindsted,1700000 ,19-01-2020,Alm. Salg,145,11724,5,1998,-10%
530,Villa,Dalsvinget 3,7200, Grindsted,1300000 ,19-01-2020,Alm. Salg,172,7558,6,1976,-7%
530,Villa,Bygvænget 2,7200, Grindsted,839354 ,17-01-2020,Alm. Salg,145,5789,5,1963,
530,Villa,Tusindbenet 22,7190, Billund,601800 ,16-01-2020,Alm. Salg,177,3400,5,2020,
530,Villa,Glentevej 32,7200, Grindsted,450000 ,15-01-2020,Alm. Salg,79,5696,3,1958,-31%
530,Villa,Ahornvej 19,7200, Grindsted,965000 ,15-01-2020,Alm. Salg,108,8935,4,1964,-3%
530,Villa,Præstevænget 3,6623, Vorbasse,490000 ,14-01-2020,Alm. Salg,107,4579,5,1963,
530,Villa,Søndervold 195,7200, Grindsted,2607200 ,12-01-2020,Alm. Salg,167,15612,6,2004,
530,Villa,Lillevang 150,7190, Billund,1825000 ,11-01-2020,Fam. Salg,203,8990,5,2013,
530,Villa,Birkebæk Alle 4,7260, Sønder Omme,1250000 ,08-01-2020,Alm. Salg,212,5896,7,1970,10%
530,Rækkehus,Markskellet 21,7190, Billund,1220000 ,07-01-2020,Alm. Salg,81,15062,3,1988,
530,Villa,Tusindbenet 30,7190, Billund,601800 ,07-01-2020,Alm. Salg,155,3883,5,2020,
530,Villa,Kirkehusvej 9,7200, Grindsted,150000 ,06-01-2020,Alm. Salg,187,802,6,2020,
530,Villa,Egeparken 12,7260, Sønder Omme,1475000 ,05-01-2020,Fam. Salg,154,9578,5,1998,
530,Villa,Søgårdvej 133,7250, Hejnsvig,1200000 ,05-01-2020,Fam. Salg,191,6283,6,1938,
530,Villa,Tribinivej 1,6623, Vorbasse,72720 ,05-01-2020,Alm. Salg,169,430,6,2022,
530,Villa,Ribersvej 168,7200, Grindsted,790208 ,04-01-2020,Andet,147,5376,5,1980,
530,Villa,Løvlundvej 4,7250, Hejnsvig,700000 ,04-01-2020,Andet,118,5932,4,1948,
530,Villa,Engvangen 14,7200, Grindsted,950000 ,02-01-2020,Fam. Salg,145,6552,5,1977,
530,Villa,Hyldestien 246,7190, Billund,694167 ,31-12-2019,Fam. Salg,122,5690,5,2008,
530,Rækkehus,Østergade 4,7200, Grindsted,650000 ,29-12-2019,Alm. Salg,144,4514,5,1918,-6%
530,Villa,Glentevej 25,7200, Grindsted,600000 ,29-12-2019,Alm. Salg,125,4800,4,2020,
530,Villa,Vestervej 6,7200, Grindsted,690000 ,29-12-2019,Alm. Salg,129,5349,5,1943,-13%
530,Villa,Kærvej 313,7190, Billund,1750000 ,29-12-2019,Alm. Salg,156,11218,7,1974,-3%
530,Villa,Kærvej 321,7190, Billund,1575000 ,26-12-2019,Alm. Salg,137,11496,5,1972,
530,Ejerlejlighed,Nørregade 4D,6623, Vorbasse,460000 ,18-12-2019,Alm. Salg,87,5287,3,1902,-16%
530,Villa,Lillevang 17,7190, Billund,2520000 ,18-12-2019,Alm. Salg,155,16258,6,2001,-3%
530,Villa,Lysningen 6,7190, Billund,1475000 ,18-12-2019,Alm. Salg,106,13915,3,1987,
530,Villa,Tribinivej 12,6623, Vorbasse,975000 ,18-12-2019,Fam. Salg,173,5636,6,2010,
530,Villa,Engsøparken 193,7200, Grindsted,2715000 ,17-12-2019,Alm. Salg,177,15339,4,2009,
530,Villa,Nymarksvej 13,7200, Grindsted,2425000 ,17-12-2019,Alm. Salg,188,12899,7,1969,
530,Villa,Engsøparken 231,7200, Grindsted,1850000 ,17-12-2019,Fam. Salg,211,8768,8,2015,
530,Villa,Tingstedet 103,7190, Billund,2500000 ,16-12-2019,Alm. Salg,169,14793,6,1998,
530,Villa,Vestergade 104,7200, Grindsted,750000 ,16-12-2019,Alm. Salg,118,6356,4,1946,
530,Villa,Amtsvejen 69,7200, Grindsted,690000 ,15-12-2019,Alm. Salg,154,4481,4,1936,
530,Villa,Samsøvej 10,7200, Grindsted,1495000 ,15-12-2019,Alm. Salg,179,7475,8,1970,
530,Villa,Engsøparken 97,7200, Grindsted,2000000 ,13-12-2019,Fam. Salg,173,11561,4,2000,
530,Villa,Søndergade 18,6623, Vorbasse,600000 ,12-12-2019,Andet,161,3727,7,1930,
530,Villa,Søndre Boulevard 235,7200, Grindsted,2375000 ,12-12-2019,Alm. Salg,157,15127,5,1994,-1%
530,Rækkehus,Bekkasinvej 10A,7200, Grindsted,1425000 ,11-12-2019,Alm. Salg,88,16193,3,2001,
530,Villa,Kirkegade 6,6623, Vorbasse,930000 ,11-12-2019,Alm. Salg,147,6327,6,1956,
530,Villa,Nørregade 54,7200, Grindsted,1125000 ,10-12-2019,Alm. Salg,104,10817,3,1937,-6%
530,Villa,Rødsøvej 6,7200, Grindsted,995000 ,09-12-2019,Alm. Salg,128,7773,4,1973,-9%
530,Villa,Tusindbenet 12,7190, Billund,601800 ,09-12-2019,Alm. Salg,243,2477,7,2020,
530,Villa,Mølleparken 328,7190, Billund,642410 ,04-12-2019,Fam. Salg,134,4794,4,1981,
530,Villa,Lillevang 18,7190, Billund,2525000 ,01-12-2019,Alm. Salg,161,15683,6,2001,-3%
530,Villa,Elmevangen 6,7200, Grindsted,875000 ,01-12-2019,Alm. Salg,116,7543,5,1961,-2%
530,Villa,Dalsvinget 3,7200, Grindsted,1345000 ,01-12-2019,Alm. Salg,172,7820,6,1976,-4%
530,Villa,Nyvej 20,7250, Hejnsvig,855000 ,01-12-2019,Alm. Salg,98,8724,3,1962,-4%
530,Villa,Rugvænget 5,7200, Grindsted,1400000 ,28-11-2019,Alm. Salg,142,9859,4,1962,-5%
530,Villa,Nymarksvej 8,7200, Grindsted,900000 ,24-11-2019,Alm. Salg,105,8571,4,1965,
530,Villa,Søgårdparken 9,7250, Hejnsvig,2495000 ,21-11-2019,Alm. Salg,188,13271,6,2013,
530,Villa,Teglgaardsvej 8,7200, Grindsted,1300000 ,20-11-2019,Alm. Salg,128,10156,4,1939,-3%
530,Villa,Hovedgaden 50,7260, Sønder Omme,960000 ,20-11-2019,Alm. Salg,115,8348,4,1946,-3%
530,Villa,Søgårdparken 10,7250, Hejnsvig,2450000 ,20-11-2019,Alm. Salg,190,12895,5,2006,-2%
530,Villa,Aakjærsvej 11,7200, Grindsted,760845 ,19-11-2019,Alm. Salg,96,7925,3,1948,
530,Villa,Nørager 39,7260, Sønder Omme,995000 ,18-11-2019,Alm. Salg,124,8024,4,1980,
530,Villa,Stadion Alle 18,7260, Sønder Omme,665000 ,18-11-2019,Alm. Salg,108,6157,5,1920,-3%
530,Villa,Amtsvejen 61,7200, Grindsted,585000 ,17-11-2019,Alm. Salg,73,8014,4,1950,
530,Villa,Lillevang 13,7190, Billund,3040000 ,17-11-2019,Alm. Salg,190,16000,7,2003,
530,Villa,Plougslundvej 213,7190, Billund,1925000 ,13-11-2019,Alm. Salg,178,10815,6,1973,
530,Villa,Gøglervej 11,6623, Vorbasse,263750 ,13-11-2019,Alm. Salg,172,1533,6,2020,
530,Villa,Grønvang 20,7260, Sønder Omme,325000 ,12-11-2019,Alm. Salg,123,2642,5,1955,-6%
530,Ejerlejlighed,"Hovedgaden 44C, 2. th",7190, Billund,2030000 ,11-11-2019,Alm. Salg,130,15615,3,2012,
530,Villa,Sognegårdsvej 4C,7200, Grindsted,1691000 ,11-11-2019,Alm. Salg,107,15804,3,2019,0%
530,Villa,Skjoldbjergvej 55,6623, Vorbasse,2775000 ,10-11-2019,Alm. Salg,188,14761,7,2006,-1%
530,Villa,Morsbølvej 43,7200, Grindsted,2600000 ,08-11-2019,Alm. Salg,190,13684,5,2010,-7%
530,Villa,Dalgasvej 7,7200, Grindsted,550000 ,06-11-2019,Alm. Salg,94,5851,3,1958,-21%
530,Villa,Nollundvej 191,7200, Grindsted,1095000 ,05-11-2019,Alm. Salg,132,8295,4,1902,
530,Rækkehus,Grønningen 8B,7190, Billund,1095000 ,04-11-2019,Alm. Salg,79,13861,3,1987,
530,Villa,Omme Landevej 6,7200, Grindsted,700000 ,04-11-2019,Alm. Salg,77,9091,3,1950,
530,Villa,Solbakken 55,7260, Sønder Omme,1250000 ,04-11-2019,Alm. Salg,135,9259,4,1978,
530,Villa,Poppelvej 6,7200, Grindsted,750000 ,04-11-2019,Andet,141,5319,6,1960,
530,Rækkehus,Søndre Boulevard 361,7200, Grindsted,1125000 ,03-11-2019,Alm. Salg,80,14063,3,1986,-4%
530,Villa,Daugårdvej 39,7250, Hejnsvig,330000 ,03-11-2019,Alm. Salg,135,2444,5,1964,-16%
530,Villa,Søgårdparken 7,7250, Hejnsvig,200000 ,03-11-2019,Alm. Salg,179,1117,5,2021,
530,Villa,Langesøvej 1,7200, Grindsted,920000 ,02-11-2019,Fam. Salg,142,6479,5,1975,
530,Villa,Mossøvej 1,7200, Grindsted,1845000 ,31-10-2019,Alm. Salg,161,11460,6,1974,
530,Villa,Søllingdalvej 26,7250, Hejnsvig,1245000 ,31-10-2019,Alm. Salg,126,9881,5,1976,
530,Rækkehus,Sønderkær 477,7190, Billund,1395000 ,30-10-2019,Alm. Salg,100,13950,5,1986,
530,Villa,Hovedgaden 40,7190, Billund,1050000 ,30-10-2019,Alm. Salg,167,6287,4,1943,
530,Villa,Fyrrevænget 108,7190, Billund,2550000 ,29-10-2019,Alm. Salg,208,12260,7,1969,
530,Rækkehus,Grindstedvej 6,7260, Sønder Omme,330000 ,28-10-2019,Alm. Salg,87,3793,4,1930,-16%
530,Villa,Rugvænget 3,7200, Grindsted,1000000 ,28-10-2019,Alm. Salg,141,7092,6,1963,-9%
530,Villa,Vestermarksvej 35,7200, Grindsted,2500000 ,27-10-2019,Alm. Salg,183,13661,5,1978,-17%
530,Villa,Ågeslundvej 15,7200, Grindsted,830000 ,27-10-2019,Alm. Salg,115,7217,3,1958,-2%
530,Rækkehus,Sønderkær 451,7190, Billund,1237500 ,25-10-2019,Alm. Salg,90,13750,3,1983,
530,Villa,Søllingdalvej 72,7250, Hejnsvig,1700000 ,24-10-2019,Alm. Salg,143,11888,5,1977,-3%
530,Villa,Gammel Bøvlvej 29B,7260, Sønder Omme,1225000 ,24-10-2019,Alm. Salg,178,6882,6,1974,-5%
530,Villa,Bredgade 95,7250, Hejnsvig,900000 ,22-10-2019,Alm. Salg,91,9890,3,1912,-5%
530,Villa,Blåbærvej 8,7200, Grindsted,1375000 ,22-10-2019,Alm. Salg,146,9418,6,1967,
530,Villa,Julsøvej 7,7200, Grindsted,987500 ,21-10-2019,Fam. Salg,208,4748,6,1973,
530,Rækkehus,Søndervold 121,7200, Grindsted,1675000 ,20-10-2019,Alm. Salg,110,15227,3,2007,
530,Ejerlejlighed,"Grønningen 11, st. tv",7200, Grindsted,480000 ,20-10-2019,Alm. Salg,76,6316,2,1967,
530,Villa,Engsøvænget 16,7200, Grindsted,4100000 ,20-10-2019,Alm. Salg,253,16206,7,2010,-9%
530,Villa,Glentevej 34,7200, Grindsted,1255000 ,17-10-2019,Alm. Salg,111,11306,4,1959,-3%
530,Villa,Tarm Landevej 16,7260, Sønder Omme,2665000 ,16-10-2019,Alm. Salg,236,11292,8,1935,
530,Villa,Mølleparken 406,7190, Billund,922500 ,16-10-2019,Andet,130,7096,6,1985,
530,Villa,Birkeholtvej 10,7200, Grindsted,1700000 ,16-10-2019,Fam. Salg,208,8173,8,1937,
530,Villa,Plougstrupvej 9,7200, Grindsted,1800000 ,16-10-2019,Alm. Salg,199,9045,5,1900,-5%
530,Villa,Åhavevej 6,7200, Grindsted,562251 ,15-10-2019,Andet,170,3307,7,1973,-49%
530,Villa,Lindevej 3,7200, Grindsted,500000 ,12-10-2019,Andet,81,6173,3,1961,
530,Villa,Skødevej 1,6623, Vorbasse,3000 ,09-10-2019,Alm. Salg,96,31,4,1937,
530,Rækkehus,Lysningen 36,7190, Billund,1200000 ,08-10-2019,Fam. Salg,95,12632,4,1986,
530,Villa,Elkærskovvej 5,7190, Billund,2175000 ,08-10-2019,Fam. Salg,151,14404,5,1985,
530,Villa,Finlandsvej 12,7200, Grindsted,1850000 ,07-10-2019,Alm. Salg,141,13121,5,1969,-2%
530,Villa,Nørrebyvej 10,6623, Vorbasse,600000 ,07-10-2019,Alm. Salg,113,5310,5,1933,-7%
530,Villa,Mølleparken 364,7190, Billund,1300000 ,03-10-2019,Alm. Salg,120,10833,4,1984,-7%
530,Villa,Skovvej 5,7260, Sønder Omme,1075000 ,03-10-2019,Alm. Salg,248,4335,8,1967,-6%
530,Villa,Søndre Kirkevej 6,7190, Billund,2100000 ,01-10-2019,Alm. Salg,131,16031,4,1857,-4%
530,Villa,Ribersvej 94,7200, Grindsted,581223 ,30-09-2019,Fam. Salg,122,4764,4,1978,
530,Villa,Postgade 3,7200, Grindsted,750000 ,30-09-2019,Alm. Salg,122,6148,5,1928,
530,Villa,Tusindbenet 28,7190, Billund,601800 ,30-09-2019,Alm. Salg,206,2921,6,2020,
530,Villa,Højene 1,7250, Hejnsvig,897500 ,29-09-2019,Alm. Salg,166,5407,6,1971,-10%
530,Villa,Trøllundvej 4,7250, Hejnsvig,1850000 ,26-09-2019,Alm. Salg,286,6469,10,1922,-7%
530,Villa,Kløvervænget 9,7200, Grindsted,1325000 ,26-09-2019,Alm. Salg,108,12269,4,1964,
530,Villa,Krogagervej 14,7200, Grindsted,900000 ,26-09-2019,Alm. Salg,143,6294,4,1955,-10%
530,Villa,Slaugvej 6,6623, Vorbasse,850000 ,23-09-2019,Alm. Salg,138,6159,7,1936,
530,Ejerlejlighed,"Grønningen 5, st. tv",7200, Grindsted,515000 ,22-09-2019,Alm. Salg,76,6776,2,1967,-4%
530,Villa,Langgade 49,7250, Hejnsvig,263500 ,22-09-2019,Fam. Salg,99,2662,3,1979,
530,Villa,Sønderkær 135,7190, Billund,1895000 ,22-09-2019,Alm. Salg,158,11994,5,1978,
530,Villa,Bøgevej 8,6623, Vorbasse,943500 ,21-09-2019,Fam. Salg,124,7609,5,1975,
530,Villa,Daltoften 21,7200, Grindsted,1275000 ,19-09-2019,Alm. Salg,157,8121,7,1977,-2%
530,Villa,Grønningen 14B,7190, Billund,1820000 ,19-09-2019,Alm. Salg,125,14560,5,1997,-3%
530,Villa,Lille Brandevej 7,7260, Sønder Omme,320000 ,18-09-2019,Alm. Salg,115,2783,4,1962,-19%
530,Villa,Fasanvej 3,7190, Billund,1250000 ,17-09-2019,Alm. Salg,99,12626,3,1960,
530,Villa,Birkebæk Alle 10,7260, Sønder Omme,325000 ,16-09-2019,Alm. Salg,166,1958,6,1974,
530,Villa,Åhavevej 32,7200, Grindsted,1700000 ,16-09-2019,Alm. Salg,189,8995,8,1972,-8%
530,Rækkehus,Svinget 15,7200, Grindsted,1600000 ,15-09-2019,Alm. Salg,117,13675,3,0,
530,Villa,Præstevænget 1,6623, Vorbasse,620000 ,14-09-2019,Alm. Salg,131,4733,4,1927,-4%
530,Villa,Gammel Bøvlvej 35,7260, Sønder Omme,290000 ,11-09-2019,Alm. Salg,72,4028,2,1955,
530,Villa,Bænkebideren 3,7190, Billund,571800 ,11-09-2019,Alm. Salg,209,2736,7,2020,
530,Rækkehus,Sønderkær 489,7190, Billund,1210000 ,10-09-2019,Alm. Salg,110,11000,4,1983,-7%
530,Villa,Kærbækvej 11,7200, Grindsted,35000 ,10-09-2019,Alm. Salg,102,343,3,1968,
530,Villa,Søllingdalvej 78,7250, Hejnsvig,895000 ,10-09-2019,Alm. Salg,123,7276,4,1976,
530,Villa,Læsøvej 8,7200, Grindsted,1035000 ,09-09-2019,Alm. Salg,108,9583,4,1969,
530,Villa,Fyrrevænget 213,7190, Billund,2145000 ,08-09-2019,Alm. Salg,180,11917,6,1970,
530,Villa,Sønderkær 159,7190, Billund,1457500 ,08-09-2019,Alm. Salg,174,8376,5,1977,-9%
530,Villa,Skolegade 15,7200, Grindsted,1100000 ,04-09-2019,Alm. Salg,131,8397,6,1927,
530,Villa,Tårngade 15,6623, Vorbasse,595000 ,04-09-2019,Auktion,203,2931,8,1927,
530,Villa,Dalbo 32,7200, Grindsted,800000 ,03-09-2019,Alm. Salg,121,6612,4,1979,
530,Villa,Pilevej 2,7200, Grindsted,750000 ,01-09-2019,Andet,96,7813,3,1962,
530,Villa,Tiphedevej 7,7200, Grindsted,725000 ,01-09-2019,Alm. Salg,120,6042,5,1972,
530,Villa,Postgade 10,7200, Grindsted,315000 ,01-09-2019,Alm. Salg,124,2540,5,1925,-20%
530,Ejerlejlighed,"Grønningen 21, 2. th",7200, Grindsted,670000 ,29-08-2019,Alm. Salg,100,6700,4,1968,-4%
530,Villa,Møllevænget 19,7190, Billund,625567 ,27-08-2019,Fam. Salg,78,8020,3,1965,
530,Villa,Jorden Rundt 37,7200, Grindsted,1300000 ,27-08-2019,Alm. Salg,161,8075,7,1959,-12%
530,Villa,Skovvej 7,7260, Sønder Omme,1070000 ,27-08-2019,Alm. Salg,142,7535,5,1967,-2%
530,Villa,Rødsøvej 15,7200, Grindsted,1535000 ,27-08-2019,Alm. Salg,162,9475,6,1973,-4%
530,Villa,Gammel Vejlevej 14,7200, Grindsted,975000 ,27-08-2019,Alm. Salg,272,3585,10,1919,-2%
530,Villa,Rolighedsvej 10,6623, Vorbasse,390000 ,26-08-2019,Alm. Salg,104,3750,3,1900,
530,Villa,Gribsøvej 5,7200, Grindsted,1425000 ,26-08-2019,Alm. Salg,159,8962,5,1975,-5%
530,Villa,Søndervold 274,7200, Grindsted,1812500 ,26-08-2019,Alm. Salg,142,12764,5,1997,-4%
530,Villa,Nebelvej 43,6623, Vorbasse,950000 ,20-08-2019,Alm. Salg,283,3357,8,1901,-5%
530,Villa,Åhavevej 60,7200, Grindsted,1560000 ,20-08-2019,Alm. Salg,173,9017,6,1972,
530,Villa,Grenevej 1,7190, Billund,3361000 ,19-08-2019,Alm. Salg,227,14806,7,2000,
530,Villa,Møbjergvej 11,7260, Sønder Omme,1100000 ,16-08-2019,Alm. Salg,168,6548,6,1963,-8%
530,Villa,Norgesvej 3,7200, Grindsted,1225000 ,15-08-2019,Alm. Salg,145,8448,5,1971,-5%
530,Villa,Toften 26,7190, Billund,1530000 ,15-08-2019,Alm. Salg,146,10479,5,1968,-4%
530,Villa,Flintemarken 85,7190, Billund,2000000 ,15-08-2019,Alm. Salg,150,13333,6,1987,-5%
530,Villa,Dalsøvej 22,7200, Grindsted,1370000 ,14-08-2019,Alm. Salg,163,8405,6,1979,-2%
530,Villa,Østergaardsvej 16,7200, Grindsted,800000 ,12-08-2019,Alm. Salg,121,6612,5,1940,-3%
530,Villa,Bredgade 97,7250, Hejnsvig,1162500 ,12-08-2019,Alm. Salg,140,8304,4,1995,-7%
530,Villa,Lupinvænget 19,7200, Grindsted,995000 ,11-08-2019,Alm. Salg,98,10153,3,1963,-8%
530,Villa,Dalgasvej 4,6623, Vorbasse,1400000 ,11-08-2019,Alm. Salg,163,8589,5,1997,
530,Villa,Gilbjergvej 27,7250, Hejnsvig,868733 ,08-08-2019,Andet,155,5605,5,1918,
530,Villa,Enghaven 15,7260, Sønder Omme,408000 ,05-08-2019,Fam. Salg,125,2814,6,1938,
530,Villa,Jyllandsgade 28,7200, Grindsted,1937500 ,05-08-2019,Alm. Salg,215,9012,8,1923,-8%
530,Villa,Søndre Boulevard 243,7200, Grindsted,2325000 ,04-08-2019,Alm. Salg,175,13286,6,1995,-5%
530,Villa,Aakjærsvej 1,7200, Grindsted,910000 ,04-08-2019,Alm. Salg,125,7280,4,1945,-4%
530,Ejerlejlighed,Skolegade 6,7200, Grindsted,650000 ,01-08-2019,Alm. Salg,76,8553,3,1913,-16%
530,Villa,Vilhelmsmindevej 46,7260, Sønder Omme,1110000 ,01-08-2019,Alm. Salg,144,7708,5,1941,-3%
530,Villa,Grindstedvej 22,7260, Sønder Omme,900000 ,31-07-2019,Alm. Salg,85,10588,3,1940,-3%
530,Villa,Svinget 7,7200, Grindsted,950000 ,31-07-2019,Alm. Salg,100,9500,4,1956,
530,Villa,Blåbærvej 6,7200, Grindsted,1400000 ,31-07-2019,Alm. Salg,162,8642,7,1967,-6%
530,Villa,Tingstedet 33,7190, Billund,1105520 ,30-07-2019,Alm. Salg,180,6142,8,1995,
530,Villa,Dalsøvej 47,7200, Grindsted,740000 ,29-07-2019,Alm. Salg,114,6491,4,1975,-7%
530,Rækkehus,Nørregade 62A,7200, Grindsted,900000 ,28-07-2019,Alm. Salg,115,7826,5,2021,
530,Villa,Klodhøjvej 9,7250, Hejnsvig,200000 ,28-07-2019,Alm. Salg,37,5405,1,1971,
530,Villa,Tusindbenet 10,7190, Billund,571800 ,28-07-2019,Alm. Salg,183,3125,5,2020,
530,Villa,Banegårdsvej 49,7200, Grindsted,900000 ,24-07-2019,Alm. Salg,162,5556,6,1917,-10%
530,Villa,Tinsoldaten 27,7190, Billund,537500 ,24-07-2019,Alm. Salg,205,2622,6,2020,
530,Villa,Enghaven 1,7260, Sønder Omme,5000 ,21-07-2019,Alm. Salg,135,37,5,1920,
530,Villa,Løvlundvej 6,7190, Billund,627214 ,21-07-2019,Andet,154,4073,5,1921,
530,Villa,Skovvej 26,7260, Sønder Omme,1000000 ,21-07-2019,Alm. Salg,94,10638,3,1958,-5%
530,Villa,Kronhedevej 8,7200, Grindsted,1015000 ,20-07-2019,Alm. Salg,159,6384,6,1973,-7%
530,Villa,Plougslundvej 153,7190, Billund,1795000 ,17-07-2019,Alm. Salg,150,11967,5,1974,
530,Villa,Vesterled 8,7260, Sønder Omme,580000 ,15-07-2019,Alm. Salg,190,3053,6,1957,-10%
530,Villa,Nørreled 33,7200, Grindsted,875000 ,14-07-2019,Alm. Salg,102,8578,3,1953,-7%
530,Villa,Lupinvænget 24,7200, Grindsted,1005000 ,11-07-2019,Alm. Salg,94,10691,3,1963,-6%
530,Villa,Stenvej 16,7200, Grindsted,980000 ,11-07-2019,Alm. Salg,150,6533,4,1955,
530,Villa,Ågeslundvej 2,7200, Grindsted,1625000 ,11-07-2019,Alm. Salg,184,8832,6,1955,-4%
530,Villa,Markskellet 12,7190, Billund,2400000 ,10-07-2019,Alm. Salg,166,14458,6,1998,-4%
530,Villa,Kronhedevej 3,7200, Grindsted,1475000 ,09-07-2019,Alm. Salg,158,9335,6,1972,-5%
530,Villa,Egevej 12,7260, Sønder Omme,560000 ,09-07-2019,Alm. Salg,108,5185,4,1967,-6%
530,Villa,Stenvej 19,7200, Grindsted,775000 ,09-07-2019,Alm. Salg,123,6301,5,1962,
530,Villa,Solsortvej 15,7200, Grindsted,1800000 ,03-07-2019,Auktion,144,12500,5,1959,
530,Villa,Sydtoften 43,7200, Grindsted,1487500 ,03-07-2019,Fam. Salg,181,8218,6,1984,
530,Villa,Egeparken 22,7260, Sønder Omme,1995000 ,02-07-2019,Alm. Salg,162,12315,5,2006,
530,Villa,Birksøvej 8,7200, Grindsted,1600000 ,02-07-2019,Fam. Salg,167,9581,6,1973,
530,Villa,Fynsgade 19,7200, Grindsted,650000 ,01-07-2019,Alm. Salg,109,5963,4,1959,-27%
530,Villa,Tingstedet 116,7190, Billund,2475000 ,30-06-2019,Alm. Salg,183,13525,6,1998,-3%
530,Villa,Mossøvej 8,7200, Grindsted,1900000 ,30-06-2019,Alm. Salg,149,12752,7,1973,
530,Villa,Billundvej 8,7250, Hejnsvig,325000 ,28-06-2019,Fam. Salg,123,2642,4,1952,
530,Villa,Daltoften 12,7200, Grindsted,1340000 ,27-06-2019,Alm. Salg,150,8933,5,1980,-7%
530,Villa,Sydtoften 13,7200, Grindsted,1645000 ,27-06-2019,Alm. Salg,124,13266,5,1981,
530,Villa,Dalgasvej 16,6623, Vorbasse,2200000 ,27-06-2019,Alm. Salg,179,12291,6,1988,
530,Villa,Grønvang 8,7260, Sønder Omme,325000 ,26-06-2019,Alm. Salg,98,3316,3,1952,-18%
530,Villa,Norgesvej 12,7200, Grindsted,1500000 ,26-06-2019,Alm. Salg,132,11364,4,1969,0%
530,Villa,Fasanvej 8,7190, Billund,1775000 ,26-06-2019,Alm. Salg,144,12326,6,1959,
530,Villa,Tolvalenvej 13,7260, Sønder Omme,588000 ,26-06-2019,Alm. Salg,100,5880,4,1965,-2%
530,Villa,Bænkebideren 14,7190, Billund,601800 ,26-06-2019,Alm. Salg,183,3289,5,2020,
530,Villa,Møllevej 2,7190, Billund,1885000 ,25-06-2019,Alm. Salg,161,11708,5,1974,-6%
530,Villa,Elmevangen 5,7200, Grindsted,1242500 ,24-06-2019,Alm. Salg,135,9204,4,1960,
530,Villa,Ølandsvej 5,7200, Grindsted,1495000 ,24-06-2019,Alm. Salg,142,10528,5,1971,
530,Villa,Sverrigsvej 9,7200, Grindsted,950000 ,24-06-2019,Alm. Salg,120,7917,4,1969,-13%
530,Villa,Dalbo 76,7200, Grindsted,1700000 ,23-06-2019,Alm. Salg,160,10625,5,1978,-3%
530,Villa,Fyrrevænget 407,7190, Billund,875000 ,23-06-2019,Alm. Salg,108,8102,3,1970,
530,Villa,Sønderkær 441,7190, Billund,1585000 ,23-06-2019,Alm. Salg,164,9665,7,1986,-4%
530,Villa,Åhavevej 42,7200, Grindsted,1800000 ,23-06-2019,Alm. Salg,189,9524,6,1972,
530,Villa,Vesterled 16,7260, Sønder Omme,890000 ,21-06-2019,Alm. Salg,178,5000,6,1962,
530,Villa,Østervænget 20,6623, Vorbasse,1000000 ,19-06-2019,Alm. Salg,116,8621,4,1980,-9%
530,Villa,Rungborgvej 8,7250, Hejnsvig,275000 ,19-06-2019,Auktion,127,2165,4,1960,
530,Villa,Egebjerg Landevej 73,7250, Hejnsvig,450000 ,19-06-2019,Alm. Salg,188,2394,6,1914,-50%
530,Villa,Solsortvej 9B,7200, Grindsted,2425000 ,17-06-2019,Alm. Salg,210,11548,6,1972,-3%
530,Villa,Skjoldbjergvej 55,6623, Vorbasse,2795000 ,17-06-2019,Alm. Salg,188,14867,7,2006,
530,Villa,Håndværkervej 3,6623, Vorbasse,1625000 ,17-06-2019,Alm. Salg,209,7775,7,1978,
530,Villa,Bænkebideren 12,7190, Billund,601800 ,17-06-2019,Alm. Salg,186,3235,6,2020,
530,Villa,Tusindbenet 44,7190, Billund,601800 ,16-06-2019,Alm. Salg,160,3761,5,2020,
530,Villa,Engsøparken 223,7200, Grindsted,2030000 ,16-06-2019,Alm. Salg,144,14097,5,2010,-6%
530,Rækkehus,Sønderkær 427A,7190, Billund,1100000 ,14-06-2019,Alm. Salg,77,14286,3,1986,-2%
530,Villa,Kløvervænget 1,7200, Grindsted,1200000 ,14-06-2019,Alm. Salg,142,8451,6,1963,-7%
530,Villa,Flintemarken 57,7190, Billund,1670000 ,14-06-2019,Alm. Salg,125,13360,5,1990,
530,Villa,Solvej 3,7190, Billund,1140000 ,13-06-2019,Fam. Salg,201,5672,5,1942,
530,Villa,Nørrebyvej 4,6623, Vorbasse,1000000 ,12-06-2019,Alm. Salg,124,8065,5,1932,
530,Villa,Østervænget 60,6623, Vorbasse,1090000 ,09-06-2019,Alm. Salg,125,8720,4,1981,
530,Villa,Hørlycks Alle 20,7200, Grindsted,26800 ,07-06-2019,Alm. Salg,87,308,3,1942,
530,Rækkehus,Sønderkær 471,7190, Billund,1250000 ,05-06-2019,Alm. Salg,99,12626,4,1986,
530,Villa,Elmelunden 212,7190, Billund,1295000 ,04-06-2019,Alm. Salg,145,8931,5,1964,
530,Villa,Bøvlvej 171,7260, Sønder Omme,200000 ,04-06-2019,Alm. Salg,159,1258,5,1942,
530,Villa,Pilevej 5,7200, Grindsted,1050000 ,03-06-2019,Alm. Salg,148,7095,4,1962,
530,Villa,Fasanvej 26,7190, Billund,811000 ,30-05-2019,Alm. Salg,112,7241,5,1959,2%
530,Villa,Rolighedsvej 11,6623, Vorbasse,1630000 ,28-05-2019,Alm. Salg,145,11241,5,2006,-4%
530,Villa,Tingstedet 89,7190, Billund,2375000 ,28-05-2019,Alm. Salg,159,14937,5,1998,
530,Villa,Lillevang 32,7190, Billund,2650000 ,28-05-2019,Alm. Salg,186,14247,5,2009,-2%
530,Villa,Grønvang 9,7260, Sønder Omme,1175000 ,27-05-2019,Alm. Salg,191,6152,4,1972,-2%
530,Villa,Klosterhedevej 21,7200, Grindsted,925000 ,27-05-2019,Alm. Salg,123,7520,4,1972,-7%
530,Villa,Skjoldbjergvej 58,6623, Vorbasse,520000 ,27-05-2019,Alm. Salg,183,2842,7,1944,-19%
530,Villa,Lupinvænget 8,7200, Grindsted,815000 ,27-05-2019,Alm. Salg,85,9588,4,1964,-1%
530,Villa,Egevænget 312,7190, Billund,1870000 ,23-05-2019,Alm. Salg,150,12467,5,1972,-5%
530,Villa,Kirkebyvej 144,7260, Sønder Omme,1195000 ,23-05-2019,Alm. Salg,173,6908,5,2001,
530,Villa,Grindstedvej 41,7260, Sønder Omme,620000 ,22-05-2019,Alm. Salg,133,4662,4,1958,-11%
530,Villa,Finlandsvej 7,7200, Grindsted,1400000 ,22-05-2019,Alm. Salg,179,7821,7,1968,-2%
530,Villa,Skærsigvej 4,7260, Sønder Omme,475000 ,22-05-2019,Alm. Salg,138,3442,5,1932,-10%
530,Villa,Dalsøvej 30,7200, Grindsted,1375000 ,22-05-2019,Alm. Salg,128,10742,4,1976,
530,Villa,Dalsøvej 57,7200, Grindsted,1175000 ,19-05-2019,Alm. Salg,131,8969,5,1976,
530,Villa,Sønderhedevej 24,6623, Vorbasse,1770000 ,18-05-2019,Alm. Salg,164,10793,9,1960,-6%
530,Villa,Mølleparken 422,7190, Billund,1975000 ,15-05-2019,Alm. Salg,161,12267,5,1984,-1%
530,Villa,Møllevænget 19,7190, Billund,1250000 ,15-05-2019,Alm. Salg,78,16026,3,1965,-1%
530,Villa,Søndermarksvej 412,7190, Billund,2100000 ,15-05-2019,Alm. Salg,183,11475,6,1973,-4%
530,Villa,Kirkevænget 2,6623, Vorbasse,1400000 ,15-05-2019,Alm. Salg,176,7955,5,1973,-6%
530,Villa,Nebelvej 10,6623, Vorbasse,625000 ,15-05-2019,Alm. Salg,117,5342,3,1957,
530,Villa,Omme Landevej 16,7200, Grindsted,484500 ,14-05-2019,Fam. Salg,67,7231,4,1953,
530,Villa,Lillesøvej 1,7200, Grindsted,1250000 ,14-05-2019,Fam. Salg,149,8389,4,1975,
530,Villa,Nollundvej 111,7200, Grindsted,295000 ,12-05-2019,Alm. Salg,124,2379,4,1961,-25%
530,Villa,Sønderkær 385,7190, Billund,1645000 ,09-05-2019,Alm. Salg,130,12654,4,1985,-6%
530,Villa,Mølleparken 231,7190, Billund,3345000 ,09-05-2019,Alm. Salg,260,12865,5,1976,
530,Villa,Solsortvej 2,7190, Billund,1740000 ,09-05-2019,Alm. Salg,109,15963,4,1961,-1%
530,Villa,Daugårdvej 23,7250, Hejnsvig,395000 ,09-05-2019,Fam. Salg,122,3238,4,1929,
530,Villa,Plougslundvej 237,7190, Billund,2250000 ,02-05-2019,Alm. Salg,213,10563,6,1974,-2%
530,Villa,Sønderhedevej 8,6623, Vorbasse,725000 ,30-04-2019,Alm. Salg,127,5709,5,1958,
530,Villa,Søndre Boulevard 215,7200, Grindsted,2100000 ,30-04-2019,Alm. Salg,163,12883,6,1994,-5%
530,Villa,Ahornvej 25,7200, Grindsted,857000 ,30-04-2019,Alm. Salg,116,7388,4,1965,-2%
530,Villa,Søgårdparken 17,7250, Hejnsvig,2085000 ,30-04-2019,Alm. Salg,203,10271,5,2007,-3%
530,Villa,Systemvej 30,7190, Billund,1300000 ,28-04-2019,Alm. Salg,180,7222,7,1963,
530,Villa,Bygvænget 19,7200, Grindsted,555000 ,28-04-2019,Alm. Salg,119,4664,4,1963,2%
530,Villa,Vejle Landevej 44,7200, Grindsted,786500 ,28-04-2019,Andet,252,3121,10,1952,
530,Villa,Enghaven 5,7260, Sønder Omme,1050000 ,26-04-2019,Alm. Salg,218,4817,6,1937,-4%
530,Ejerlejlighed,"Grønningen 13, 1. tv",7200, Grindsted,512710 ,25-04-2019,Andet,53,9674,2,1967,
530,Villa,Ravlundvej 11,7200, Grindsted,695000 ,25-04-2019,Alm. Salg,150,4633,4,1942,
530,Villa,Lærkevang 3,7200, Grindsted,1200000 ,25-04-2019,Andet,99,12121,3,1964,
530,Villa,Grønningen 20,7190, Billund,1800000 ,25-04-2019,Alm. Salg,139,12950,5,1998,-5%
530,Villa,Meldhedevej 1,7200, Grindsted,1167500 ,23-04-2019,Alm. Salg,129,9050,4,1976,-1%
530,Villa,Skovgårdsvej 14,7200, Grindsted,350000 ,21-04-2019,Alm. Salg,97,3608,4,1947,
530,Villa,Dalsøvej 33,7200, Grindsted,1000000 ,16-04-2019,Alm. Salg,116,8621,4,1976,-9%
530,Villa,Søndervold 145,7200, Grindsted,2050000 ,14-04-2019,Alm. Salg,170,12059,6,2004,-7%
530,Villa,Engsøparken 211,7200, Grindsted,1995000 ,11-04-2019,Alm. Salg,139,14353,4,2007,
530,Villa,Jørgen Glavinds Vej 3,7200, Grindsted,475000 ,09-04-2019,Alm. Salg,134,3545,4,2019,
530,Villa,Sønderkær 191,7190, Billund,1510000 ,08-04-2019,Alm. Salg,143,10559,5,1977,-2%
530,Villa,Havrevænget 27,7200, Grindsted,870000 ,07-04-2019,Alm. Salg,118,7373,4,1961,-10%
530,Villa,Morsbølvej 93,7200, Grindsted,3450000 ,06-04-2019,Alm. Salg,209,16507,7,2018,-1%
530,Villa,Nørrevej 18,7200, Grindsted,600000 ,04-04-2019,Alm. Salg,93,6452,3,1948,
530,Villa,Egevænget 112,7190, Billund,2000000 ,04-04-2019,Alm. Salg,188,10638,7,1972,
530,Villa,Engsøparken 51,7200, Grindsted,2200000 ,03-04-2019,Alm. Salg,145,15172,5,2005,
530,Villa,Bænkebideren 10,7190, Billund,601800 ,03-04-2019,Alm. Salg,185,3253,7,2019,
530,Villa,Gilbjergvej 1,6623, Vorbasse,342500 ,02-04-2019,Alm. Salg,163,2101,5,1957,
530,Villa,Nyvej 23,7250, Hejnsvig,1160000 ,01-04-2019,Alm. Salg,152,7632,6,1967,-3%
530,Villa,Glentevej 29,7200, Grindsted,1200000 ,31-03-2019,Alm. Salg,109,11009,5,1959,
530,Villa,Egevænget 413,7190, Billund,1227000 ,30-03-2019,Fam. Salg,234,5244,9,1974,
530,Villa,Tusborgvej 17,7200, Grindsted,760000 ,29-03-2019,Alm. Salg,163,4663,5,1935,-4%
530,Villa,Nørregade 33,7200, Grindsted,1200000 ,29-03-2019,Alm. Salg,134,8955,5,1936,-7%
530,Ejerlejlighed,"Hovedgaden 44, 1",7260, Sønder Omme,850000 ,28-03-2019,Alm. Salg,64,13281,3,1908,
530,Villa,Skovparken 304,7190, Billund,1300000 ,27-03-2019,Alm. Salg,228,5702,7,1964,
530,Villa,Fyrrevænget 314,7190, Billund,1445000 ,27-03-2019,Alm. Salg,135,10704,5,1970,-6%
530,Villa,Blåhøjvej 2,7200, Grindsted,350000 ,27-03-2019,Alm. Salg,84,4167,3,1955,
530,Villa,Boldingvej 3,7250, Hejnsvig,1498000 ,27-03-2019,Alm. Salg,129,11612,5,2004,
530,Villa,Solbakken 21,7260, Sønder Omme,1060000 ,26-03-2019,Alm. Salg,120,8833,4,1976,
530,Villa,Bredgade 95,7250, Hejnsvig,270000 ,25-03-2019,Alm. Salg,91,2967,3,1912,
530,Villa,Ribersvej 218,7200, Grindsted,940000 ,22-03-2019,Alm. Salg,121,7769,4,1980,-10%
530,Villa,Engvangen 20,7200, Grindsted,1200000 ,22-03-2019,Alm. Salg,162,7407,5,1976,-7%
530,Villa,Gammel Bøvlvej 31,7260, Sønder Omme,1350000 ,20-03-2019,Alm. Salg,159,8491,5,1949,-8%
530,Villa,Morsbøl Søvej 162,7200, Grindsted,480111 ,14-03-2019,Alm. Salg,176,2728,6,2022,
530,Ejerlejlighed,"Borgergade 32, 1",7200, Grindsted,1033000 ,13-03-2019,Auktion,97,10649,4,1908,
530,Villa,Mølleparken 105,7190, Billund,1175000 ,13-03-2019,Alm. Salg,143,8217,5,1976,-9%
530,Villa,Lillevang 136,7190, Billund,1762500 ,13-03-2019,Fam. Salg,179,9846,5,2017,
530,Villa,Egevej 3,7260, Sønder Omme,537500 ,11-03-2019,Alm. Salg,100,5375,4,1965,-4%
530,Villa,Rømøvej 1,7200, Grindsted,1375000 ,11-03-2019,Alm. Salg,146,9418,5,1971,-1%
530,Villa,Mandøvej 10,7200, Grindsted,1245000 ,11-03-2019,Alm. Salg,128,9727,5,1970,
530,Villa,Omme Landevej 4,7200, Grindsted,545000 ,10-03-2019,Alm. Salg,75,7267,3,1962,
530,Villa,Markskellet 57,7190, Billund,1675000 ,07-03-2019,Alm. Salg,126,13294,5,1988,
530,Villa,Nørregade 47,7200, Grindsted,1070000 ,07-03-2019,Alm. Salg,156,6859,6,1944,-2%
530,Villa,Filsøvej 4,7200, Grindsted,844000 ,06-03-2019,Fam. Salg,154,5481,6,1974,
530,Rækkehus,Herningvej 10A,7260, Sønder Omme,230000 ,05-03-2019,Alm. Salg,113,2035,3,1919,
530,Ejerlejlighed,"Banegårdsvej 29, 1",7200, Grindsted,700000 ,03-03-2019,Alm. Salg,64,10938,2,1987,
530,Villa,Gammel Bøvlvej 34,7260, Sønder Omme,725000 ,02-03-2019,Alm. Salg,128,5664,5,1965,
530,Rækkehus,Jyllandsgade 35,7200, Grindsted,750000 ,26-02-2019,Alm. Salg,98,7653,4,2020,
530,Villa,Tegnhøjvej 34,7250, Hejnsvig,695000 ,26-02-2019,Alm. Salg,167,4162,6,1928,
530,Villa,Brombærvej 5,7200, Grindsted,880000 ,26-02-2019,Alm. Salg,88,10000,4,1967,-2%
530,Villa,Toften 53,7190, Billund,1750000 ,25-02-2019,Alm. Salg,118,14831,4,1967,3%
530,Villa,Rahbæksparken 102,7260, Sønder Omme,155000 ,24-02-2019,Alm. Salg,172,901,5,2019,
530,Rækkehus,Markskellet 15,7190, Billund,1200000 ,21-02-2019,Alm. Salg,81,14815,3,1988,-5%
530,Rækkehus,Grønningen 26,7190, Billund,930000 ,21-02-2019,Alm. Salg,71,13099,2,1988,-7%
530,Villa,Stadion Alle 26,7260, Sønder Omme,530000 ,21-02-2019,Alm. Salg,109,4862,4,1948,-9%
530,Rækkehus,Grønningen 4B,7190, Billund,1070000 ,20-02-2019,Alm. Salg,79,13544,3,1987,
530,Villa,Lillevang 124,7190, Billund,2910000 ,18-02-2019,Alm. Salg,177,16441,5,2010,-3%
530,Villa,Enghaven 27,7260, Sønder Omme,850000 ,16-02-2019,Alm. Salg,251,3386,8,1947,
530,Villa,Højene 15,7250, Hejnsvig,850000 ,13-02-2019,Alm. Salg,162,5247,5,1973,
530,Ejerlejlighed,"Grønningen 7, 2. tv",7200, Grindsted,635000 ,12-02-2019,Alm. Salg,88,7216,3,1967,-6%
530,Villa,Nørreled 22,7200, Grindsted,2330000 ,12-02-2019,Alm. Salg,144,16181,5,2018,4%
530,Villa,Søllingdalvej 14,7250, Hejnsvig,860000 ,11-02-2019,Alm. Salg,143,6014,6,1974,-2%
530,Villa,Kærtoften 16,7200, Grindsted,1095000 ,10-02-2019,Alm. Salg,164,6677,7,1972,
530,Villa,Solsortvej 13,7200, Grindsted,995000 ,10-02-2019,Alm. Salg,142,7007,4,1959,
530,Villa,Spurvevej 17,7200, Grindsted,800000 ,09-02-2019,Alm. Salg,88,9091,4,1959,-5%
530,Villa,Toften 51,7190, Billund,1380000 ,08-02-2019,Alm. Salg,154,8961,5,1970,-1%
530,Villa,Søndre Boulevard 251,7200, Grindsted,1935000 ,06-02-2019,Alm. Salg,163,11871,5,1991,-3%
530,Villa,Klosterhedevej 4,7200, Grindsted,1150000 ,06-02-2019,Alm. Salg,126,9127,5,1972,-4%
530,Ejerlejlighed,"Skjoldbjergvej 45, st. th",6623, Vorbasse,2400000 ,04-02-2019,Alm. Salg,182,13187,4,1912,-4%
530,Ejerlejlighed,"Borgergade 8B, 1",7200, Grindsted,1075000 ,04-02-2019,Alm. Salg,73,14726,2,1892,
530,Villa,Fittingvej 6,6623, Vorbasse,775000 ,03-02-2019,Alm. Salg,133,5827,4,1965,-8%
530,Villa,Amtsvejen 53,7200, Grindsted,1485000 ,31-01-2019,Alm. Salg,133,11165,3,1936,-4%
530,Ejerlejlighed,"Nørregade 9, 1",7200, Grindsted,950000 ,30-01-2019,Alm. Salg,91,10440,3,1954,
530,Ejerlejlighed,"Nørregade 13, 1",7200, Grindsted,1700000 ,30-01-2019,Alm. Salg,132,12879,5,1963,
530,Villa,Lillevang 20,7190, Billund,2400000 ,30-01-2019,Alm. Salg,146,16438,5,2002,-2%
530,Villa,Tingstedet 5,7190, Billund,2485000 ,30-01-2019,Alm. Salg,176,14119,7,1994,-6%
530,Villa,Grønvang 30,7260, Sønder Omme,1000000 ,28-01-2019,Alm. Salg,175,5714,5,1951,-9%
530,Ejerlejlighed,"Grønningen 5, 1. tv",7200, Grindsted,450000 ,27-01-2019,Alm. Salg,76,5921,2,1967,-9%
530,Villa,Rahbæksparken 108,7260, Sønder Omme,155000 ,27-01-2019,Alm. Salg,171,906,5,2019,
530,Villa,Pilestien 394,7190, Billund,513573 ,23-01-2019,Alm. Salg,122,4210,5,2009,
530,Villa,Kirkehusvej 17,7200, Grindsted,170000 ,23-01-2019,Alm. Salg,169,1006,6,2019,
530,Villa,Tinsoldaten 27,7190, Billund,537500 ,23-01-2019,Alm. Salg,205,2622,6,2020,
530,Villa,Rosengårdsvej 1,7250, Hejnsvig,565000 ,22-01-2019,Alm. Salg,127,4449,4,1968,-5%
530,Villa,Krogagervej 36,7200, Grindsted,461309 ,21-01-2019,Andet,134,3443,5,1960,
530,Villa,Åhavevej 22,7200, Grindsted,1425000 ,21-01-2019,Alm. Salg,209,6477,5,1972,-5%
530,Villa,Skjoldbjergvej 62,6623, Vorbasse,390000 ,17-01-2019,Alm. Salg,136,2868,5,1967,
530,Villa,Åhavevej 16,7200, Grindsted,1292000 ,17-01-2019,Fam. Salg,173,7468,5,1972,
530,Rækkehus,Banevej 2,7200, Grindsted,100000 ,16-01-2019,Alm. Salg,104,962,3,1922,
530,Villa,Rankenbjergvej 1,6623, Vorbasse,1500000 ,16-01-2019,Fam. Salg,190,7895,6,1918,
530,Villa,Nørre Alle 19,7200, Grindsted,501500 ,15-01-2019,Fam. Salg,80,6269,4,1919,
530,Villa,Morsbølvej 91,7200, Grindsted,443750 ,13-01-2019,Alm. Salg,205,2165,7,0,
530,Villa,Søgårdparken 2,7250, Hejnsvig,1450000 ,11-01-2019,Alm. Salg,160,9063,5,1997,-2%
530,Villa,Skovparken 210,7190, Billund,675000 ,09-01-2019,Fam. Salg,190,3553,6,1969,
530,Villa,Kærvej 311,7190, Billund,733332 ,07-01-2019,Andet,203,3612,8,1973,
530,Villa,Bænkebideren 2,7190, Billund,536800 ,07-01-2019,Alm. Salg,137,3918,6,2019,
530,Villa,Farvergade 19,7260, Sønder Omme,100000 ,07-01-2019,Alm. Salg,161,621,4,2020,
530,Villa,Søndervold 126,7200, Grindsted,1500000 ,03-01-2019,Alm. Salg,152,9868,6,1999,
530,Villa,Skrænten 12,7250, Hejnsvig,550000 ,31-12-2018,Alm. Salg,233,2361,8,1982,
530,Villa,Nyvej 16A,7250, Hejnsvig,476000 ,30-12-2018,Fam. Salg,86,5535,4,1954,
530,Villa,Solbakken 25,7260, Sønder Omme,545000 ,29-12-2018,Alm. Salg,128,4258,5,1977,-8%
530,Villa,Søndermarksvej 107,7190, Billund,2350000 ,23-12-2018,Alm. Salg,164,14329,5,2005,-6%
530,Villa,Vejlevej 41,7260, Sønder Omme,960000 ,20-12-2018,Alm. Salg,171,5614,5,1974,-4%
530,Villa,Sydtoften 119,7200, Grindsted,1295000 ,20-12-2018,Alm. Salg,120,10792,5,1987,
530,Villa,Enghaven 11,7260, Sønder Omme,800000 ,20-12-2018,Alm. Salg,155,5161,5,1947,-6%
530,Villa,Morsbøl Søvej 96,7200, Grindsted,420200 ,20-12-2018,Alm. Salg,172,2443,6,2019,
530,Villa,Kirkeby Alle 4,7260, Sønder Omme,595000 ,18-12-2018,Alm. Salg,141,4220,4,1976,
530,Villa,Farvergade 18,7260, Sønder Omme,260000 ,17-12-2018,Alm. Salg,226,858,7,2020,
530,Villa,Brunbjergvej 7,7190, Billund,2290000 ,16-12-2018,Alm. Salg,203,11281,6,1934,
530,Villa,Ribersvej 112,7200, Grindsted,1000000 ,13-12-2018,Fam. Salg,153,6536,6,1979,
530,Villa,Fasanvej 22,7190, Billund,1025000 ,13-12-2018,Alm. Salg,131,7824,5,1960,-2%
530,Villa,Åmosevej 2,7200, Grindsted,707500 ,13-12-2018,Andet,156,4535,5,1900,
530,Villa,Tingstedet 103,7190, Billund,2395000 ,11-12-2018,Alm. Salg,169,14172,6,1998,
530,Villa,Grønlandsvej 5,7200, Grindsted,1695000 ,11-12-2018,Alm. Salg,161,10528,5,1971,-3%
530,Villa,Mølleparken 215,7190, Billund,1850000 ,11-12-2018,Alm. Salg,142,13028,5,1976,
530,Villa,Mølleparken 204,7190, Billund,1495000 ,09-12-2018,Alm. Salg,125,11960,4,1975,
530,Villa,Skovparken 406,7190, Billund,2425000 ,05-12-2018,Alm. Salg,171,14181,5,1966,-3%
530,Villa,Tingstedet 9,7190, Billund,2995000 ,05-12-2018,Alm. Salg,184,16277,6,1997,
530,Villa,Pilevej 9,7200, Grindsted,975000 ,04-12-2018,Alm. Salg,127,7677,4,1961,-2%
530,Villa,Søgårdparken 11,7250, Hejnsvig,180000 ,04-12-2018,Alm. Salg,181,994,6,2019,
530,Ejerlejlighed,"Banegårdsvej 3B, 1. th",7200, Grindsted,800000 ,03-12-2018,Alm. Salg,87,9195,3,1988,
530,Villa,Jyllandsgade 18,7200, Grindsted,730000 ,29-11-2018,Alm. Salg,100,7300,4,1949,-3%
530,Villa,Højene 3,7250, Hejnsvig,580000 ,29-11-2018,Alm. Salg,128,4531,3,1970,-14%
530,Villa,Mølleparken 118,7190, Billund,1120000 ,28-11-2018,Alm. Salg,113,9912,4,1975,
530,Villa,Dalagervej 8,6623, Vorbasse,1450000 ,27-11-2018,Alm. Salg,144,10069,5,2000,
530,Villa,Lærkevang 9A,7200, Grindsted,1494000 ,26-11-2018,Alm. Salg,117,12769,4,2019,
530,Villa,Fasanvej 8,7190, Billund,850293 ,26-11-2018,Andet,144,5905,6,1959,
530,Rækkehus,Dalsvinget 18D,7200, Grindsted,875150 ,25-11-2018,Alm. Salg,96,9116,4,1978,4%
530,Ejerlejlighed,"Hovedgaden 4, 1",7260, Sønder Omme,978000 ,25-11-2018,Alm. Salg,157,6229,5,1917,
530,Villa,Åvej 10,7260, Sønder Omme,421872 ,23-11-2018,Andet,82,5145,3,1930,
530,Villa,Vestervang 20,7190, Billund,2150000 ,22-11-2018,Alm. Salg,150,14333,6,1986,-4%
530,Villa,Sønderkær 177,7190, Billund,1750000 ,21-11-2018,Alm. Salg,153,11438,5,1978,-7%
530,Rækkehus,Sønderkær 323,7190, Billund,1150000 ,20-11-2018,Alm. Salg,110,10455,4,1980,-8%
530,Ejerlejlighed,"Grønningen 7, st. th",7200, Grindsted,645000 ,20-11-2018,Alm. Salg,88,7330,3,1967,-7%
530,Villa,Åbakkevej 15,7200, Grindsted,1525000 ,20-11-2018,Alm. Salg,219,6963,5,1977,-15%
530,Villa,Blåhøjvej 1,7200, Grindsted,500000 ,19-11-2018,Alm. Salg,83,6024,5,1955,
530,Villa,Lyngvej 8,7200, Grindsted,1375000 ,19-11-2018,Alm. Salg,108,12731,4,1967,-1%
530,Villa,Bænkebideren 30,7190, Billund,671175 ,18-11-2018,Alm. Salg,187,3589,6,2019,
530,Rækkehus,Søndervold 62,7200, Grindsted,675000 ,14-11-2018,Alm. Salg,61,11066,2,1993,-3%
530,Villa,Tyttebærvej 13,7200, Grindsted,1200000 ,14-11-2018,Alm. Salg,146,8219,5,1968,-7%
530,Villa,Elmelunden 105,7190, Billund,1110000 ,13-11-2018,Alm. Salg,115,9652,4,1984,-8%
530,Villa,Lindevej 16,7190, Billund,1250000 ,13-11-2018,Alm. Salg,122,10246,4,1973,-4%
530,Villa,Islandsvej 5,7200, Grindsted,1080000 ,11-11-2018,Alm. Salg,155,6316,7,1969,-10%
530,Villa,Vestervang 34,7190, Billund,1865000 ,09-11-2018,Alm. Salg,151,12351,6,1986,-7%
530,Villa,Vestre Boulevard 6,7200, Grindsted,395000 ,08-11-2018,Fam. Salg,119,3319,5,1927,
530,Villa,Møllevænget 37,7190, Billund,2225000 ,08-11-2018,Alm. Salg,160,13906,7,1966,-3%
530,Villa,Fittingvej 30,6623, Vorbasse,497500 ,07-11-2018,Fam. Salg,125,3980,3,1924,
530,Villa,Søndervold 191,7200, Grindsted,2720000 ,06-11-2018,Alm. Salg,208,13077,6,2003,-5%
530,Villa,Nyvej 2A,7250, Hejnsvig,300000 ,31-10-2018,Fam. Salg,81,3704,3,1957,
530,Villa,Morsbøl Søvej 92,7200, Grindsted,420200 ,31-10-2018,Alm. Salg,181,2322,7,2019,
530,Rækkehus,Krogagervej 46,7200, Grindsted,820000 ,30-10-2018,Alm. Salg,99,8283,4,1957,-8%
530,Villa,Pilevej 11,7200, Grindsted,400000 ,29-10-2018,Alm. Salg,174,2299,6,2019,
530,Villa,Løvlundvej 14,7250, Hejnsvig,570000 ,28-10-2018,Alm. Salg,102,5588,3,1962,
530,Rækkehus,Sønderkær 425B,7190, Billund,1135000 ,27-10-2018,Alm. Salg,77,14740,3,1986,
530,Villa,Nørrevej 43A,7200, Grindsted,1250000 ,26-10-2018,Alm. Salg,136,9191,5,1997,
530,Villa,Daltoften 4,7200, Grindsted,950000 ,26-10-2018,Alm. Salg,127,7480,4,1980,-5%
530,Villa,Dalbo 26,7200, Grindsted,1260000 ,25-10-2018,Alm. Salg,112,11250,4,1978,-1%
530,Villa,Egevænget 114,7190, Billund,1420000 ,25-10-2018,Alm. Salg,152,9342,6,1972,
530,Villa,Østergaardsvej 10,7200, Grindsted,275000 ,24-10-2018,Alm. Salg,173,1590,3,1913,
530,Villa,Åhavevej 24,7200, Grindsted,1575000 ,24-10-2018,Alm. Salg,156,10096,5,1972,-1%
530,Villa,Dalsvinget 17,7200, Grindsted,960000 ,24-10-2018,Fam. Salg,144,6667,5,1976,
530,Villa,Morsbøl Søvej 98,7200, Grindsted,420200 ,24-10-2018,Alm. Salg,147,2859,6,2019,
530,Villa,Dalsøvej 147,7200, Grindsted,1495000 ,23-10-2018,Alm. Salg,151,9901,7,1987,
530,Villa,Havrevænget 3,7200, Grindsted,1075000 ,21-10-2018,Alm. Salg,158,6804,5,1962,
530,Villa,Sydtoften 113,7200, Grindsted,1170000 ,18-10-2018,Alm. Salg,129,9070,4,1984,-2%
530,Villa,Dalsøvej 143,7200, Grindsted,1295000 ,18-10-2018,Alm. Salg,159,8145,5,1995,
530,Villa,Tuen 9A,7190, Billund,308000 ,16-10-2018,Alm. Salg,121,2545,5,2021,
530,Villa,Tribinivej 11,6623, Vorbasse,160000 ,15-10-2018,Alm. Salg,190,842,7,2019,
530,Villa,Nørrevej 27,7200, Grindsted,725000 ,14-10-2018,Alm. Salg,110,6591,3,1986,4%
530,Villa,Søndergade 17,6623, Vorbasse,895000 ,14-10-2018,Alm. Salg,164,5457,4,1979,
530,Villa,Nyvej 11,7250, Hejnsvig,700000 ,14-10-2018,Alm. Salg,98,7143,3,1962,
530,Villa,Fyrrevænget 114,7190, Billund,2000000 ,11-10-2018,Alm. Salg,208,9615,7,1968,-5%
530,Villa,Huginsvej 3,7200, Grindsted,1200000 ,11-10-2018,Alm. Salg,238,5042,9,1965,-13%
530,Villa,Tranebærvej 6,7200, Grindsted,1068000 ,10-10-2018,Alm. Salg,143,7469,6,1966,-9%
530,Villa,Holdgårdsvej 5,7260, Sønder Omme,640000 ,09-10-2018,Alm. Salg,124,5161,4,1930,-10%
530,Villa,Stationsvej 17,7200, Grindsted,525000 ,08-10-2018,Alm. Salg,99,5303,3,1960,-16%
530,Villa,Vestergade 79,7200, Grindsted,700000 ,04-10-2018,Alm. Salg,86,8140,4,1961,-20%
530,Villa,Slagterivej 16,7200, Grindsted,200000 ,04-10-2018,Alm. Salg,118,1695,3,1948,-47%
530,Villa,Tribinivej 6,6623, Vorbasse,310000 ,02-10-2018,Alm. Salg,189,1640,7,2019,
530,Villa,Sognegårdsvej 4B,7200, Grindsted,1650000 ,02-10-2018,Alm. Salg,107,15421,3,2019,
530,Rækkehus,Bekkasinvej 10A,7200, Grindsted,1400000 ,30-09-2018,Alm. Salg,88,15909,3,2001,
530,Villa,Dalsøvej 3,7200, Grindsted,519370 ,30-09-2018,Andet,158,3287,9,1975,
530,Villa,Rahbæksparken 446,7260, Sønder Omme,50000 ,30-09-2018,Alm. Salg,140,357,5,2021,-33%
530,Villa,Sognegårdsvej 4A,7200, Grindsted,25000 ,30-09-2018,Alm. Salg,140,179,5,2018,
530,Villa,Sønderkær 363,7190, Billund,3500000 ,29-09-2018,Fam. Salg,190,14583,4,1986,
530,Villa,Tingstedet 90,7190, Billund,2100000 ,28-09-2018,Alm. Salg,166,12651,6,1996,-4%
530,Villa,Torvegade 3,7250, Hejnsvig,1645000 ,27-09-2018,Alm. Salg,209,7871,7,1966,-6%
530,Villa,Gyvelvænget 23,7200, Grindsted,1810000 ,27-09-2018,Alm. Salg,182,9945,7,2007,
530,Villa,Arresøvej 3,7200, Grindsted,875000 ,24-09-2018,Alm. Salg,124,7056,4,1973,-12%
530,Villa,Blåbærvej 7,7200, Grindsted,1025000 ,24-09-2018,Fam. Salg,105,9762,4,1965,
530,Villa,Havrevænget 1,7200, Grindsted,860000 ,23-09-2018,Fam. Salg,145,5931,4,1962,
530,Villa,Parkvej 22,6623, Vorbasse,1075000 ,23-09-2018,Alm. Salg,116,9267,4,1975,
530,Villa,Dalsøvej 24,7200, Grindsted,970000 ,23-09-2018,Alm. Salg,148,6554,5,1976,-3%
530,Villa,Engvej 18,7200, Grindsted,1245000 ,22-09-2018,Alm. Salg,163,7638,6,1967,-7%
530,Villa,Egevænget 308,7190, Billund,1245000 ,21-09-2018,Alm. Salg,140,8893,5,1971,-2%
530,Villa,Vestre Boulevard 44,7200, Grindsted,1025000 ,21-09-2018,Alm. Salg,100,10250,4,1959,-10%
530,Villa,Flintemarken 3,7190, Billund,2775000 ,21-09-2018,Alm. Salg,193,14378,8,1988,
530,Villa,Tranevej 10,7200, Grindsted,1250000 ,20-09-2018,Alm. Salg,142,8803,5,1976,-6%
530,Villa,Æblevej 6,7250, Hejnsvig,620000 ,20-09-2018,Alm. Salg,138,4493,5,1980,
530,Villa,Svinget 3,7200, Grindsted,725000 ,19-09-2018,Alm. Salg,102,7108,3,1954,-1%
530,Villa,Lyngvej 5,7200, Grindsted,1800000 ,19-09-2018,Alm. Salg,180,10000,6,1967,-5%
530,Villa,Ribe Landevej 57,7250, Hejnsvig,1650000 ,17-09-2018,Alm. Salg,169,7710,8,1918,
530,Villa,Amtsvejen 49,7200, Grindsted,182840 ,17-09-2018,Alm. Salg,71,2575,3,1954,
530,Villa,Engsøparken 189,7200, Grindsted,2516500 ,17-09-2018,Alm. Salg,180,13981,6,2018,-2%
530,Villa,Lillevang 143,7190, Billund,2495000 ,17-09-2018,Alm. Salg,156,15994,4,2010,
530,Villa,Ravnsøvej 8,7200, Grindsted,1325000 ,16-09-2018,Alm. Salg,160,8281,4,1973,-11%
530,Rækkehus,Sønderkær 337,7190, Billund,1130000 ,15-09-2018,Alm. Salg,80,14125,4,1985,
530,Villa,Sønderkær 305,7190, Billund,1665000 ,13-09-2018,Alm. Salg,157,10605,7,1981,
530,Villa,A G Jensens Vej 1,7250, Hejnsvig,335000 ,13-09-2018,Alm. Salg,147,2279,6,1939,-32%
530,Rækkehus,Herningvej 8,7260, Sønder Omme,220000 ,11-09-2018,Alm. Salg,102,2157,3,1919,-25%
530,Villa,Almstokvej 14,7190, Billund,1200000 ,11-09-2018,Alm. Salg,111,10811,4,1971,
530,Villa,Sønderkær 202,7190, Billund,1550000 ,11-09-2018,Alm. Salg,131,11832,4,1977,-3%
530,Villa,Krogagervej 32,7200, Grindsted,595000 ,11-09-2018,Alm. Salg,104,5721,4,1963,
530,Rækkehus,Sønderkær 351,7190, Billund,1185000 ,09-09-2018,Alm. Salg,87,13621,3,1985,-3%
530,Villa,Jorden Rundt 11,7200, Grindsted,1150000 ,09-09-2018,Alm. Salg,98,11735,4,1961,
530,Villa,Grønnegade 13,6623, Vorbasse,300000 ,09-09-2018,Alm. Salg,107,2804,4,1967,
530,Villa,Tolvalenvej 10,7260, Sønder Omme,550000 ,09-09-2018,Alm. Salg,175,3143,6,1961,-19%
530,Rækkehus,Markskellet 34,7190, Billund,1010000 ,05-09-2018,Alm. Salg,67,15075,3,1988,-5%
530,Villa,Tusindbenet 10,7190, Billund,566082 ,05-09-2018,Alm. Salg,183,3093,5,2020,
530,Villa,Gøglervej 15,6623, Vorbasse,246250 ,05-09-2018,Alm. Salg,150,1642,4,2019,
530,Villa,Nørregade 36,6623, Vorbasse,300000 ,04-09-2018,Alm. Salg,123,2439,5,1968,
530,Villa,Tårngade 20,6623, Vorbasse,150000 ,04-09-2018,Alm. Salg,151,993,6,1929,
530,Villa,Herningvej 15,7260, Sønder Omme,1600000 ,03-09-2018,Alm. Salg,203,7882,7,1952,-8%
530,Villa,Amtsvejen 1,7200, Grindsted,925000 ,02-09-2018,Alm. Salg,123,7520,5,1918,
530,Villa,Sønderkær 176,7190, Billund,1750000 ,02-09-2018,Alm. Salg,120,14583,4,1977,
530,Villa,Hyldestien 76,7190, Billund,550000 ,02-09-2018,Fam. Salg,72,7639,3,2008,
530,Villa,Systemvej 30,7190, Billund,1300000 ,30-08-2018,Alm. Salg,180,7222,7,1963,
530,Villa,Bænkebideren 30,7190, Billund,633105 ,29-08-2018,Alm. Salg,187,3386,6,2019,
530,Villa,Sønderkær 406,7190, Billund,1550000 ,28-08-2018,Alm. Salg,176,8807,7,1981,
530,Rækkehus,Nørager 81,7260, Sønder Omme,625000 ,26-08-2018,Alm. Salg,89,7022,3,1981,-4%
530,Villa,Havrevænget 26,7200, Grindsted,840000 ,26-08-2018,Alm. Salg,91,9231,3,1963,-3%
530,Villa,Nørregade 29,6623, Vorbasse,1000000 ,23-08-2018,Alm. Salg,172,5814,5,1939,
530,Villa,Bækkevej 30,6623, Vorbasse,2295000 ,23-08-2018,Alm. Salg,144,15938,5,2006,
530,Villa,Vejlevej 28,7260, Sønder Omme,285000 ,22-08-2018,Alm. Salg,120,2375,3,1935,
530,Villa,Hovedgaden 56,7190, Billund,1060000 ,22-08-2018,Alm. Salg,155,6839,5,1949,
530,Villa,Skovparken 216,7190, Billund,2250000 ,20-08-2018,Alm. Salg,252,8929,7,1961,
530,Villa,Flintemarken 12,7190, Billund,2100000 ,20-08-2018,Alm. Salg,193,10881,6,1989,-8%
530,Villa,Solsortvej 10,7190, Billund,1250000 ,20-08-2018,Alm. Salg,84,14881,4,1960,
530,Villa,Løvlundvej 2,7250, Hejnsvig,1230000 ,19-08-2018,Alm. Salg,156,7885,5,1951,-5%
530,Rækkehus,Søndervold 26,7200, Grindsted,710000 ,16-08-2018,Alm. Salg,60,11833,2,1989,
530,Villa,Rosengårdsvej 5,7250, Hejnsvig,800000 ,16-08-2018,Alm. Salg,150,5333,5,1973,-5%
530,Villa,Dalbo 45,7200, Grindsted,448773 ,14-08-2018,Andet,142,3160,5,1978,
530,Villa,Storegade 11,7200, Grindsted,990000 ,14-08-2018,Alm. Salg,136,7279,5,1938,
530,Villa,Præstevang 5,7190, Billund,1730000 ,11-08-2018,Alm. Salg,141,12270,6,1961,-4%
530,Villa,Lærkevej 1,7190, Billund,1100000 ,09-08-2018,Alm. Salg,115,9565,4,1959,-8%
530,Rækkehus,Lysningen 46,7190, Billund,1450000 ,08-08-2018,Alm. Salg,88,16477,2,2008,
530,Villa,Vejlevej 37,7260, Sønder Omme,160996 ,08-08-2018,Auktion,127,1268,5,1955,
530,Villa,Vestervej 14,7200, Grindsted,330000 ,08-08-2018,Alm. Salg,149,2215,6,1955,-16%
530,Villa,Daugårdvej 14,7250, Hejnsvig,375000 ,08-08-2018,Alm. Salg,92,4076,4,1924,
530,Villa,Skødebjergvej 1,6623, Vorbasse,300000 ,07-08-2018,Alm. Salg,150,2000,4,1915,
530,Ejerlejlighed,"Nørre Torv 4, 2. 5",7200, Grindsted,1785000 ,06-08-2018,Fam. Salg,164,10884,4,2011,
530,Villa,Tingvejen 420,7200, Grindsted,413000 ,06-08-2018,Fam. Salg,91,4538,4,1897,
530,Villa,Nørager 35,7260, Sønder Omme,915000 ,06-08-2018,Alm. Salg,160,5719,5,1979,
530,Villa,Tusindbenet 2,7190, Billund,571800 ,06-08-2018,Alm. Salg,204,2803,7,2020,
530,Villa,Fasanvej 17,7190, Billund,1100000 ,05-08-2018,Alm. Salg,117,9402,4,1962,
530,Villa,Lærkevej 2,7190, Billund,1255000 ,05-08-2018,Alm. Salg,158,7943,5,1960,
530,Villa,Nyvej 17,7250, Hejnsvig,313000 ,01-08-2018,Alm. Salg,69,4536,4,1933,
530,Rækkehus,Sønderkær 341,7190, Billund,966000 ,31-07-2018,Fam. Salg,80,12075,4,1985,
530,Villa,Tingstedet 19,7190, Billund,2425000 ,31-07-2018,Alm. Salg,157,15446,7,1996,-5%
530,Villa,Tingstedet 63,7190, Billund,950000 ,31-07-2018,Fam. Salg,195,4872,8,1997,
530,Villa,Gøglervej 13,6623, Vorbasse,245000 ,31-07-2018,Alm. Salg,166,1476,6,2018,
530,Villa,Finlandsvej 11,7200, Grindsted,1850000 ,29-07-2018,Alm. Salg,185,10000,6,1969,-7%
530,Villa,Holdgårdsvej 13,7260, Sønder Omme,635000 ,26-07-2018,Alm. Salg,89,7135,3,1958,-9%
530,Villa,Morsbølvej 67,7200, Grindsted,576600 ,26-07-2018,Alm. Salg,174,3314,6,2019,
530,Villa,Fyrrevænget 116,7190, Billund,1300000 ,25-07-2018,Alm. Salg,123,8784,4,1969,
530,Villa,Solvangen 1,7200, Grindsted,840000 ,24-07-2018,Alm. Salg,116,7241,4,1977,-6%
530,Villa,Primulavej 2,7200, Grindsted,850000 ,24-07-2018,Fam. Salg,111,7658,4,1962,
530,Villa,Stationsvej 15,7200, Grindsted,1495000 ,24-07-2018,Alm. Salg,178,8399,6,1962,
530,Villa,Mølleparken 248,7190, Billund,408000 ,23-07-2018,Andet,124,3290,4,1975,
530,Villa,Tusindbenet 5,7190, Billund,571800 ,23-07-2018,Alm. Salg,168,3404,6,2019,
530,Villa,Rosengårdsvej 6,7250, Hejnsvig,950000 ,22-07-2018,Alm. Salg,151,6291,4,1975,-5%
530,Villa,Blåbjergvej 20,7200, Grindsted,1247500 ,22-07-2018,Andet,214,5829,5,2012,
530,Villa,Sønderkær 417,7190, Billund,1685000 ,19-07-2018,Alm. Salg,147,11463,5,1986,-6%
530,Villa,Gyvelvænget 29,7200, Grindsted,1925000 ,17-07-2018,Alm. Salg,176,10938,6,2007,-4%
530,Ejerlejlighed,Vestergade 24D,7200, Grindsted,1500000 ,16-07-2018,Alm. Salg,116,12931,3,2003,-9%
530,Villa,Gyvelvej 6,7200, Grindsted,1610000 ,13-07-2018,Alm. Salg,158,10190,4,1997,-2%
530,Villa,Søgårdparken 12,7250, Hejnsvig,2025000 ,12-07-2018,Alm. Salg,172,11773,6,2008,-3%
530,Villa,Dalsøvej 133,7200, Grindsted,1575000 ,11-07-2018,Alm. Salg,159,9906,6,1987,-1%
530,Villa,Egevænget 404,7190, Billund,1495000 ,10-07-2018,Alm. Salg,120,12458,4,1972,
530,Villa,Egevænget 414,7190, Billund,675000 ,10-07-2018,Andet,116,5819,4,1972,
530,Villa,Okslundvej 126,6623, Vorbasse,1915000 ,10-07-2018,Fam. Salg,210,9119,5,1995,
530,Villa,Plougslundvej 133,7190, Billund,1375000 ,10-07-2018,Alm. Salg,157,8758,5,1974,-14%
530,Villa,Engvej 11,7200, Grindsted,800000 ,09-07-2018,Fam. Salg,84,9524,4,1948,
530,Villa,Abildvej 9,7200, Grindsted,500000 ,08-07-2018,Alm. Salg,160,3125,6,1972,
530,Villa,Plougslundvej 137,7190, Billund,2220000 ,08-07-2018,Alm. Salg,200,11100,7,1973,-7%
530,Villa,Sønderhedevej 9,7200, Grindsted,1050000 ,08-07-2018,Alm. Salg,149,7047,6,1972,
530,Villa,Anemonevej 20,7200, Grindsted,945000 ,07-07-2018,Alm. Salg,114,8289,4,1962,
530,Villa,Lærkevang 5,7200, Grindsted,1045000 ,05-07-2018,Alm. Salg,100,10450,3,1955,-5%
530,Villa,Flintemarken 23,7190, Billund,1725000 ,05-07-2018,Alm. Salg,141,12234,6,1991,-4%
530,Villa,Skovvang 11,7260, Sønder Omme,750000 ,04-07-2018,Alm. Salg,104,7212,4,1954,-6%
530,Villa,Rømøvej 5,7200, Grindsted,696992 ,04-07-2018,Andet,149,4678,6,1970,
530,Villa,Tjørnevej 5,7200, Grindsted,1525000 ,04-07-2018,Alm. Salg,159,9591,7,1965,-4%
530,Villa,Fyrrevænget 204,7190, Billund,1065000 ,03-07-2018,Alm. Salg,130,8192,4,1970,-7%
530,Villa,Havrevænget 32,7200, Grindsted,375000 ,03-07-2018,Alm. Salg,96,3906,4,1963,
530,Villa,Ølgodvej 21,7200, Grindsted,1140000 ,03-07-2018,Alm. Salg,177,6441,7,1956,-5%
530,Villa,Rugvænget 8,7200, Grindsted,737500 ,02-07-2018,Alm. Salg,118,6250,3,1962,-5%
530,Villa,Morsbøl Søvej 94,7200, Grindsted,420200 ,02-07-2018,Alm. Salg,178,2361,7,2019,
530,Villa,Fyrrevænget 314,7190, Billund,1030000 ,01-07-2018,Alm. Salg,135,7630,5,1970,-10%
530,Villa,Engsøparken 131,7200, Grindsted,2045000 ,01-07-2018,Alm. Salg,160,12781,5,2005,-4%
530,Villa,Plantagevej 25,7200, Grindsted,1595000 ,30-06-2018,Alm. Salg,134,11903,6,1981,
530,Villa,Plougslundvej 143,7190, Billund,1825000 ,30-06-2018,Alm. Salg,206,8859,5,1973,-4%
530,Villa,Amtsvejen 54,7200, Grindsted,720000 ,27-06-2018,Alm. Salg,150,4800,5,1977,
530,Villa,Mølleparken 134,7190, Billund,1650000 ,27-06-2018,Alm. Salg,142,11620,5,1975,-3%
530,Villa,Dalgasvej 12,6623, Vorbasse,1410000 ,27-06-2018,Alm. Salg,254,5551,7,1977,
530,Villa,Vejlevej 27,7260, Sønder Omme,1130000 ,26-06-2018,Alm. Salg,147,7687,4,1937,-1%
530,Villa,Tusindbenet 42,7190, Billund,601800 ,26-06-2018,Alm. Salg,160,3761,5,2018,
530,Villa,Bænkebideren 34,7190, Billund,636800 ,26-06-2018,Alm. Salg,173,3681,5,2019,
530,Villa,Gammel Bøvlvej 44,7260, Sønder Omme,650000 ,22-06-2018,Alm. Salg,113,5752,3,1955,-2%
530,Rækkehus,Jørgen Glavinds Vej 40,7200, Grindsted,700000 ,19-06-2018,Alm. Salg,71,9859,4,1955,-3%
530,Villa,Rungborgvej 11,7250, Hejnsvig,685700 ,17-06-2018,Fam. Salg,116,5911,4,1917,
530,Villa,Lupinvænget 5,7200, Grindsted,1100000 ,16-06-2018,Alm. Salg,98,11224,4,1963,
530,Villa,Daugårdvej 24,7250, Hejnsvig,370000 ,15-06-2018,Alm. Salg,152,2434,4,1955,-6%
530,Rækkehus,Tårnvej 10,7200, Grindsted,725000 ,14-06-2018,Alm. Salg,87,8333,4,1952,-6%
530,Rækkehus,Daltoften 22,7200, Grindsted,1400000 ,14-06-2018,Alm. Salg,111,12613,3,2013,
530,Villa,Koldingvej 1,7190, Billund,1550000 ,14-06-2018,Alm. Salg,247,6275,10,1900,
530,Villa,Egevænget 310,7190, Billund,1250000 ,12-06-2018,Alm. Salg,140,8929,4,1972,-3%
530,Villa,Teglgaardsvej 14,7200, Grindsted,750000 ,12-06-2018,Alm. Salg,212,3538,8,1961,-11%
530,Villa,Gyvelvej 7,7200, Grindsted,1550000 ,12-06-2018,Alm. Salg,168,9226,5,1950,
530,Villa,Rosengårdsvej 11,7250, Hejnsvig,401000 ,12-06-2018,Fam. Salg,159,2522,6,1974,
530,Villa,Bøgelunden 3,7250, Hejnsvig,550000 ,12-06-2018,Alm. Salg,76,7237,3,1959,-8%
530,Villa,Hovborgvej 8,6623, Vorbasse,625000 ,12-06-2018,Alm. Salg,163,3834,4,1981,-14%
530,Villa,Bænkebideren 5,7190, Billund,571800 ,12-06-2018,Alm. Salg,170,3364,5,2018,
530,Villa,Nørbovej 8,7200, Grindsted,1295000 ,11-06-2018,Alm. Salg,209,6196,8,1938,
530,Villa,Knudsøvej 6,7200, Grindsted,1425000 ,11-06-2018,Alm. Salg,158,9019,5,1974,-4%
530,Villa,Fyrrevænget 214,7190, Billund,2100000 ,10-06-2018,Alm. Salg,212,9906,7,1969,-4%
530,Villa,Klausholmsvej 6,7200, Grindsted,800000 ,10-06-2018,Alm. Salg,168,4762,8,1958,
530,Villa,Østergade 45,6623, Vorbasse,1000000 ,07-06-2018,Alm. Salg,204,4902,7,1960,
530,Villa,Torvegade 8,7250, Hejnsvig,660000 ,07-06-2018,Alm. Salg,137,4818,4,1978,-5%
530,Villa,Østergade 26,6623, Vorbasse,387500 ,05-06-2018,Alm. Salg,194,1997,4,1954,-57%
530,Villa,Dalsøvej 11,7200, Grindsted,1000000 ,05-06-2018,Alm. Salg,138,7246,5,1976,
530,Villa,Stakrogevej 85,7260, Sønder Omme,430000 ,05-06-2018,Alm. Salg,154,2792,4,1880,-22%
530,Villa,Vibes Alle 17,7200, Grindsted,1365000 ,03-06-2018,Alm. Salg,94,14521,3,1939,-2%
530,Villa,Ølgodvej 55,7200, Grindsted,650000 ,03-06-2018,Alm. Salg,171,3801,6,1944,-6%
530,Villa,Jørgen Glavinds Vej 2,7200, Grindsted,1295000 ,02-06-2018,Alm. Salg,100,12950,4,1956,
530,Villa,Krohaven 1,7200, Grindsted,1850000 ,02-06-2018,Alm. Salg,209,8852,6,2008,-7%
530,Villa,Nollundvej 85,7200, Grindsted,1075000 ,31-05-2018,Alm. Salg,117,9188,4,1976,
530,Villa,Rugvænget 25,7200, Grindsted,865000 ,30-05-2018,Alm. Salg,121,7149,5,1962,-6%
530,Villa,Lillevang 50,7190, Billund,2500000 ,30-05-2018,Alm. Salg,200,12500,5,2007,-4%
530,Villa,Dalbo 74,7200, Grindsted,1875000 ,29-05-2018,Alm. Salg,191,9817,6,1978,-6%
530,Villa,Finlandsvej 10,7200, Grindsted,1525000 ,29-05-2018,Alm. Salg,148,10304,5,1969,-4%
530,Villa,Østerbrogade 15,7200, Grindsted,800000 ,29-05-2018,Alm. Salg,125,6400,5,1919,-11%
530,Villa,Nollundvej 117,7200, Grindsted,45000 ,29-05-2018,Alm. Salg,102,441,4,2021,
530,Villa,Lillevang 19,7190, Billund,2200000 ,28-05-2018,Alm. Salg,151,14570,6,1999,
530,Villa,Fromssejervej 16,6623, Vorbasse,260000 ,28-05-2018,Alm. Salg,109,2385,4,1965,
530,Villa,Sønderkær 369,7190, Billund,2300000 ,27-05-2018,Alm. Salg,203,11330,7,1984,-2%
530,Villa,Havrevænget 5,7200, Grindsted,1365000 ,27-05-2018,Alm. Salg,156,8750,6,1962,
530,Villa,Bygvænget 34,7200, Grindsted,1170000 ,24-05-2018,Alm. Salg,148,7905,6,1962,-6%
530,Villa,Amtsvejen 53,7200, Grindsted,510000 ,23-05-2018,Alm. Salg,133,3835,3,1936,-14%
530,Villa,Tusindbenet 32,7190, Billund,601800 ,22-05-2018,Alm. Salg,148,4066,5,2019,
530,Villa,Tusindbenet 9,7190, Billund,536800 ,22-05-2018,Alm. Salg,182,2949,5,2019,
530,Rækkehus,Prærien 38,7200, Grindsted,800000 ,21-05-2018,Alm. Salg,101,7921,4,1985,-9%
530,Villa,Rugvænget 16,7200, Grindsted,620000 ,21-05-2018,Alm. Salg,104,5962,4,1962,
530,Villa,Søndermarksvej 316,7190, Billund,1500000 ,21-05-2018,Alm. Salg,148,10135,5,1970,-6%
530,Villa,Markskellet 106,7190, Billund,1330000 ,17-05-2018,Alm. Salg,117,11368,5,1988,-5%
530,Villa,Elmelunden 108,7190, Billund,865000 ,17-05-2018,Alm. Salg,121,7149,4,1964,
530,Villa,Præstevænget 2,7250, Hejnsvig,530000 ,17-05-2018,Alm. Salg,128,4141,5,1967,-24%
530,Rækkehus,Søndervold 20,7200, Grindsted,720000 ,16-05-2018,Alm. Salg,59,12203,2,1989,
530,Villa,Lillevang 83,7190, Billund,2995000 ,15-05-2018,Alm. Salg,226,13252,7,2007,
530,Villa,Tingstedet 56,7190, Billund,1885000 ,14-05-2018,Alm. Salg,139,13561,5,1994,-3%
530,Villa,Prærien 52,7200, Grindsted,1425000 ,14-05-2018,Alm. Salg,182,7830,6,1980,-8%
530,Villa,Nørrevej 43A,7200, Grindsted,600000 ,13-05-2018,Fam. Salg,136,4412,5,1997,
530,Villa,Nørager 19,7260, Sønder Omme,1125000 ,12-05-2018,Alm. Salg,160,7031,7,1980,-2%
530,Villa,A G Jensens Vej 4,7250, Hejnsvig,1300000 ,10-05-2018,Alm. Salg,161,8075,4,1942,-7%
530,Villa,Kirkevej 56,7250, Hejnsvig,1545000 ,09-05-2018,Alm. Salg,221,6991,9,1897,
530,Villa,Stationsvej 9,7200, Grindsted,1170000 ,08-05-2018,Alm. Salg,116,10086,5,1963,
530,Villa,Skovparken 108A,7190, Billund,1995000 ,07-05-2018,Alm. Salg,132,15114,5,1984,
530,Villa,Havrevænget 19,7200, Grindsted,500000 ,07-05-2018,Alm. Salg,144,3472,4,1962,
530,Villa,Jasminvej 2,7200, Grindsted,2425000 ,06-05-2018,Alm. Salg,227,10232,6,1975,-6%
530,Villa,Plougslundvej 185,7190, Billund,1790000 ,06-05-2018,Alm. Salg,167,10719,5,1973,-6%
530,Villa,Ribersvej 34,7200, Grindsted,1650000 ,06-05-2018,Alm. Salg,171,9649,6,1978,-3%
530,Villa,Engsøparken 215,7200, Grindsted,2275000 ,03-05-2018,Alm. Salg,150,15167,4,2008,
530,Ejerlejlighed,"Solvej 58, 4",7200, Grindsted,816666 ,02-05-2018,Alm. Salg,103,7929,3,2003,
530,Villa,Søndervold 189,7200, Grindsted,2795000 ,02-05-2018,Alm. Salg,171,16345,5,2004,
530,Villa,Løvlund Stationsvej 1,7190, Billund,543000 ,02-05-2018,Auktion,142,3824,4,1916,
530,Villa,Tusindbenet 40,7190, Billund,601800 ,02-05-2018,Alm. Salg,193,3118,5,2020,
530,Rækkehus,Grønningen 24,7190, Billund,1125000 ,01-05-2018,Alm. Salg,73,15411,2,1988,-10%
530,Villa,Kvædevej 8,7200, Grindsted,1105000 ,01-05-2018,Fam. Salg,279,3961,6,1975,
530,Villa,Tårngade 13,6623, Vorbasse,1700000 ,30-04-2018,Alm. Salg,192,8854,4,1927,
530,Villa,Sønderkær 162,7190, Billund,1680000 ,30-04-2018,Alm. Salg,167,10060,6,1977,-6%
530,Villa,Sønderkær 238,7190, Billund,1735000 ,29-04-2018,Alm. Salg,155,11194,5,1978,-2%
530,Villa,Solbakken 35,7260, Sønder Omme,845000 ,29-04-2018,Alm. Salg,144,5868,5,1977,
530,Villa,Håndværkervej 1,6623, Vorbasse,212500 ,29-04-2018,Alm. Salg,197,1079,6,1980,
530,Villa,Bænkebideren 8,7190, Billund,571800 ,29-04-2018,Alm. Salg,164,3487,5,2018,
530,Villa,Lyngvang 3A,7260, Sønder Omme,1290000 ,28-04-2018,Alm. Salg,122,10574,4,1974,-3%
530,Villa,Borgergade 21,7200, Grindsted,3160000 ,25-04-2018,Alm. Salg,152,15567,9,1907,
530,Villa,Plougslundvej 203,7190, Billund,2000000 ,25-04-2018,Alm. Salg,198,10101,6,1974,
530,Villa,Vestre Boulevard 42,7200, Grindsted,1290000 ,24-04-2018,Alm. Salg,181,7127,7,1963,-3%
530,Villa,Mølleparken 111,7190, Billund,1600000 ,24-04-2018,Alm. Salg,154,10390,5,1976,
530,Villa,Hønseringen 29,7190, Billund,537500 ,24-04-2018,Alm. Salg,201,2674,6,2018,
530,Villa,Tusindbenet 18,7190, Billund,601800 ,24-04-2018,Alm. Salg,180,3343,6,2019,
530,Villa,Stationsvej 29,7200, Grindsted,935000 ,19-04-2018,Alm. Salg,108,8657,4,1965,-6%
530,Villa,Tårnvej 7,7200, Grindsted,410000 ,19-04-2018,Fam. Salg,123,3333,4,1946,
530,Rækkehus,Nørre Alle 5A,7200, Grindsted,1450000 ,18-04-2018,Alm. Salg,114,12719,4,2022,
530,Villa,Svalevænget 1,6623, Vorbasse,1295000 ,18-04-2018,Alm. Salg,123,10528,5,1992,
530,Villa,Nørreled 37,7200, Grindsted,840000 ,18-04-2018,Alm. Salg,150,5600,3,1953,
530,Villa,Tusindbenet 34,7190, Billund,601800 ,18-04-2018,Alm. Salg,158,3809,5,2018,
530,Villa,Staghøjvej 6,7190, Billund,3400000 ,18-04-2018,Alm. Salg,234,14530,6,2016,
530,Rækkehus,Søndre Boulevard 357,7200, Grindsted,955000 ,16-04-2018,Alm. Salg,81,11790,3,1987,-3%
530,Villa,Østre Ringvej 7,7250, Hejnsvig,750000 ,16-04-2018,Alm. Salg,127,5906,5,1990,-6%
530,Villa,Dalgasvej 5,6623, Vorbasse,1385000 ,16-04-2018,Alm. Salg,189,7328,6,1923,
530,Villa,Sønderkær 166,7190, Billund,474908 ,16-04-2018,Fam. Salg,134,3544,5,1977,
530,Villa,Grønvang 5,7260, Sønder Omme,930000 ,15-04-2018,Alm. Salg,132,7045,5,1971,-2%
530,Villa,Bredgade 43A,7250, Hejnsvig,1125000 ,15-04-2018,Alm. Salg,313,3594,8,1957,-17%
530,Villa,Møllevænget 13,7190, Billund,1625000 ,15-04-2018,Alm. Salg,116,14009,4,1965,-7%
530,Villa,Tyttebærvej 15,7200, Grindsted,445000 ,15-04-2018,Fam. Salg,115,3870,4,1968,
530,Villa,Toften 25,7200, Grindsted,930000 ,15-04-2018,Alm. Salg,122,7623,4,1977,-7%
530,Villa,Fyrrevænget 210,7190, Billund,2500000 ,12-04-2018,Alm. Salg,236,10593,8,1969,-4%
530,Villa,Dalsøvej 141,7200, Grindsted,825000 ,11-04-2018,Alm. Salg,100,8250,4,1988,-13%
530,Villa,Sjællandsgade 13,7200, Grindsted,1525000 ,10-04-2018,Alm. Salg,180,8472,6,1957,-4%
530,Villa,Færøvej 9,7200, Grindsted,1300000 ,10-04-2018,Alm. Salg,134,9701,4,1970,
530,Villa,Gribsøvej 7,7200, Grindsted,1862500 ,09-04-2018,Alm. Salg,180,10347,7,1975,-6%
530,Villa,Søgårdvej 45,7250, Hejnsvig,675000 ,09-04-2018,Alm. Salg,136,4963,5,1979,-11%
530,Villa,Morsbølvej 67,7200, Grindsted,570834 ,09-04-2018,Alm. Salg,174,3281,6,2019,
530,Villa,Fittingvej 14,6623, Vorbasse,870000 ,05-04-2018,Alm. Salg,120,7250,5,1932,-13%
530,Villa,Østerbo 4,7190, Billund,1100000 ,03-04-2018,Alm. Salg,114,9649,5,1955,
530,Villa,Rankenbjergvej 11,6623, Vorbasse,900000 ,02-04-2018,Alm. Salg,217,4147,6,1954,
530,Villa,Grønvang 23,7260, Sønder Omme,510000 ,27-03-2018,Alm. Salg,116,4397,4,1970,-6%
530,Villa,Skovvang 2,7260, Sønder Omme,780000 ,27-03-2018,Alm. Salg,126,6190,5,1960,-2%
530,Villa,Grindstedvej 22,7190, Billund,3200000 ,26-03-2018,Alm. Salg,270,11852,6,1953,
530,Villa,Solbakken 13,7260, Sønder Omme,975000 ,25-03-2018,Alm. Salg,149,6544,5,1977,-11%
530,Villa,Havrevænget 25,7200, Grindsted,966000 ,24-03-2018,Alm. Salg,115,8400,4,1961,0%
530,Villa,Sønderkær 193,7190, Billund,1231067 ,21-03-2018,Fam. Salg,175,7035,6,1978,
530,Villa,Lærkevej 13,7190, Billund,1175000 ,20-03-2018,Alm. Salg,162,7253,5,1962,-9%
530,Villa,Kærvej 18,7200, Grindsted,660000 ,19-03-2018,Alm. Salg,52,12692,2,1946,
530,Villa,Morsbøl Søvej 120,7200, Grindsted,477400 ,19-03-2018,Alm. Salg,218,2190,7,2019,
530,Villa,Tranevej 8,7200, Grindsted,1620000 ,15-03-2018,Alm. Salg,164,9878,6,1976,-4%
530,Villa,Kærtoften 4,7200, Grindsted,350000 ,15-03-2018,Alm. Salg,93,3763,4,1963,
530,Villa,Annexvej 3B,7190, Billund,2244413 ,15-03-2018,Alm. Salg,256,8767,12,1966,-2%
530,Villa,Åbakkevej 3,7200, Grindsted,1485000 ,14-03-2018,Alm. Salg,191,7775,4,1985,-7%
530,Villa,Jernbanegade 23,7200, Grindsted,1900000 ,14-03-2018,Alm. Salg,268,5975,12,1934,-5%
530,Villa,Solbakken 1,7260, Sønder Omme,509956 ,13-03-2018,Andet,143,3566,5,1976,
530,Villa,Grindstedvej 52,7260, Sønder Omme,600000 ,13-03-2018,Alm. Salg,172,3488,5,1973,-14%
530,Villa,Systemvej 35,7190, Billund,1630000 ,12-03-2018,Alm. Salg,147,11088,7,1960,-4%
530,Villa,Almstokvej 7,7190, Billund,531250 ,12-03-2018,Fam. Salg,266,1997,6,1968,
530,Villa,Søndre Boulevard 243,7200, Grindsted,1192050 ,12-03-2018,Andet,175,6812,6,1995,
530,Villa,Markskellet 98,7190, Billund,2600000 ,11-03-2018,Alm. Salg,195,13333,6,1988,-3%
530,Rækkehus,Grønningen 34,7190, Billund,1460000 ,08-03-2018,Alm. Salg,107,13645,4,1989,-2%
530,Villa,Møllebakkevej 10,7200, Grindsted,350000 ,08-03-2018,Alm. Salg,101,3465,3,1960,-11%
530,Villa,Fittingvej 12,6623, Vorbasse,395000 ,04-03-2018,Alm. Salg,51,7745,2,1928,
530,Villa,Bænkebideren 7,7190, Billund,571800 ,04-03-2018,Alm. Salg,175,3267,5,2018,
530,Villa,Skjoldbjergvej 6A,6623, Vorbasse,610000 ,27-02-2018,Alm. Salg,142,4296,5,1877,
530,Villa,Nebelvej 27,6623, Vorbasse,1500000 ,27-02-2018,Alm. Salg,144,10417,5,2004,-6%
530,Villa,Bænkebideren 4,7190, Billund,536800 ,27-02-2018,Alm. Salg,180,2982,6,2019,
530,Villa,Pilevej 2,7200, Grindsted,680000 ,25-02-2018,Alm. Salg,96,7083,3,1962,
530,Villa,Tusindbenet 7,7190, Billund,536800 ,25-02-2018,Alm. Salg,204,2631,5,2018,
530,Villa,Skovly 9,6623, Vorbasse,285000 ,23-02-2018,Alm. Salg,185,1541,6,2019,
530,Villa,Langmosevej 14,7250, Hejnsvig,1550000 ,22-02-2018,Alm. Salg,167,9281,5,1998,-8%
530,Villa,Ådalen 3,7200, Grindsted,2800000 ,21-02-2018,Alm. Salg,235,11915,7,1961,
530,Villa,Aakjærsvej 15,7200, Grindsted,1020000 ,21-02-2018,Alm. Salg,99,10303,3,1946,-3%
530,Villa,Egevænget 309,7190, Billund,1420000 ,18-02-2018,Alm. Salg,146,9726,5,1972,-5%
530,Villa,Hovborgvej 10C,6623, Vorbasse,787000 ,18-02-2018,Alm. Salg,137,5745,4,1975,-7%
530,Villa,Østergade 25,6623, Vorbasse,1055000 ,17-02-2018,Alm. Salg,173,6098,6,1960,-4%
530,Villa,Lillevang 10,7190, Billund,1450000 ,14-02-2018,Fam. Salg,219,6621,7,2001,
530,Villa,Jorden Rundt 23,7200, Grindsted,1950000 ,13-02-2018,Alm. Salg,201,9701,6,1967,-9%
530,Villa,Mølleparken 306,7190, Billund,634090 ,13-02-2018,Fam. Salg,137,4628,4,1981,
530,Villa,Amtsvejen 59,7200, Grindsted,750000 ,12-02-2018,Alm. Salg,134,5597,5,1974,-6%
530,Villa,Brande Landevej 18,7260, Sønder Omme,610000 ,12-02-2018,Alm. Salg,174,3506,4,1890,-81%
530,Villa,Sønderhedevej 10,6623, Vorbasse,498030 ,12-02-2018,Alm. Salg,158,3152,4,1942,
530,Villa,Nørrevej 22,7200, Grindsted,910000 ,11-02-2018,Alm. Salg,148,6149,6,1974,-9%
530,Villa,Toften 4,7200, Grindsted,890000 ,11-02-2018,Alm. Salg,170,4890,6,1967,
530,Villa,Primulavej 14,7200, Grindsted,1075000 ,10-02-2018,Alm. Salg,169,6361,6,1966,
530,Villa,Bækkevej 2,6623, Vorbasse,1210000 ,09-02-2018,Alm. Salg,130,9308,3,1936,-4%
530,Villa,Nørregade 26,6623, Vorbasse,426386 ,08-02-2018,Alm. Salg,124,3439,5,1934,
530,Villa,Plougslundvej 209,7190, Billund,1200000 ,08-02-2018,Alm. Salg,141,8511,5,1974,-8%
530,Villa,Parallelvej 16,7260, Sønder Omme,550000 ,05-02-2018,Alm. Salg,122,4508,4,1972,-4%
530,Villa,Ahornvej 22,7200, Grindsted,1400000 ,04-02-2018,Alm. Salg,161,8696,6,1964,-5%
530,Villa,Tingstedet 81,7190, Billund,2100000 ,02-02-2018,Alm. Salg,156,13462,6,1997,-6%
530,Rækkehus,Skolegyden 9,7200, Grindsted,70000 ,01-02-2018,Alm. Salg,71,986,4,2019,
530,Villa,Vinkelvej 2,7250, Hejnsvig,650000 ,01-02-2018,Alm. Salg,81,8025,3,1947,-6%
530,Villa,Toften 41,7190, Billund,1110000 ,01-02-2018,Alm. Salg,94,11809,3,1970,
530,Villa,Sønderhedevej 1,7200, Grindsted,1000000 ,01-02-2018,Alm. Salg,142,7042,5,1972,-4%
530,Rækkehus,Søndre Boulevard 355,7200, Grindsted,785000 ,29-01-2018,Alm. Salg,81,9691,3,1987,-1%
530,Villa,Hørlycks Alle 28,7200, Grindsted,975000 ,29-01-2018,Alm. Salg,80,12188,3,1961,-2%
530,Villa,Jasminvej 4,7200, Grindsted,1775000 ,28-01-2018,Alm. Salg,178,9972,6,1976,-4%
530,Villa,Primulavej 5,7200, Grindsted,1620000 ,28-01-2018,Alm. Salg,164,9878,5,1962,-4%
530,Villa,Dalsvinget 37,7200, Grindsted,1575000 ,28-01-2018,Alm. Salg,152,10362,5,1977,-1%
530,Villa,Fittingvej 20,6623, Vorbasse,100000 ,26-01-2018,Alm. Salg,69,1449,2,1912,
530,Villa,Lillevang 105,7190, Billund,922642 ,24-01-2018,Andet,179,5154,5,2008,
530,Rækkehus,Mølleparken 302D,7190, Billund,1060000 ,23-01-2018,Alm. Salg,77,13766,3,1985,-3%
530,Villa,Hedegårdsvej 6,7190, Billund,1900000 ,23-01-2018,Alm. Salg,142,13380,6,1999,
530,Rækkehus,Søndre Boulevard 347,7200, Grindsted,745000 ,22-01-2018,Alm. Salg,81,9198,3,1987,-13%
530,Villa,Sønderkær 108,7190, Billund,850000 ,21-01-2018,Fam. Salg,139,6115,5,1977,
530,Rækkehus,Vestergade 70A,7200, Grindsted,1480000 ,18-01-2018,Alm. Salg,100,14800,3,1988,-1%
530,Villa,Bænkebideren 32,7190, Billund,636800 ,18-01-2018,Alm. Salg,183,3480,5,2019,
530,Villa,Vestergade 108,7200, Grindsted,2195000 ,17-01-2018,Alm. Salg,186,11801,9,1959,
530,Villa,Markskellet 58,7190, Billund,1660000 ,16-01-2018,Alm. Salg,114,14561,4,1997,-2%
530,Villa,Vesterled 18,7260, Sønder Omme,487052 ,15-01-2018,Andet,137,3555,4,1962,
530,Villa,Morsbøl Søvej 150,7200, Grindsted,525000 ,15-01-2018,Alm. Salg,228,2303,7,2020,
530,Villa,Nyvej 12,7250, Hejnsvig,484500 ,14-01-2018,Fam. Salg,121,4004,5,1940,
530,Villa,Ådalen 5,7200, Grindsted,2450000 ,13-01-2018,Alm. Salg,165,14848,6,1963,-2%
530,Villa,Tingstedet 49,7190, Billund,1075000 ,11-01-2018,Andet,197,5457,6,1994,
530,Villa,Kløvermarken 102,7190, Billund,2840000 ,10-01-2018,Alm. Salg,190,14947,5,1975,-5%
530,Villa,Vilhelmsmindevej 43,7260, Sønder Omme,398600 ,10-01-2018,Alm. Salg,175,2278,5,1924,
530,Villa,Skovvang 3,7260, Sønder Omme,675000 ,09-01-2018,Alm. Salg,126,5357,4,1960,-20%
530,Villa,Tyttebærvej 3,7200, Grindsted,1425000 ,08-01-2018,Alm. Salg,157,9076,5,1967,-5%
530,Villa,Solsortvej 7,7190, Billund,800000 ,07-01-2018,Alm. Salg,113,7080,4,1963,
530,Villa,Bøvlvej 135,7260, Sønder Omme,440000 ,05-01-2018,Alm. Salg,172,2558,5,1860,-11%
530,Villa,Kirkebyvej 140,7260, Sønder Omme,583000 ,03-01-2018,Auktion,148,3939,6,1927,
530,Villa,Morsbølvej 83,7200, Grindsted,472500 ,03-01-2018,Alm. Salg,139,3399,4,2018,
530,Villa,Grønvang 31,7260, Sønder Omme,350000 ,02-01-2018,Alm. Salg,101,3465,4,1961,
530,Villa,Søndermarksvej 204,7190, Billund,625000 ,01-01-2018,Fam. Salg,204,3064,8,1975,
530,Villa,Krarupvej 4,7200, Grindsted,1235000 ,01-01-2018,Alm. Salg,143,8636,4,1953,-5%
530,Villa,Amtsvejen 41,7200, Grindsted,825000 ,01-01-2018,Fam. Salg,153,5392,10,1964,
530,Villa,Vejlevej 34,7190, Billund,540000 ,31-12-2017,Alm. Salg,140,3857,6,1957,
530,Villa,Hasselvej 15,7260, Sønder Omme,535000 ,29-12-2017,Alm. Salg,198,2702,8,1969,
530,Villa,Gammel Bøvlvej 5,7260, Sønder Omme,1245000 ,29-12-2017,Alm. Salg,242,5145,6,1913,
530,Villa,Sønderkær 258,7190, Billund,1685000 ,27-12-2017,Alm. Salg,157,10732,5,1979,-1%
530,Villa,Tyttebærvej 2,7200, Grindsted,2850000 ,21-12-2017,Alm. Salg,388,5655,8,1967,-5%
530,Villa,Farvergade 18,7260, Sønder Omme,260000 ,21-12-2017,Alm. Salg,226,858,7,2020,
530,Villa,Brunbjergvej 1,7190, Billund,1000000 ,18-12-2017,Alm. Salg,186,5376,9,1911,
530,Ejerlejlighed,"Grønningen 23, 2. th",7200, Grindsted,400000 ,17-12-2017,Alm. Salg,52,7692,2,1968,
530,Villa,Gilbjergvej 47B,7250, Hejnsvig,425000 ,17-12-2017,Alm. Salg,161,2457,7,1945,-19%
530,Villa,Dalsøvej 167,7200, Grindsted,1050000 ,14-12-2017,Alm. Salg,120,8750,5,1986,-4%
530,Villa,Danmarksvej 18,7200, Grindsted,900000 ,14-12-2017,Alm. Salg,181,4972,5,1971,-5%
530,Villa,Rødsøvej 11,7200, Grindsted,1650000 ,14-12-2017,Alm. Salg,178,9270,6,1973,-5%
530,Villa,Slaugvej 10,6623, Vorbasse,1232500 ,14-12-2017,Fam. Salg,141,8741,5,2009,
530,Villa,Toften 17,7200, Grindsted,626500 ,13-12-2017,Alm. Salg,113,5544,4,1974,
530,Villa,Holdgårdsvej 5,7260, Sønder Omme,325000 ,13-12-2017,Auktion,124,2621,4,1930,-53%
530,Villa,Morsbølvej 130,7200, Grindsted,295000 ,13-12-2017,Alm. Salg,187,1578,5,1957,
530,Villa,Toften 8,7190, Billund,900000 ,12-12-2017,Alm. Salg,181,4972,6,2018,-18%
530,Villa,Bænkebideren 28,7190, Billund,636800 ,12-12-2017,Alm. Salg,168,3790,5,2018,
530,Villa,Grindstedvej 10,7260, Sønder Omme,298847 ,11-12-2017,Andet,126,2372,3,1946,
530,Villa,Dalsøvej 36,7200, Grindsted,1040000 ,09-12-2017,Alm. Salg,128,8125,4,1976,
530,Villa,Krogagervej 26,7200, Grindsted,795000 ,09-12-2017,Fam. Salg,119,6681,7,1956,
530,Rækkehus,Sønderkær 471,7190, Billund,500000 ,07-12-2017,Alm. Salg,99,5051,4,1986,
530,Villa,Toften 2,7190, Billund,1025000 ,07-12-2017,Alm. Salg,124,8266,4,1965,-6%
530,Villa,Søgårdvej 23,7250, Hejnsvig,750000 ,06-12-2017,Alm. Salg,136,5515,4,1975,-6%
530,Villa,Engsøparken 169,7200, Grindsted,2310000 ,02-12-2017,Alm. Salg,180,12833,6,2008,-4%
530,Villa,Tingstedet 102,7190, Billund,2145000 ,29-11-2017,Alm. Salg,160,13406,6,1998,
530,Villa,Poppelvej 13,7200, Grindsted,887500 ,24-11-2017,Alm. Salg,110,8068,4,1961,-11%
530,Villa,Poppelvej 10,7200, Grindsted,705000 ,23-11-2017,Alm. Salg,91,7747,4,1961,
530,Villa,Grønnegade 8A,6623, Vorbasse,750000 ,21-11-2017,Alm. Salg,112,6696,3,1998,-6%
530,Villa,Bøgevangen 4,7200, Grindsted,2525000 ,19-11-2017,Alm. Salg,183,13798,5,1959,
530,Villa,Skovparken 322,7190, Billund,2100000 ,16-11-2017,Alm. Salg,201,10448,5,1973,-7%
530,Villa,Morsbølvej 81,7200, Grindsted,2820000 ,16-11-2017,Alm. Salg,181,15580,6,2017,
530,Villa,Vestre Boulevard 58,7200, Grindsted,1367000 ,14-11-2017,Alm. Salg,102,13402,5,1961,
530,Villa,Bygvænget 9,7200, Grindsted,975000 ,14-11-2017,Alm. Salg,130,7500,4,1962,-7%
530,Villa,Sønderkær 377,7190, Billund,1595000 ,09-11-2017,Alm. Salg,130,12269,5,1984,
530,Villa,Brinken 8,7200, Grindsted,1280000 ,09-11-2017,Alm. Salg,135,9481,4,1965,-5%
530,Villa,Tiphedevej 1,7200, Grindsted,1100000 ,09-11-2017,Alm. Salg,150,7333,6,1973,-8%
530,Villa,Kløvervænget 13,7200, Grindsted,635000 ,08-11-2017,Alm. Salg,78,8141,3,1964,-9%
530,Villa,Fittingvej 6,6623, Vorbasse,1100000 ,08-11-2017,Alm. Salg,133,8271,4,1965,
530,Villa,Markskellet 28,7190, Billund,625000 ,08-11-2017,Fam. Salg,100,6250,5,1987,
530,Villa,Tingstedet 110,7190, Billund,2600000 ,07-11-2017,Alm. Salg,169,15385,6,1998,-2%
530,Villa,Jørgen Glavinds Vej 5,7200, Grindsted,1510000 ,07-11-2017,Alm. Salg,116,13017,5,1956,
530,Rækkehus,Sydtoften 19,7200, Grindsted,700000 ,05-11-2017,Alm. Salg,82,8537,3,1983,1%
530,Villa,Birkeholtvej 28,7200, Grindsted,450000 ,05-11-2017,Alm. Salg,84,5357,4,1952,-22%
530,Villa,Okslundvej 82,6623, Vorbasse,2500000 ,05-11-2017,Alm. Salg,228,10965,6,1995,
530,Villa,Jorden Rundt 13,7200, Grindsted,1100000 ,05-11-2017,Alm. Salg,124,8871,5,1959,-12%
530,Villa,Bredgade 83,7250, Hejnsvig,600000 ,04-11-2017,Alm. Salg,95,6316,3,1946,-6%
530,Villa,Drivvejen 10,6623, Vorbasse,835000 ,02-11-2017,Alm. Salg,165,5061,6,1977,-7%
530,Villa,Holdgårdsvej 46,7260, Sønder Omme,344046 ,02-11-2017,Andet,148,2325,3,1952,
530,Villa,Morsbøl Søvej 58,7200, Grindsted,2475000 ,02-11-2017,Alm. Salg,189,13095,5,2008,-5%
530,Rækkehus,Bekkasinvej 10A,7200, Grindsted,1134561 ,31-10-2017,Alm. Salg,88,12893,3,2001,
530,Villa,Ribersvej 52,7200, Grindsted,1300000 ,31-10-2017,Alm. Salg,125,10400,4,1979,
530,Villa,Stadion Alle 24,7260, Sønder Omme,530000 ,31-10-2017,Alm. Salg,72,7361,3,1954,-3%
530,Villa,Morsbølvej 85,7200, Grindsted,423750 ,31-10-2017,Alm. Salg,191,2219,6,2019,
530,Villa,Klodhøjvej 12,7250, Hejnsvig,600000 ,30-10-2017,Alm. Salg,158,3797,6,1965,
530,Villa,Kærtoften 22,7200, Grindsted,675000 ,29-10-2017,Andet,154,4383,4,1970,
530,Rækkehus,Søndervold 10,7200, Grindsted,1299000 ,26-10-2017,Alm. Salg,115,11296,5,1992,
530,Villa,Sognegårdsvej 4A,7200, Grindsted,2085000 ,26-10-2017,Alm. Salg,140,14893,5,2018,
530,Villa,Vinkelvej 4,7250, Hejnsvig,695000 ,23-10-2017,Alm. Salg,103,6748,5,1947,
530,Villa,Ole Kirks Vej 8,7190, Billund,1950000 ,22-10-2017,Alm. Salg,228,8553,6,1952,
530,Villa,Finlandsvej 1,7200, Grindsted,1212500 ,19-10-2017,Alm. Salg,152,7977,6,1968,-6%
530,Villa,Postgade 8,7200, Grindsted,900000 ,19-10-2017,Alm. Salg,135,6667,6,1924,
530,Villa,Egebjerg Landevej 21,7200, Grindsted,580000 ,18-10-2017,Alm. Salg,102,5686,4,1964,-3%
530,Villa,Dalsøvej 75,7200, Grindsted,895000 ,17-10-2017,Alm. Salg,140,6393,5,1976,
530,Villa,Vibes Alle 7,7200, Grindsted,1330000 ,17-10-2017,Alm. Salg,94,14149,4,1953,-1%
530,Villa,Sjællandsgade 14,7200, Grindsted,532712 ,16-10-2017,Fam. Salg,138,3860,5,1955,
530,Villa,Møbjergvej 41,7260, Sønder Omme,1630000 ,12-10-2017,Alm. Salg,176,9261,4,1997,-7%
530,Villa,Labrivej 16,6623, Vorbasse,1565000 ,12-10-2017,Alm. Salg,152,10296,6,2000,-2%
530,Villa,Østre Alle 16,7200, Grindsted,975000 ,10-10-2017,Alm. Salg,105,9286,4,1932,-2%
530,Villa,Sverrigsvej 8,7200, Grindsted,1000000 ,09-10-2017,Alm. Salg,151,6623,5,1969,-9%
530,Villa,Løvlundvej 6,7190, Billund,353194 ,09-10-2017,Andet,154,2293,5,1921,
530,Villa,Tusindbenet 24,7190, Billund,601800 ,09-10-2017,Alm. Salg,170,3540,5,2018,-81%
530,Villa,Tusindbenet 26,7190, Billund,571800 ,09-10-2017,Alm. Salg,165,3465,5,2018,-81%
530,Villa,Hasselvej 3,7260, Sønder Omme,1380000 ,08-10-2017,Alm. Salg,189,7302,8,1968,-1%
530,Villa,Bredgade 95,7250, Hejnsvig,540000 ,08-10-2017,Alm. Salg,91,5934,3,1912,-9%
530,Villa,Nyvej 18,7250, Hejnsvig,450000 ,08-10-2017,Alm. Salg,71,6338,2,1963,
530,Villa,Bogfinkevej 11,7190, Billund,632914 ,08-10-2017,Andet,162,3907,6,1960,
530,Villa,Refshøjvej 36,7200, Grindsted,75000 ,04-10-2017,Alm. Salg,87,862,3,1950,-40%
530,Villa,Vestervang 8,7190, Billund,808399 ,04-10-2017,Alm. Salg,140,5774,6,1987,
530,Villa,Morsbøl Søvej 50,7200, Grindsted,2700000 ,01-10-2017,Alm. Salg,211,12796,6,2010,-5%
530,Villa,Ølgodvej 31,7200, Grindsted,200000 ,30-09-2017,Alm. Salg,259,772,7,1927,
530,Villa,Tingstedet 95,7190, Billund,2765000 ,28-09-2017,Alm. Salg,178,15534,6,1998,
530,Villa,Nedergårdsvej 12,7260, Sønder Omme,1490000 ,28-09-2017,Alm. Salg,149,10000,5,1996,0%
530,Villa,Mølleparken 233,7190, Billund,1555000 ,28-09-2017,Alm. Salg,140,11107,5,1976,
530,Villa,Tranebærvej 20,7200, Grindsted,1455000 ,27-09-2017,Alm. Salg,160,9094,6,1966,
530,Villa,Mølleparken 360,7190, Billund,1910000 ,26-09-2017,Alm. Salg,140,13643,5,1984,-4%
530,Villa,Grindsted Landevej 12,7200, Grindsted,550000 ,25-09-2017,Alm. Salg,97,5670,5,1942,
530,Villa,Havrevænget 31,7200, Grindsted,1388000 ,23-09-2017,Alm. Salg,163,8515,6,1965,-1%
530,Villa,Norgesvej 7,7200, Grindsted,1545000 ,21-09-2017,Alm. Salg,140,11036,5,1971,
530,Villa,Bogholdervej 2,6623, Vorbasse,100000 ,20-09-2017,Auktion,225,444,6,1950,
530,Villa,Boldingvej 3,7250, Hejnsvig,1498000 ,19-09-2017,Alm. Salg,129,11612,5,2004,
530,Villa,Primulavej 21,7200, Grindsted,1100000 ,18-09-2017,Alm. Salg,141,7801,5,1968,
530,Villa,Nollundvej 166,7200, Grindsted,150000 ,16-09-2017,Alm. Salg,111,1351,3,1958,
530,Villa,Dalsøvej 153,7200, Grindsted,1625000 ,14-09-2017,Alm. Salg,162,10031,4,1993,-4%
530,Villa,Amtsvejen 18,7200, Grindsted,825000 ,14-09-2017,Alm. Salg,168,4911,5,1959,-8%
530,Villa,Havrevænget 13,7200, Grindsted,975000 ,13-09-2017,Alm. Salg,141,6915,5,1962,-11%
530,Villa,Dalagervej 7,6623, Vorbasse,520000 ,13-09-2017,Alm. Salg,109,4771,4,1968,
530,Rækkehus,Sønderkær 469,7190, Billund,1260000 ,12-09-2017,Alm. Salg,82,15366,3,1982,
530,Villa,Tårngade 3,6623, Vorbasse,750000 ,11-09-2017,Alm. Salg,109,6881,4,1928,-6%
530,Villa,Lupinvænget 38,7200, Grindsted,885000 ,10-09-2017,Alm. Salg,130,6808,4,1963,
530,Villa,Birksøvej 7,7200, Grindsted,875000 ,10-09-2017,Alm. Salg,144,6076,5,1973,-7%
530,Villa,Tværvej 6,7190, Billund,1150000 ,10-09-2017,Alm. Salg,138,8333,6,1972,-3%
530,Villa,Hønseringen 29,7190, Billund,532125 ,05-09-2017,Alm. Salg,201,2647,6,2018,
530,Villa,Birkebæk Alle 9,7260, Sønder Omme,467500 ,03-09-2017,Fam. Salg,113,4137,4,1966,
530,Villa,Kærvej 421,7190, Billund,847500 ,03-09-2017,Fam. Salg,193,4391,5,1972,
530,Villa,Fyrrevænget 315,7190, Billund,1200000 ,30-08-2017,Alm. Salg,136,8824,5,1972,-8%
530,Villa,Lillevang 106,7190, Billund,3150000 ,29-08-2017,Alm. Salg,194,16237,6,2014,-4%
530,Villa,Amtsvejen 56,7200, Grindsted,900000 ,28-08-2017,Alm. Salg,143,6294,5,1979,-10%
530,Villa,Jasminvej 7,7200, Grindsted,1950000 ,28-08-2017,Alm. Salg,164,11890,4,1995,-2%
530,Villa,Skærsigvej 8,7260, Sønder Omme,440000 ,28-08-2017,Alm. Salg,145,3034,4,1948,-11%
530,Villa,Lillevang 112,7190, Billund,1676366 ,28-08-2017,Alm. Salg,194,8641,6,2011,
530,Villa,Filskovvej 17,7200, Grindsted,1075000 ,27-08-2017,Alm. Salg,198,5429,7,1961,-10%
530,Villa,Sønderkær 413,7190, Billund,1775000 ,27-08-2017,Alm. Salg,130,13654,5,1986,
530,Villa,Daugårdvej 15,7250, Hejnsvig,450000 ,27-08-2017,Alm. Salg,143,3147,5,1962,
530,Villa,Læsøvej 7,7200, Grindsted,1545000 ,24-08-2017,Alm. Salg,176,8778,5,1969,-6%
530,Villa,Egevænget 401,7190, Billund,1290000 ,23-08-2017,Alm. Salg,184,7011,5,1972,-8%
530,Villa,Havrevænget 33,7200, Grindsted,1395000 ,23-08-2017,Alm. Salg,132,10568,5,1962,
530,Villa,Søndergade 20,6623, Vorbasse,440000 ,22-08-2017,Alm. Salg,132,3333,5,1900,-11%
530,Villa,Løvlundvej 35,7190, Billund,1235000 ,22-08-2017,Alm. Salg,86,14360,2,1962,-5%
530,Villa,Vibes Alle 19,7200, Grindsted,390000 ,21-08-2017,Alm. Salg,89,4382,3,1947,-40%
530,Villa,Nebelvej 6,6623, Vorbasse,410500 ,21-08-2017,Alm. Salg,87,4718,3,1938,-9%
530,Villa,Lillesøvej 2,7200, Grindsted,1275000 ,17-08-2017,Alm. Salg,157,8121,5,1973,-2%
530,Villa,Jyllandsgade 20,7200, Grindsted,1295000 ,17-08-2017,Alm. Salg,97,13351,4,1951,-7%
530,Villa,Markskellet 59,7190, Billund,1650000 ,15-08-2017,Fam. Salg,158,10443,5,1987,
530,Villa,Tingstedet 73,7190, Billund,3350000 ,13-08-2017,Alm. Salg,227,14758,9,1997,-4%
530,Villa,Åglimt 23,7200, Grindsted,940000 ,10-08-2017,Alm. Salg,329,2857,7,2020,-6%
530,Villa,Lærkevej 14,7190, Billund,1320000 ,09-08-2017,Auktion,193,6839,8,1963,-28%
530,Villa,Danmarksvej 21,7200, Grindsted,1025000 ,08-08-2017,Alm. Salg,136,7537,5,1972,-13%
530,Villa,Sønderkær 246,7190, Billund,2280000 ,06-08-2017,Alm. Salg,193,11813,5,1978,-1%
530,Villa,Mølleparken 416,7190, Billund,1795000 ,06-08-2017,Alm. Salg,152,11809,4,1984,
530,Villa,Solsortvej 8,7200, Grindsted,1145000 ,03-08-2017,Alm. Salg,105,10905,3,1955,
530,Rækkehus,Søndervold 8,7200, Grindsted,1225000 ,02-08-2017,Alm. Salg,96,12760,4,1992,
530,Villa,Rosengårdsvej 7,7250, Hejnsvig,675000 ,02-08-2017,Alm. Salg,120,5625,5,1973,-7%
530,Villa,Blåbjergvej 15,7200, Grindsted,950000 ,01-08-2017,Alm. Salg,229,4148,8,1973,-21%
530,Villa,Solsortvej 1B,7190, Billund,970000 ,01-08-2017,Alm. Salg,170,5706,6,1959,-3%
530,Villa,Engsøparken 213,7200, Grindsted,2335000 ,01-08-2017,Alm. Salg,176,13267,6,2008,-3%
530,Villa,Søndermarksvej 116,7190, Billund,1430000 ,01-08-2017,Alm. Salg,152,9408,5,1969,-5%
530,Villa,Søgårdvej 59,7250, Hejnsvig,295000 ,30-07-2017,Alm. Salg,68,4338,3,1979,
530,Villa,Hønseringen 5,7190, Billund,617755 ,30-07-2017,Alm. Salg,228,2709,6,2018,
530,Villa,Stationsvej 24,7200, Grindsted,858000 ,25-07-2017,Andet,216,3391,8,1916,
530,Villa,Simmelbrovej 36,7260, Sønder Omme,750000 ,23-07-2017,Alm. Salg,146,5137,5,1966,
530,Villa,Krogagergårdvej 31,7200, Grindsted,2658000 ,19-07-2017,Alm. Salg,247,10761,6,2007,-8%
530,Villa,Søllingdalvej 30,7250, Hejnsvig,695000 ,17-07-2017,Alm. Salg,124,5605,5,1975,
530,Villa,Engsøparken 13,7200, Grindsted,3150000 ,15-07-2017,Alm. Salg,265,11887,7,2000,-1%
530,Villa,Gribsøvej 9,7200, Grindsted,1295000 ,14-07-2017,Alm. Salg,130,9962,4,1975,
530,Villa,Enevej 12,7200, Grindsted,1590000 ,13-07-2017,Alm. Salg,157,10127,5,1986,
530,Villa,Sønderhedevej 24,6623, Vorbasse,1625000 ,13-07-2017,Alm. Salg,164,9909,9,1960,-19%
530,Villa,Brinken 13,7200, Grindsted,1200000 ,12-07-2017,Alm. Salg,231,5195,6,1965,
530,Villa,Rahbæksvej 8,7260, Sønder Omme,680000 ,11-07-2017,Alm. Salg,141,4823,4,1974,-9%
530,Rækkehus,Sønderkær 483,7190, Billund,1150000 ,10-07-2017,Alm. Salg,77,14935,3,1984,
530,Villa,Anemonevej 22,7200, Grindsted,1760000 ,10-07-2017,Alm. Salg,137,12847,4,1963,-2%
530,Villa,Morsbølvej 79,7200, Grindsted,448750 ,10-07-2017,Alm. Salg,152,2952,5,2017,
530,Villa,Enevej 8,7200, Grindsted,1650000 ,09-07-2017,Alm. Salg,165,8168,6,1978,-8%
530,Villa,Hedegårdsvej 20,7190, Billund,2650000 ,06-07-2017,Alm. Salg,161,16460,6,1998,
530,Villa,Amtsvejen 28,7200, Grindsted,25000 ,05-07-2017,Alm. Salg,149,168,5,1912,
530,Villa,Pilevej 3,7200, Grindsted,1000000 ,04-07-2017,Alm. Salg,148,6757,5,1961,-13%
530,Villa,Markskellet 47,7190, Billund,1455000 ,04-07-2017,Alm. Salg,108,13472,5,1988,-1%
530,Villa,Frederikshåbvej 5,6623, Vorbasse,1150000 ,03-07-2017,Alm. Salg,173,6647,5,1918,
530,Villa,Julsøvej 1,7200, Grindsted,1280000 ,03-07-2017,Alm. Salg,142,9014,5,1973,-8%
530,Villa,Højene 7,7250, Hejnsvig,925000 ,03-07-2017,Alm. Salg,128,7227,5,1972,-2%
530,Villa,Storegade 24,7200, Grindsted,360000 ,29-06-2017,Alm. Salg,104,3462,4,1949,-15%
530,Villa,Mølleparken 134,7190, Billund,850000 ,28-06-2017,Alm. Salg,142,5986,5,1975,
530,Villa,Dalsvinget 43,7200, Grindsted,1035000 ,28-06-2017,Alm. Salg,134,7724,5,1976,-4%
530,Villa,Morsbøl Søvej 112,7200, Grindsted,445000 ,28-06-2017,Alm. Salg,180,2472,5,2018,
530,Villa,Grønnegade 10,6623, Vorbasse,590000 ,27-06-2017,Alm. Salg,148,3986,4,1978,
530,Villa,Hybenvej 4,7200, Grindsted,1545000 ,27-06-2017,Alm. Salg,155,9968,5,1968,
530,Rækkehus,Åbrinken 22,7200, Grindsted,200000 ,26-06-2017,Alm. Salg,81,2469,3,1982,
530,Rækkehus,Søndre Boulevard 357,7200, Grindsted,925000 ,26-06-2017,Alm. Salg,81,11420,3,1987,-2%
530,Villa,Dalbyvej 20,7200, Grindsted,685000 ,26-06-2017,Alm. Salg,101,6782,3,1948,-14%
530,Villa,Bænkebideren 11,7190, Billund,571800 ,26-06-2017,Alm. Salg,215,2660,6,2018,
530,Villa,Tinsoldaten 29,7190, Billund,512500 ,26-06-2017,Alm. Salg,218,2351,6,2018,
530,Villa,Søndre Boulevard 221,7200, Grindsted,1575000 ,25-06-2017,Alm. Salg,146,10788,5,1994,-5%
530,Villa,Tingstedet 6,7190, Billund,1987500 ,25-06-2017,Alm. Salg,146,13613,6,1995,-5%
530,Villa,Lupinvænget 14,7200, Grindsted,1445000 ,22-06-2017,Alm. Salg,143,10105,5,1963,
530,Villa,Sønderkær 234,7190, Billund,548400 ,22-06-2017,Andet,172,3188,6,1978,
530,Villa,Tingstedet 11,7190, Billund,3050000 ,22-06-2017,Alm. Salg,221,13801,9,1995,-5%
530,Villa,Lundhedevej 23,7200, Grindsted,675000 ,21-06-2017,Alm. Salg,147,4592,2,1955,
530,Rækkehus,Søndervold 73,7200, Grindsted,1750000 ,20-06-2017,Alm. Salg,126,13889,4,2004,-1%
530,Villa,Kløvermarken 101,7190, Billund,2100000 ,19-06-2017,Alm. Salg,176,11932,6,1977,
530,Villa,Kølskevadvej 10,7200, Grindsted,512500 ,19-06-2017,Alm. Salg,207,2476,6,1981,-62%
530,Villa,Svinget 9,7200, Grindsted,1085000 ,19-06-2017,Alm. Salg,90,12056,3,1956,-1%
530,Villa,Morsbølvej 87,7200, Grindsted,468750 ,19-06-2017,Alm. Salg,170,2757,5,2018,
530,Villa,Møllevænget 41,7190, Billund,1925000 ,15-06-2017,Alm. Salg,134,14366,5,1966,
530,Rækkehus,Markskellet 33,7190, Billund,1125000 ,14-06-2017,Alm. Salg,81,13889,3,1988,-6%
530,Villa,Grenevej 1,7190, Billund,3700000 ,14-06-2017,Alm. Salg,227,16300,7,2000,-5%
530,Villa,Svinget 1,7200, Grindsted,1400000 ,14-06-2017,Alm. Salg,117,11966,4,2003,-12%
530,Villa,Primulavej 33,7200, Grindsted,1125000 ,14-06-2017,Alm. Salg,139,8094,5,1964,
530,Villa,Lindevej 1,7200, Grindsted,1350000 ,12-06-2017,Alm. Salg,114,11842,4,1961,-3%
530,Villa,Labrivej 20,6623, Vorbasse,1050000 ,11-06-2017,Alm. Salg,116,9052,4,1999,
530,Rækkehus,Bogholdervej 1A,6623, Vorbasse,250000 ,09-06-2017,Fam. Salg,104,2404,3,2000,
530,Villa,Skjoldbjergvej 46,6623, Vorbasse,500000 ,09-06-2017,Fam. Salg,172,2907,6,1998,
530,Villa,Nørhedevej 2,7200, Grindsted,1545000 ,08-06-2017,Alm. Salg,158,9778,6,1974,-3%
530,Villa,Lysningen 12,7190, Billund,1100000 ,08-06-2017,Fam. Salg,100,11000,4,1987,
530,Villa,Hestkærvej 16,7200, Grindsted,613000 ,08-06-2017,Alm. Salg,194,3160,7,1965,
530,Villa,Østre Ringvej 3,7250, Hejnsvig,471214 ,06-06-2017,Fam. Salg,148,3184,4,1976,
530,Villa,Havrevænget 17,7200, Grindsted,1150000 ,06-06-2017,Alm. Salg,92,12500,4,1962,-4%
530,Villa,Spurvevej 1,7200, Grindsted,1156762 ,05-06-2017,Andet,131,8830,5,1959,
530,Villa,Ribersvej 52,7200, Grindsted,1362975 ,01-06-2017,Alm. Salg,125,10904,4,1979,
530,Villa,Ribersvej 152,7200, Grindsted,1295000 ,01-06-2017,Alm. Salg,120,10792,4,1980,
530,Villa,Skolegade 11,7200, Grindsted,1500000 ,01-06-2017,Alm. Salg,148,10135,4,1923,-6%
530,Villa,Dalagervej 6,6623, Vorbasse,1650000 ,01-06-2017,Fam. Salg,235,7021,5,2009,
530,Villa,Præstevænget 1,6623, Vorbasse,720000 ,31-05-2017,Fam. Salg,131,5496,4,1927,
530,Villa,Jyllandsgade 13,7200, Grindsted,1350000 ,31-05-2017,Alm. Salg,135,10000,5,1974,-7%
530,Villa,Daltoften 41,7200, Grindsted,900000 ,31-05-2017,Alm. Salg,136,6618,5,1980,-10%
530,Villa,Åglimt 19,7200, Grindsted,1000000 ,28-05-2017,Alm. Salg,131,7634,5,1972,-7%
530,Villa,Rugvænget 5,7200, Grindsted,650000 ,28-05-2017,Fam. Salg,142,4577,4,1962,
530,Villa,Tusindbenet 11,7190, Billund,464500 ,28-05-2017,Alm. Salg,167,2781,5,2017,
530,Villa,Tusindbenet 8,7190, Billund,571800 ,23-05-2017,Alm. Salg,185,3091,5,2017,
530,Villa,Lillevang 81,7190, Billund,2720000 ,23-05-2017,Alm. Salg,200,13600,5,2007,-3%
530,Villa,Hybenvej 5,7200, Grindsted,1540000 ,22-05-2017,Alm. Salg,161,9565,6,1967,-3%
530,Villa,Egevænget 208,7190, Billund,1400000 ,22-05-2017,Alm. Salg,130,10769,5,1972,
530,Villa,Engsøparken 239,7200, Grindsted,535000 ,20-05-2017,Alm. Salg,181,2956,6,2017,
530,Villa,Søgårdvej 27,7250, Hejnsvig,710000 ,18-05-2017,Alm. Salg,140,5071,4,1979,-14%
530,Villa,Søndervold 156,7200, Grindsted,2945000 ,18-05-2017,Alm. Salg,199,14799,7,2001,-2%
530,Villa,Morsbøl Skolevej 28,7200, Grindsted,3095000 ,18-05-2017,Alm. Salg,196,15791,5,2017,3%
530,Villa,Vejlevej 15,7260, Sønder Omme,180000 ,17-05-2017,Auktion,127,1417,4,1918,
530,Villa,Dalsøvej 67,7200, Grindsted,507947 ,17-05-2017,Fam. Salg,128,3968,4,1976,
530,Villa,Rugvænget 27,7200, Grindsted,965000 ,16-05-2017,Alm. Salg,122,7910,4,1962,-3%
530,Villa,Egeparken 9,7260, Sønder Omme,1222500 ,15-05-2017,Alm. Salg,131,9332,2,2006,-12%
530,Villa,Sydtoften 277,7200, Grindsted,1575000 ,15-05-2017,Alm. Salg,118,13347,4,2006,-5%
530,Villa,Snurretoppen 3,7190, Billund,418750 ,15-05-2017,Alm. Salg,146,2868,5,2018,
530,Villa,Morsbølvej 81,7200, Grindsted,462500 ,15-05-2017,Alm. Salg,181,2555,6,2017,
530,Villa,Åglimt 31,7200, Grindsted,2930000 ,14-05-2017,Alm. Salg,233,12575,5,1984,-5%
530,Villa,Søndervold 270,7200, Grindsted,2400000 ,14-05-2017,Alm. Salg,197,12183,7,1997,-2%
530,Villa,Havrevænget 18,7200, Grindsted,1706000 ,13-05-2017,Alm. Salg,143,11930,4,1962,4%
530,Villa,Egeparken 18,7260, Sønder Omme,1480000 ,10-05-2017,Fam. Salg,188,7872,7,1997,
530,Villa,Kærvej 113,7190, Billund,2150000 ,10-05-2017,Alm. Salg,216,9954,6,1973,
530,Villa,Toften 71,7190, Billund,1495000 ,10-05-2017,Alm. Salg,133,11241,5,1970,
530,Ejerlejlighed,"Hovedgaden 44C, 1. tv",7190, Billund,1815000 ,08-05-2017,Alm. Salg,130,13962,3,2012,
530,Villa,Tingstedet 16,7190, Billund,2175000 ,08-05-2017,Alm. Salg,172,12645,6,1995,
530,Villa,Ahornvej 8,7200, Grindsted,955000 ,08-05-2017,Alm. Salg,138,6920,4,1965,-4%
530,Villa,Engvej 27,7200, Grindsted,1995000 ,07-05-2017,Alm. Salg,137,14562,4,1938,
530,Villa,Tinsoldaten 1,7190, Billund,2800000 ,07-05-2017,Alm. Salg,174,16092,6,2017,-7%
530,Villa,Holdgårdsvej 13,7260, Sønder Omme,675000 ,03-05-2017,Alm. Salg,89,7584,3,1958,
530,Villa,Engsøparken 197,7200, Grindsted,2250000 ,02-05-2017,Alm. Salg,180,12500,6,2007,-6%
530,Rækkehus,Rosenvej 14B,7200, Grindsted,635000 ,29-04-2017,Alm. Salg,70,9071,3,1988,-2%
530,Villa,Tingstedet 5,7190, Billund,2360000 ,29-04-2017,Alm. Salg,176,13409,7,1994,-2%
530,Villa,Okslundvej 120,6623, Vorbasse,2930000 ,28-04-2017,Alm. Salg,241,12158,6,1940,-2%
530,Villa,Parkvej 4,6623, Vorbasse,1645000 ,28-04-2017,Alm. Salg,145,11345,5,1998,
530,Villa,Plougstrupvej 3,7200, Grindsted,1625000 ,28-04-2017,Alm. Salg,290,5603,10,1911,
530,Villa,Ågeslundvej 26,7200, Grindsted,1615000 ,27-04-2017,Alm. Salg,163,9908,4,1975,-4%
530,Villa,Gammel Bøvlvej 21,7260, Sønder Omme,478000 ,27-04-2017,Fam. Salg,152,3145,4,1957,
530,Villa,Birkevej 12,6623, Vorbasse,750000 ,27-04-2017,Fam. Salg,111,6757,4,1969,
530,Villa,Nollundvej 165,7200, Grindsted,695000 ,26-04-2017,Alm. Salg,150,4633,5,1947,
530,Villa,Storegade 11,7200, Grindsted,180000 ,26-04-2017,Alm. Salg,136,1324,5,1938,-39%
530,Villa,Havrevænget 22,7200, Grindsted,533434 ,26-04-2017,Alm. Salg,152,3509,4,1961,
530,Villa,Tusindbenet 10,7190, Billund,571800 ,26-04-2017,Alm. Salg,183,3125,5,2020,
530,Villa,Bænkebideren 18,7190, Billund,688966 ,26-04-2017,Alm. Salg,218,3160,5,2019,
530,Villa,Amtsvejen 25B,7200, Grindsted,100000 ,25-04-2017,Alm. Salg,144,694,4,2020,
530,Villa,Bænkebideren 20,7190, Billund,660108 ,25-04-2017,Alm. Salg,186,3549,5,2017,
530,Ejerlejlighed,"Nørregade 2, 1",6623, Vorbasse,824500 ,24-04-2017,Fam. Salg,134,6153,4,1956,
530,Villa,Vejlevej 23,7260, Sønder Omme,400000 ,20-04-2017,Alm. Salg,160,2500,7,1939,-10%
530,Villa,Vestervang 31,7190, Billund,1630000 ,20-04-2017,Alm. Salg,134,12164,6,1986,-4%
530,Villa,Bænkebideren 9,7190, Billund,571800 ,18-04-2017,Alm. Salg,183,3125,6,2017,
530,Villa,Bænkebideren 16,7190, Billund,631600 ,18-04-2017,Alm. Salg,209,3022,6,2018,
530,Villa,Ribe Landevej 4,7200, Grindsted,445000 ,17-04-2017,Alm. Salg,136,3272,5,1978,
530,Villa,Labrivej 18,6623, Vorbasse,760000 ,17-04-2017,Alm. Salg,103,7379,4,2001,-13%
530,Rækkehus,Sønderkær 353,7190, Billund,1293000 ,11-04-2017,Alm. Salg,87,14862,3,1985,
530,Villa,Mølleparken 201,7190, Billund,1445000 ,11-04-2017,Alm. Salg,124,11653,4,1976,-3%
530,Villa,Ribersvej 94,7200, Grindsted,1140000 ,10-04-2017,Alm. Salg,122,9344,4,1978,-3%
530,Villa,Søndermarksvej 203,7190, Billund,1800000 ,06-04-2017,Alm. Salg,209,8612,8,1970,-5%
530,Rækkehus,Herningvej 10A,7260, Sønder Omme,230000 ,02-04-2017,Alm. Salg,113,2035,3,1919,-16%
530,Villa,Toften 6,7200, Grindsted,198000 ,31-03-2017,Alm. Salg,195,1015,6,2021,
530,Villa,Solvej 7,7200, Grindsted,1240000 ,30-03-2017,Alm. Salg,132,9394,5,1928,-4%
530,Villa,Nørrevej 19,7200, Grindsted,1400000 ,29-03-2017,Alm. Salg,241,5809,7,1973,-11%
530,Villa,Bænkebideren 30,7190, Billund,639500 ,27-03-2017,Alm. Salg,187,3420,6,2019,
530,Villa,Danmarksvej 19,7200, Grindsted,1210000 ,26-03-2017,Alm. Salg,120,10083,4,1972,-3%
530,Villa,Møllevænget 19,7190, Billund,1050000 ,22-03-2017,Alm. Salg,78,13462,3,1965,-4%
530,Villa,Toften 31,7190, Billund,1347000 ,22-03-2017,Auktion,141,9553,5,1968,
530,Villa,Tårngade 8,6623, Vorbasse,1400000 ,22-03-2017,Alm. Salg,191,7330,6,1930,-9%
530,Villa,Mølleparken 304,7190, Billund,1445000 ,22-03-2017,Alm. Salg,119,12143,5,1981,
530,Villa,Bænkebideren 6,7190, Billund,600390 ,20-03-2017,Alm. Salg,202,2972,6,2018,
530,Villa,Klostervej 8,7200, Grindsted,1200000 ,19-03-2017,Alm. Salg,227,5286,5,1973,-11%
530,Villa,Torvegade 7,7250, Hejnsvig,550000 ,14-03-2017,Alm. Salg,108,5093,4,1965,-21%
530,Rækkehus,Krogagervej 46,7200, Grindsted,475000 ,13-03-2017,Alm. Salg,99,4798,4,1957,-13%
530,Villa,Engsøparken 11,7200, Grindsted,2025000 ,13-03-2017,Alm. Salg,168,12054,6,1998,-12%
530,Villa,Solvangen 19,7200, Grindsted,575000 ,12-03-2017,Alm. Salg,136,4228,4,1977,-17%
530,Villa,Egevangen 8,7200, Grindsted,1095000 ,09-03-2017,Alm. Salg,88,12443,3,1960,
530,Villa,"Jernbanegade 25, st",7200, Grindsted,1625000 ,09-03-2017,Alm. Salg,280,5804,7,1920,-12%
530,Villa,Vestervang 9,7190, Billund,1675000 ,09-03-2017,Alm. Salg,168,9970,6,1986,
530,Villa,Lærke Alle 3,7260, Sønder Omme,337500 ,09-03-2017,Alm. Salg,200,1688,6,2018,
530,Rækkehus,Sydtoften 135,7200, Grindsted,995000 ,08-03-2017,Alm. Salg,82,12134,3,1984,-5%
530,Villa,Søndermarksvej 309,7190, Billund,2790000 ,08-03-2017,Alm. Salg,218,12798,6,1970,
530,Villa,Bænkebideren 22,7190, Billund,687000 ,08-03-2017,Alm. Salg,173,3971,6,2018,
530,Villa,Hønseringen 5,7190, Billund,532125 ,08-03-2017,Alm. Salg,228,2334,6,2018,
530,Villa,Flintemarken 17,7190, Billund,1775000 ,07-03-2017,Alm. Salg,167,10629,5,1990,
530,Villa,Tusindbenet 6,7190, Billund,580500 ,07-03-2017,Alm. Salg,151,3844,5,2018,
530,Villa,Morsbølvej 97,7200, Grindsted,485000 ,07-03-2017,Alm. Salg,223,2175,5,2019,
530,Villa,Bænkebideren 26,7190, Billund,652300 ,07-03-2017,Alm. Salg,215,3034,7,2020,
530,Villa,Engsøparken 183,7200, Grindsted,2850000 ,07-03-2017,Alm. Salg,225,12667,5,2007,-5%
530,Villa,Tusindbenet 4,7190, Billund,575000 ,06-03-2017,Alm. Salg,175,3286,5,2017,
530,Rækkehus,Sønderkær 473,7190, Billund,1295000 ,04-03-2017,Alm. Salg,99,13081,4,1986,
530,Ejerlejlighed,"Grønningen 23, st. tv",7200, Grindsted,600000 ,02-03-2017,Alm. Salg,88,6818,3,1968,-6%
530,Villa,Birkebæk Alle 4,7260, Sønder Omme,825000 ,02-03-2017,Alm. Salg,212,3892,7,1970,-8%
530,Villa,Dalbo 49,7200, Grindsted,1270000 ,02-03-2017,Alm. Salg,124,10242,4,1978,-2%
530,Villa,Holdgårdsvej 21A,7260, Sønder Omme,425000 ,02-03-2017,Alm. Salg,222,1914,7,2019,
530,Villa,Sønderkær 120,7190, Billund,1385000 ,28-02-2017,Alm. Salg,104,13317,4,1977,-1%
530,Villa,Sognegårdsvej 4A,7200, Grindsted,125000 ,28-02-2017,Alm. Salg,140,893,5,2018,
530,Villa,Tingstedet 103,7190, Billund,2200000 ,27-02-2017,Alm. Salg,169,13018,6,1998,-10%
530,Villa,Klodhøjvej 5,7250, Hejnsvig,287010 ,27-02-2017,Fam. Salg,127,2260,4,1949,
530,Villa,Gøglervej 9,6623, Vorbasse,251025 ,27-02-2017,Alm. Salg,150,1674,5,2017,
530,Villa,Rahbæksparken 100,7260, Sønder Omme,155000 ,27-02-2017,Alm. Salg,181,856,5,2018,
530,Villa,Krogagergårdvej 27,7200, Grindsted,130000 ,26-02-2017,Alm. Salg,182,610,5,2017,
530,Villa,Skovparken 320,7190, Billund,1910000 ,23-02-2017,Alm. Salg,178,10730,6,1966,-4%
530,Villa,Rødsøvej 5,7200, Grindsted,1206900 ,23-02-2017,Alm. Salg,154,7837,5,1978,5%
530,Villa,Bøgevangen 1,7200, Grindsted,830000 ,22-02-2017,Alm. Salg,111,7477,4,1960,-10%
530,Villa,Lundhedevej 12,7200, Grindsted,590000 ,22-02-2017,Alm. Salg,125,4720,3,1963,-9%
530,Villa,Plougslundvej 171,7190, Billund,1745000 ,21-02-2017,Alm. Salg,142,12289,6,1973,
530,Villa,Sønderkær 177,7190, Billund,1800000 ,20-02-2017,Alm. Salg,153,11765,5,1978,
530,Villa,Tjørnevej 9,7200, Grindsted,1595000 ,16-02-2017,Alm. Salg,184,8668,7,1965,
530,Villa,Engvej 13,7200, Grindsted,2200000 ,15-02-2017,Alm. Salg,173,12717,5,1946,-2%
530,Villa,Dalbo 37,7200, Grindsted,1100000 ,15-02-2017,Alm. Salg,164,6707,5,1977,-7%
530,Villa,Gribsøvej 4,7200, Grindsted,1650000 ,15-02-2017,Alm. Salg,147,11224,5,1974,-5%
530,Villa,Rahbæksparken 104,7260, Sønder Omme,155000 ,15-02-2017,Alm. Salg,179,866,6,2018,
530,Villa,Havrevænget 24,7200, Grindsted,1100000 ,14-02-2017,Alm. Salg,133,8271,5,1962,-8%
530,Rækkehus,Jørgen Glavinds Vej 34,7200, Grindsted,850000 ,13-02-2017,Alm. Salg,85,10000,4,1955,
530,Villa,Bygvænget 17,7200, Grindsted,950000 ,13-02-2017,Fam. Salg,195,4872,9,1963,
530,Ejerlejlighed,"Østergade 6, 1",6623, Vorbasse,650000 ,12-02-2017,Alm. Salg,49,13265,2,1932,-6%
530,Villa,Sønderkær 112,7190, Billund,1695000 ,12-02-2017,Alm. Salg,144,11771,5,1977,
530,Villa,Lillevang 35,7190, Billund,2495000 ,09-02-2017,Alm. Salg,160,15594,6,2004,
530,Villa,Abildvej 22,7200, Grindsted,460000 ,09-02-2017,Fam. Salg,164,2805,5,1973,
530,Rækkehus,Nørre Alle 7,7200, Grindsted,465000 ,08-02-2017,Alm. Salg,84,5536,2,1913,-1%
530,Rækkehus,Sydtoften 147,7200, Grindsted,977500 ,08-02-2017,Alm. Salg,86,11366,3,1984,-2%
530,Villa,Søndergade 5,6623, Vorbasse,128400 ,08-02-2017,Auktion,53,2423,2,1900,
530,Villa,Ølgodvej 31,7200, Grindsted,2040000 ,08-02-2017,Alm. Salg,259,7876,7,1927,-11%
530,Villa,Samsøvej 12,7200, Grindsted,1270000 ,07-02-2017,Alm. Salg,108,11759,4,1969,-2%
530,Villa,Østervej 10,7200, Grindsted,507100 ,07-02-2017,Fam. Salg,166,3055,5,1973,
530,Villa,Bredgade 75,7250, Hejnsvig,538000 ,07-02-2017,Fam. Salg,162,2717,4,1915,
530,Villa,Nyvej 2B,7250, Hejnsvig,669032 ,07-02-2017,Fam. Salg,117,5718,3,1973,
530,Villa,Østergade 50,6623, Vorbasse,475000 ,07-02-2017,Alm. Salg,136,3493,5,1932,-10%
530,Villa,Langmosevej 6,7250, Hejnsvig,1675000 ,06-02-2017,Alm. Salg,241,6950,6,1996,-11%
530,Villa,Sønderkær 528,7190, Billund,1765000 ,05-02-2017,Alm. Salg,153,11536,6,1979,-1%
530,Villa,Enghaven 27,7260, Sønder Omme,850000 ,05-02-2017,Alm. Salg,251,3386,8,1947,-15%
530,Villa,Sønderkær 271,7190, Billund,2675000 ,02-02-2017,Alm. Salg,231,11580,8,1979,-3%
530,Ejerlejlighed,"Grønningen 23, 1. th",7200, Grindsted,335000 ,01-02-2017,Alm. Salg,52,6442,2,1968,-13%
530,Villa,Dalsøvej 119,7200, Grindsted,1050000 ,01-02-2017,Alm. Salg,123,8537,5,1980,-4%
530,Villa,Engsøparken 237,7200, Grindsted,925000 ,01-02-2017,Alm. Salg,192,4818,5,2019,
530,Rækkehus,Sønderkær 335,7190, Billund,1100000 ,31-01-2017,Fam. Salg,91,12088,3,1980,
530,Villa,Lillevang 110,7190, Billund,3400000 ,31-01-2017,Alm. Salg,210,16190,6,2012,-3%
530,Villa,Primulavej 13,7200, Grindsted,650000 ,30-01-2017,Fam. Salg,181,3591,5,1964,
530,Villa,Søndervold 274,7200, Grindsted,1495000 ,29-01-2017,Alm. Salg,142,10528,5,1997,
530,Villa,Daltoften 33,7200, Grindsted,512500 ,29-01-2017,Fam. Salg,149,3440,6,1977,
530,Villa,Holdgårdsvej 46,7260, Sønder Omme,760000 ,29-01-2017,Alm. Salg,148,5135,3,1952,-8%
530,Ejerlejlighed,"Vesterbrogade 19, 1",7200, Grindsted,515000 ,28-01-2017,Alm. Salg,77,6688,3,1925,
530,Villa,Søndervold 278,7200, Grindsted,685487 ,27-01-2017,Fam. Salg,158,4339,5,1997,
530,Villa,Toften 11,7190, Billund,1375000 ,26-01-2017,Alm. Salg,156,8814,5,1971,
530,Villa,Vejlevej 26A,7260, Sønder Omme,1035000 ,24-01-2017,Alm. Salg,122,8484,3,1987,-10%
530,Villa,Lynghedevej 5,7200, Grindsted,1060000 ,22-01-2017,Alm. Salg,140,7571,5,1975,-3%
530,Villa,Krarupvej 16,7200, Grindsted,950000 ,22-01-2017,Alm. Salg,138,6884,5,1965,-3%
530,Villa,Grønvang 14,7260, Sønder Omme,975000 ,19-01-2017,Alm. Salg,88,11080,4,1950,
530,Villa,Jyllandsgade 12,7200, Grindsted,950000 ,19-01-2017,Alm. Salg,151,6291,7,1953,-19%
530,Villa,Dalgasvej 12,6623, Vorbasse,802000 ,18-01-2017,Auktion,254,3157,7,1977,-19%
530,Rækkehus,Lysningen 30,7190, Billund,625000 ,17-01-2017,Fam. Salg,95,6579,4,1986,
530,Villa,Egevænget 115,7190, Billund,1650000 ,17-01-2017,Alm. Salg,133,12406,5,1972,-3%
530,Villa,Solsortvej 10,7190, Billund,645000 ,16-01-2017,Alm. Salg,84,7679,4,1960,
530,Villa,Sønderkær 516,7190, Billund,2195000 ,16-01-2017,Alm. Salg,149,14732,5,1979,
530,Villa,Tinsoldaten 23,7190, Billund,487500 ,16-01-2017,Alm. Salg,189,2579,6,2017,
530,Villa,Østervangsvej 3,7200, Grindsted,1995000 ,13-01-2017,Alm. Salg,336,5938,10,1914,
530,Villa,Østerbo 2,7190, Billund,1920000 ,12-01-2017,Alm. Salg,124,15484,5,1955,-4%
530,Villa,Håndværkervej 1,6623, Vorbasse,425000 ,11-01-2017,Alm. Salg,197,2157,6,1980,
530,Villa,Søndre Boulevard 245,7200, Grindsted,1620000 ,09-01-2017,Alm. Salg,135,12000,4,1997,-7%
530,Villa,Nørrevej 1,7200, Grindsted,975000 ,09-01-2017,Alm. Salg,231,4221,7,1916,-2%
530,Villa,Dalbo 1,7200, Grindsted,1342500 ,08-01-2017,Alm. Salg,142,9454,6,1977,-3%
530,Villa,Ole Kirks Vej 21,7190, Billund,1150000 ,08-01-2017,Alm. Salg,129,8915,3,1956,-8%
530,Villa,Morsbølvej 69,7200, Grindsted,443750 ,08-01-2017,Alm. Salg,164,2706,5,2018,
530,Villa,Markedsstien 2,6623, Vorbasse,500000 ,08-01-2017,Alm. Salg,135,3704,5,1972,-28%
530,Rækkehus,Sønderkær 451,7190, Billund,1237500 ,06-01-2017,Alm. Salg,90,13750,3,1983,-4%
530,Villa,Ribersvej 74,7200, Grindsted,1425000 ,05-01-2017,Alm. Salg,169,8432,6,1978,
530,Villa,Elmelunden 107,7190, Billund,1150000 ,05-01-2017,Alm. Salg,88,13068,4,1963,
530,Villa,Flintemarken 79,7190, Billund,1695000 ,05-01-2017,Alm. Salg,145,11690,6,1987,
530,Villa,Abildvej 11,7200, Grindsted,1160000 ,04-01-2017,Alm. Salg,163,7117,5,1972,
530,Villa,Præstevænget 1,7250, Hejnsvig,600000 ,02-01-2017,Alm. Salg,173,3468,7,1927,-14%
530,Villa,Fyrrevænget 115,7190, Billund,1180000 ,01-01-2017,Alm. Salg,120,9833,4,1969,-2%
530,Villa,Tingstedet 111,7190, Billund,2845000 ,01-01-2017,Alm. Salg,185,15378,6,1998,-1%
530,Villa,Stationsvej 7,7200, Grindsted,640000 ,01-01-2017,Alm. Salg,79,8101,3,1954,
530,Ejerlejlighed,Klausholmsvej 8,7200, Grindsted,700000 ,31-12-2016,Alm. Salg,71,9859,3,1958,
530,Villa,Egevænget 202,7190, Billund,837448 ,31-12-2016,Alm. Salg,183,4576,6,1972,
530,Villa,Storegade 27,7200, Grindsted,360000 ,25-12-2016,Alm. Salg,189,1905,6,1963,
530,Villa,Dalsøvej 93,7200, Grindsted,1320000 ,21-12-2016,Alm. Salg,143,9231,4,1979,-5%
530,Villa,Vesterled 14,7260, Sønder Omme,300000 ,21-12-2016,Auktion,108,2778,4,1963,-62%
530,Villa,Frederikshåbvej 4A,6623, Vorbasse,565500 ,21-12-2016,Fam. Salg,113,5004,3,1988,
530,Villa,Tinsoldaten 27,7190, Billund,537500 ,21-12-2016,Alm. Salg,205,2622,6,2020,
530,Villa,Lillevang 57,7190, Billund,2650000 ,20-12-2016,Alm. Salg,178,14888,7,2003,-2%
530,Villa,Nyvej 19,7250, Hejnsvig,500000 ,20-12-2016,Alm. Salg,64,7813,3,1962,-13%
530,Villa,Hønseringen 1,7190, Billund,506250 ,20-12-2016,Alm. Salg,209,2422,5,2017,
530,Villa,Snurretoppen 7,7190, Billund,450000 ,20-12-2016,Alm. Salg,167,2695,5,2017,
530,Villa,Elmevangen 5,7200, Grindsted,840000 ,19-12-2016,Alm. Salg,135,6222,4,1960,-14%
530,Villa,Vestervej 7,7200, Grindsted,403000 ,18-12-2016,Fam. Salg,146,2760,4,1920,
530,Villa,Sønderkær 363,7190, Billund,2400000 ,18-12-2016,Alm. Salg,190,10000,4,1986,
530,Villa,Dalgasvej 3,7200, Grindsted,450000 ,18-12-2016,Alm. Salg,88,5114,4,1949,-9%
530,Villa,Buen 1,7200, Grindsted,685000 ,18-12-2016,Alm. Salg,141,4858,4,1962,-5%
530,Villa,Mølleparken 274,7190, Billund,1660000 ,15-12-2016,Alm. Salg,165,10061,5,1975,-2%
530,Villa,Hørlycks Alle 11,7200, Grindsted,655000 ,14-12-2016,Auktion,103,6359,4,1947,
530,Villa,Hønseringen 3,7190, Billund,462500 ,13-12-2016,Alm. Salg,180,2569,6,2017,
530,Villa,Poppelvej 3,7200, Grindsted,1015000 ,09-12-2016,Alm. Salg,111,9144,4,1963,-7%
530,Villa,Møbjergvej 89,7260, Sønder Omme,795000 ,08-12-2016,Alm. Salg,144,5521,7,1870,
530,Villa,Morsbølvej 35,7200, Grindsted,2350000 ,08-12-2016,Alm. Salg,147,15986,5,2011,2%
530,Villa,Sydtoften 9,7200, Grindsted,1475000 ,07-12-2016,Alm. Salg,158,9335,6,1983,
530,Villa,Ågeslundvej 3,7200, Grindsted,1250000 ,06-12-2016,Alm. Salg,219,5708,7,1975,
530,Villa,Jorden Rundt 29,7200, Grindsted,1900000 ,01-12-2016,Alm. Salg,184,10326,5,1955,
530,Villa,Kærvej 405,7190, Billund,1050000 ,29-11-2016,Alm. Salg,215,4884,8,1973,
530,Villa,Elkjærhøjevej 3,7190, Billund,1130000 ,28-11-2016,Alm. Salg,194,5825,6,1915,
530,Villa,Morsbølvej 95,7200, Grindsted,430000 ,28-11-2016,Alm. Salg,189,2275,7,2017,
530,Villa,Skovvang 8,7260, Sønder Omme,400000 ,27-11-2016,Alm. Salg,148,2703,5,1978,-38%
530,Villa,Sønderkær 165,7190, Billund,1240000 ,27-11-2016,Alm. Salg,134,9254,5,1976,
530,Villa,Primulavej 11,7200, Grindsted,1195000 ,27-11-2016,Alm. Salg,166,7199,4,1964,
530,Villa,Østervænget 52,6623, Vorbasse,573750 ,24-11-2016,Fam. Salg,184,3118,7,1987,
530,Villa,Tusborgvej 17,7200, Grindsted,890000 ,24-11-2016,Alm. Salg,163,5460,5,1935,
530,Villa,Rømøvej 3,7200, Grindsted,1025000 ,24-11-2016,Alm. Salg,137,7482,6,1969,-11%
530,Villa,Sønderkær 395,7190, Billund,1395000 ,22-11-2016,Alm. Salg,116,12026,4,1985,
530,Villa,Hønseringen 25,7190, Billund,437500 ,20-11-2016,Alm. Salg,197,2221,7,2017,
530,Villa,Grønvang 13,7260, Sønder Omme,550000 ,18-11-2016,Alm. Salg,127,4331,3,1973,-8%
530,Ejerlejlighed,"Grønningen 13, 2. tv",7200, Grindsted,360000 ,17-11-2016,Alm. Salg,53,6792,2,1967,
530,Villa,Frederikshåbvej 5,6623, Vorbasse,150001 ,16-11-2016,Auktion,173,867,5,1918,
530,Villa,Morsbølvej 93,7200, Grindsted,428750 ,16-11-2016,Alm. Salg,209,2051,7,2018,
530,Rækkehus,Grønningen 34,7190, Billund,1395000 ,15-11-2016,Alm. Salg,107,13037,4,1989,
530,Villa,Vestre Boulevard 42,7200, Grindsted,1275000 ,14-11-2016,Alm. Salg,181,7044,7,1963,-6%
530,Villa,Fyrrevænget 404,7190, Billund,1610000 ,14-11-2016,Alm. Salg,120,13417,4,1971,
530,Villa,Skovparken 108B,7190, Billund,2550000 ,13-11-2016,Alm. Salg,182,14011,5,1970,
530,Villa,Labrivej 3,6623, Vorbasse,825000 ,13-11-2016,Fam. Salg,158,5222,6,1997,
530,Villa,Markskellet 48,7190, Billund,760000 ,12-11-2016,Alm. Salg,135,5630,5,1996,
530,Villa,Sønderkær 424,7190, Billund,1700000 ,11-11-2016,Alm. Salg,137,12409,5,1980,-3%
530,Villa,Nørrevej 17,7200, Grindsted,575000 ,09-11-2016,Auktion,128,4492,4,1974,
530,Villa,Toften 61,7190, Billund,1375000 ,08-11-2016,Alm. Salg,137,10036,4,1970,
530,Villa,Elmelunden 111,7190, Billund,1375000 ,07-11-2016,Alm. Salg,103,13350,4,1963,-1%
530,Villa,Klosterhedevej 17,7200, Grindsted,1100000 ,07-11-2016,Alm. Salg,127,8661,4,1974,-4%
530,Villa,Rødsøvej 11,7200, Grindsted,837500 ,05-11-2016,Fam. Salg,178,4705,6,1973,
530,Villa,Tarm Landevej 15,7260, Sønder Omme,750000 ,03-11-2016,Alm. Salg,139,5396,5,1966,-6%
530,Villa,Kastanie Alle 5,7200, Grindsted,1300000 ,03-11-2016,Alm. Salg,163,7975,6,1917,-7%
530,Villa,Markskellet 84,7190, Billund,2150000 ,02-11-2016,Alm. Salg,179,12011,8,1994,-2%
530,Villa,Skovvang 5,7260, Sønder Omme,170157 ,02-11-2016,Auktion,114,1493,3,1952,
530,Villa,Engvangen 5,7200, Grindsted,985000 ,01-11-2016,Fam. Salg,159,6195,6,1985,
530,Villa,Kærvej 13,7200, Grindsted,2050000 ,31-10-2016,Alm. Salg,245,8367,6,1945,-9%
530,Villa,Sønderkær 385,7190, Billund,1575000 ,31-10-2016,Alm. Salg,130,12115,4,1985,-1%
530,Villa,Markskellet 44,7190, Billund,1925000 ,31-10-2016,Alm. Salg,153,12582,6,1993,-4%
530,Villa,Tinsoldaten 1,7190, Billund,487500 ,30-10-2016,Alm. Salg,174,2802,6,2017,-84%
530,Villa,Daltoften 32,7200, Grindsted,1000000 ,29-10-2016,Andet,314,3185,5,1986,
530,Villa,Grønningen 16,7190, Billund,1950000 ,28-10-2016,Alm. Salg,175,11143,5,1998,-2%
530,Villa,Præstevang 13,7190, Billund,1175000 ,26-10-2016,Alm. Salg,144,8160,5,1959,
530,Rækkehus,Søndervold 18,7200, Grindsted,675000 ,25-10-2016,Alm. Salg,59,11441,2,1989,
530,Villa,Nørregade 39,6623, Vorbasse,500000 ,25-10-2016,Alm. Salg,135,3704,5,1974,
530,Villa,Dalsvej 19,7200, Grindsted,494000 ,25-10-2016,Fam. Salg,164,3012,5,1962,
530,Villa,Holdgårdsvej 10,7260, Sønder Omme,750000 ,25-10-2016,Alm. Salg,118,6356,3,1971,-6%
530,Villa,Lærkevang 3,7200, Grindsted,550000 ,22-10-2016,Fam. Salg,99,5556,3,1964,
530,Villa,Rugvænget 18,7200, Grindsted,1845000 ,20-10-2016,Alm. Salg,163,11319,6,1962,
530,Villa,Tolvalenvej 32,7260, Sønder Omme,1350000 ,20-10-2016,Alm. Salg,177,7627,4,1979,-10%
530,Villa,Grindstedvej 25,7260, Sønder Omme,730000 ,20-10-2016,Alm. Salg,148,4932,6,1938,-8%
530,Villa,Ribersvej 92,7200, Grindsted,720500 ,19-10-2016,Alm. Salg,112,6433,4,1979,
530,Villa,Bakkevej 2D,7250, Hejnsvig,775000 ,17-10-2016,Alm. Salg,102,7598,4,1985,
530,Villa,Tinsoldaten 25,7190, Billund,525000 ,16-10-2016,Alm. Salg,218,2408,5,2018,
530,Villa,Holdgårdsvej 18,7260, Sønder Omme,640000 ,14-10-2016,Alm. Salg,72,8889,3,1958,-15%
530,Villa,Refshøjvej 15,7200, Grindsted,200000 ,13-10-2016,Alm. Salg,264,758,8,1898,
530,Villa,Nørbovej 7,7200, Grindsted,250000 ,12-10-2016,Alm. Salg,137,1825,6,1900,
530,Villa,Vestermarksvej 11,7200, Grindsted,227000 ,12-10-2016,Alm. Salg,174,1305,5,2019,-23%
530,Villa,Solsortvej 11,7200, Grindsted,760000 ,10-10-2016,Alm. Salg,92,8261,4,1959,-4%
530,Villa,Vejlevej 20,7260, Sønder Omme,1025000 ,09-10-2016,Alm. Salg,228,4496,7,1900,-4%
530,Villa,Nørrevej 30,7200, Grindsted,1045000 ,09-10-2016,Alm. Salg,154,6786,5,1979,-3%
530,Villa,Elmelunden 218,7190, Billund,1300000 ,09-10-2016,Alm. Salg,175,7429,6,1964,-3%
530,Villa,Nørreled 22,7200, Grindsted,135000 ,09-10-2016,Alm. Salg,144,938,5,2018,-10%
530,Villa,Klodhøjvej 21,7250, Hejnsvig,980000 ,06-10-2016,Alm. Salg,147,6667,5,1974,-6%
530,Villa,Kvædevej 7,7200, Grindsted,2185000 ,05-10-2016,Alm. Salg,208,10505,7,1985,-5%
530,Villa,Tingstedet 23,7190, Billund,2200000 ,05-10-2016,Alm. Salg,201,10945,8,1996,
530,Villa,Dalsøvej 145,7200, Grindsted,1335000 ,05-10-2016,Andet,190,7026,5,1995,
530,Villa,Vilhelmsmindevej 38,7260, Sønder Omme,1550000 ,05-10-2016,Alm. Salg,171,9064,5,1916,-3%
530,Villa,Kirkehusvej 3,7200, Grindsted,1700000 ,04-10-2016,Alm. Salg,165,10303,4,2004,-10%
530,Villa,Egebjerg Landevej 53,7250, Hejnsvig,130000 ,04-10-2016,Alm. Salg,99,1313,4,1962,-33%
530,Villa,Søndergade 6,6623, Vorbasse,425000 ,03-10-2016,Alm. Salg,103,4126,5,1933,
530,Villa,Ribe Landevej 34,7200, Grindsted,2300000 ,03-10-2016,Alm. Salg,149,15436,4,1953,-8%
530,Villa,Morsbølvej 91,7200, Grindsted,443750 ,02-10-2016,Alm. Salg,205,2165,7,0,
530,Villa,Morsbølvej 67,7200, Grindsted,576600 ,02-10-2016,Alm. Salg,174,3314,6,2019,
530,Villa,Morsbølvej 75,7200, Grindsted,501000 ,02-10-2016,Alm. Salg,176,2847,5,2018,
530,Villa,Tingstedet 19,7190, Billund,2040000 ,29-09-2016,Alm. Salg,157,12994,7,1996,
530,Villa,Højene 5,7250, Hejnsvig,645000 ,29-09-2016,Alm. Salg,143,4510,5,1971,-11%
530,Villa,Solbakken 52,7260, Sønder Omme,970000 ,28-09-2016,Alm. Salg,127,7638,4,1977,-3%
530,Villa,Østervænget 70,6623, Vorbasse,1475000 ,27-09-2016,Alm. Salg,198,7449,6,1981,
530,Villa,Bækgårdsvej 10,7200, Grindsted,1550000 ,27-09-2016,Alm. Salg,163,9509,7,1877,-14%
530,Villa,Ahornvej 15,7200, Grindsted,1195000 ,26-09-2016,Alm. Salg,162,7377,5,1965,
530,Villa,Elmelunden 207,7190, Billund,650000 ,25-09-2016,Alm. Salg,93,6989,4,1964,
530,Villa,Morsbølvej 73,7200, Grindsted,856111 ,25-09-2016,Alm. Salg,292,2932,6,2020,
530,Villa,Nørrevej 23,7200, Grindsted,1545000 ,24-09-2016,Alm. Salg,155,9968,6,1986,
530,Villa,Skovparken 228,7190, Billund,1645000 ,22-09-2016,Alm. Salg,181,9088,7,1968,
530,Villa,Teglgaardsvej 18,7200, Grindsted,62877 ,21-09-2016,Fam. Salg,86,731,3,1953,
530,Villa,Elmevangen 9,7200, Grindsted,820000 ,20-09-2016,Alm. Salg,233,3519,8,1960,-8%
530,Villa,Nørreled 26,7200, Grindsted,1050000 ,19-09-2016,Alm. Salg,113,9292,4,1947,-12%
530,Villa,Morsbølvej 89,7200, Grindsted,455000 ,19-09-2016,Alm. Salg,222,2050,6,2018,
530,Villa,Fasanvej 25,7190, Billund,1476300 ,15-09-2016,Alm. Salg,133,11100,4,1966,
530,Villa,Amtsvejen 2,7200, Grindsted,1050000 ,15-09-2016,Alm. Salg,168,6250,4,1938,-4%
530,Villa,Enghaven 28,7260, Sønder Omme,500000 ,14-09-2016,Alm. Salg,133,3759,5,1969,-28%
530,Villa,Toften 69,7190, Billund,2280000 ,14-09-2016,Alm. Salg,194,11753,7,1968,-3%
530,Villa,Ågeslundvej 3,7200, Grindsted,775000 ,14-09-2016,Auktion,219,3539,7,1975,-40%
530,Villa,Plougslundvej 215,7190, Billund,1200000 ,13-09-2016,Alm. Salg,114,10526,3,1973,
530,Villa,Sønderkær 180,7190, Billund,1760000 ,13-09-2016,Alm. Salg,181,9724,7,1977,
530,Villa,Plougslundvej 165,7190, Billund,1835000 ,13-09-2016,Alm. Salg,166,9658,6,1973,
530,Villa,Lillevang 100,7190, Billund,1044567 ,13-09-2016,Fam. Salg,165,6331,4,2009,
530,Villa,Kirkebyvej 144,7260, Sønder Omme,410000 ,12-09-2016,Alm. Salg,173,2370,5,2001,
530,Villa,Hønseringen 29,7190, Billund,537500 ,12-09-2016,Alm. Salg,201,2674,6,2018,
530,Villa,Anemonevej 21,7200, Grindsted,1075000 ,11-09-2016,Alm. Salg,126,8532,5,1962,-6%
530,Villa,Skolegyden 3,7200, Grindsted,810000 ,11-09-2016,Alm. Salg,106,7642,3,1954,-4%
530,Villa,Vedbendvej 13,7200, Grindsted,1350000 ,08-09-2016,Alm. Salg,143,9441,5,1977,-3%
530,Villa,Præstevænget 3,7250, Hejnsvig,475000 ,07-09-2016,Alm. Salg,121,3926,5,1957,
530,Villa,Okslundvej 120,6623, Vorbasse,1215050 ,06-09-2016,Fam. Salg,241,5042,6,1940,
530,Villa,Havrevænget 29,7200, Grindsted,1460000 ,06-09-2016,Alm. Salg,145,10069,5,1962,-2%
530,Villa,Primulavej 22,7200, Grindsted,1360000 ,04-09-2016,Alm. Salg,118,11525,4,1965,-3%
530,Villa,Morsbølvej 71,7200, Grindsted,435000 ,04-09-2016,Alm. Salg,196,2219,6,2018,
530,Ejerlejlighed,"Grønningen 21, st. th",7200, Grindsted,578000 ,01-09-2016,Fam. Salg,100,5780,4,1968,
530,Villa,Morsbølvej 77,7200, Grindsted,456760 ,01-09-2016,Alm. Salg,172,2656,6,2017,
530,Villa,Torvegade 4,7250, Hejnsvig,450000 ,31-08-2016,Auktion,184,2446,8,1929,
530,Villa,Morsbølvej 5,7200, Grindsted,2184000 ,31-08-2016,Alm. Salg,169,12923,4,2008,-2%
530,Villa,Hønseringen 5,7190, Billund,537500 ,30-08-2016,Alm. Salg,228,2357,6,2018,
530,Villa,Bøvlvej 191,7260, Sønder Omme,1230000 ,29-08-2016,Alm. Salg,121,10165,4,1965,-2%
530,Ejerlejlighed,"Nørre Torv 4, 2. 2",7200, Grindsted,2000000 ,28-08-2016,Alm. Salg,124,16129,3,2011,-5%
530,Villa,Tingstedet 104,7190, Billund,2350000 ,28-08-2016,Alm. Salg,202,11634,7,1998,-9%
530,Villa,Gammel Bøvlvej 26,7260, Sønder Omme,929000 ,28-08-2016,Alm. Salg,89,10438,3,1960,
530,Ejerlejlighed,"Grønningen 13, 1. tv",7200, Grindsted,475000 ,27-08-2016,Alm. Salg,53,8962,2,1967,
530,Villa,Frederiksnådevej 1,6623, Vorbasse,2050000 ,26-08-2016,Alm. Salg,228,8991,6,1966,-7%
530,Villa,Eg Mejerivej 5,7200, Grindsted,395000 ,23-08-2016,Alm. Salg,117,3376,6,1949,
530,Villa,Lupinvænget 39,7200, Grindsted,637500 ,19-08-2016,Fam. Salg,98,6505,3,1962,
530,Villa,Søndermarksvej 307,7190, Billund,1655000 ,18-08-2016,Alm. Salg,173,9566,6,1970,-2%
530,Villa,Egevænget 111,7190, Billund,1250000 ,18-08-2016,Alm. Salg,124,10081,4,1972,
530,Villa,Hønseringen 7,7190, Billund,493750 ,18-08-2016,Alm. Salg,170,2904,5,2017,
530,Villa,Hønseringen 9,7190, Billund,450000 ,18-08-2016,Alm. Salg,133,3383,4,2017,
530,Villa,Kirkevej 13,7250, Hejnsvig,645000 ,16-08-2016,Fam. Salg,116,5560,3,1950,
530,Villa,Postgade 8,7200, Grindsted,770000 ,14-08-2016,Alm. Salg,135,5704,6,1924,
530,Villa,Klodhøjvej 8,7250, Hejnsvig,795000 ,14-08-2016,Alm. Salg,99,8030,2,2009,
530,Villa,Jyllandsgade 26,7200, Grindsted,790000 ,11-08-2016,Alm. Salg,129,6124,4,1959,
530,Villa,Skovvang 9,7260, Sønder Omme,320000 ,10-08-2016,Auktion,166,1928,4,1952,
530,Villa,Plougslundvej 203,7190, Billund,1975000 ,10-08-2016,Alm. Salg,198,9975,6,1974,-1%
530,Villa,Syrenvej 15,7200, Grindsted,875000 ,08-08-2016,Alm. Salg,92,9511,3,1960,-5%
530,Villa,Søllingdalvej 72,7250, Hejnsvig,875000 ,08-08-2016,Fam. Salg,143,6119,5,1977,
530,Villa,Fyrrevænget 108,7190, Billund,2300000 ,06-08-2016,Alm. Salg,208,11058,7,1969,-4%
530,Villa,Tingstedet 61,7190, Billund,2045000 ,04-08-2016,Alm. Salg,167,12246,6,1997,
530,Villa,Østervænget 6,6623, Vorbasse,820000 ,03-08-2016,Alm. Salg,129,6357,4,1986,-6%
530,Villa,Hønseringen 27,7190, Billund,475000 ,01-08-2016,Alm. Salg,184,2582,5,2017,
530,Villa,Nørrevej 31,7200, Grindsted,750000 ,31-07-2016,Alm. Salg,102,7353,3,1986,
530,Villa,Tinsoldaten 17,7190, Billund,430000 ,31-07-2016,Alm. Salg,182,2363,5,2017,
530,Villa,Lillevang 109,7190, Billund,2705000 ,29-07-2016,Alm. Salg,209,12943,5,2009,-3%
530,Villa,Refshøjvej 106,7250, Hejnsvig,1450000 ,28-07-2016,Alm. Salg,250,5800,6,1930,-3%
530,Villa,Søndervold 174,7200, Grindsted,2062500 ,27-07-2016,Alm. Salg,186,9007,9,2005,-4%
530,Villa,Nørremarksvej 5,7200, Grindsted,1025000 ,26-07-2016,Alm. Salg,250,4100,6,1924,
530,Villa,Almstokvej 17,7190, Billund,1440000 ,25-07-2016,Alm. Salg,170,8471,6,1954,-3%
530,Villa,Åglimt 13,7200, Grindsted,1000000 ,24-07-2016,Alm. Salg,179,5587,5,1973,
530,Villa,Lupinvænget 12,7200, Grindsted,850000 ,23-07-2016,Alm. Salg,84,10119,3,1964,
530,Villa,Nollundvej 92,7200, Grindsted,850000 ,21-07-2016,Alm. Salg,194,4381,8,1959,-5%
530,Villa,Svinget 6,7200, Grindsted,1200000 ,21-07-2016,Alm. Salg,126,9524,6,1947,
530,Villa,Åglimt 3,7200, Grindsted,2545000 ,21-07-2016,Alm. Salg,171,14883,6,1976,-2%
530,Villa,Mølleparken 384,7190, Billund,1475000 ,20-07-2016,Alm. Salg,130,11346,5,1980,
530,Villa,Sønderkær 301,7190, Billund,1630000 ,17-07-2016,Alm. Salg,151,10795,5,1984,
530,Villa,Morsbøl Søvej 72,7200, Grindsted,1223950 ,16-07-2016,Andet,209,5856,6,2011,
530,Villa,Toften 3,7190, Billund,1445000 ,14-07-2016,Alm. Salg,129,11202,4,1969,
530,Villa,Ribe Landevej 66,7250, Hejnsvig,850000 ,12-07-2016,Alm. Salg,178,4775,5,1969,
530,Villa,Norgesvej 2,7200, Grindsted,1250000 ,11-07-2016,Fam. Salg,157,7962,6,1970,
530,Villa,Hovedgaden 6,7260, Sønder Omme,600000 ,10-07-2016,Alm. Salg,112,2727,4,1894,-11%
530,Villa,Lindevej 20,7200, Grindsted,2630000 ,09-07-2016,Alm. Salg,252,10437,8,1991,-6%
530,Villa,Lillevang 97,7190, Billund,2900000 ,07-07-2016,Alm. Salg,251,11554,6,2011,-3%
530,Villa,Sydtoften 103,7200, Grindsted,1200000 ,06-07-2016,Alm. Salg,157,7643,5,1981,-14%
530,Villa,Nørreled 24,7200, Grindsted,610000 ,05-07-2016,Alm. Salg,83,7349,3,1949,-2%
530,Villa,Bøvlvej 176,7260, Sønder Omme,735000 ,05-07-2016,Alm. Salg,148,4966,6,1978,6%
530,Villa,Rolighedsvej 13,6623, Vorbasse,500000 ,29-06-2016,Andet,90,5556,4,1962,
530,Villa,Søndervold 139,7200, Grindsted,2150000 ,28-06-2016,Alm. Salg,168,12798,4,2004,
530,Villa,Sønderkær 138,7190, Billund,1895000 ,26-06-2016,Alm. Salg,171,11082,5,1977,
530,Villa,Dalsøvej 20,7200, Grindsted,1095000 ,24-06-2016,Alm. Salg,174,6293,6,1978,
530,Villa,Søgårdvej 59,7250, Hejnsvig,325000 ,23-06-2016,Alm. Salg,68,4779,3,1979,
530,Villa,Skjoldbjergvej 18,6623, Vorbasse,200000 ,23-06-2016,Alm. Salg,148,1351,5,1802,
530,Villa,Billundvej 16,7250, Hejnsvig,590000 ,22-06-2016,Auktion,84,7024,2,1957,
530,Villa,Sønderkær 391,7190, Billund,1350000 ,22-06-2016,Alm. Salg,121,11157,4,1985,-3%
530,Ejerlejlighed,"Grønningen 3, st. mf",7200, Grindsted,195000 ,21-06-2016,Alm. Salg,41,4756,1,1967,
530,Villa,Tårngade 12,6623, Vorbasse,1500000 ,21-06-2016,Alm. Salg,219,6849,10,1980,
530,Villa,Hedegårdsvej 14,7190, Billund,2095000 ,21-06-2016,Alm. Salg,162,12932,6,1998,
530,Villa,Engvangen 12,7200, Grindsted,850000 ,21-06-2016,Alm. Salg,130,6538,5,1977,
530,Rækkehus,Svinget 15,7200, Grindsted,1500000 ,20-06-2016,Alm. Salg,117,12821,3,0,0%
530,Villa,Søndre Boulevard 243,7200, Grindsted,2200000 ,20-06-2016,Alm. Salg,175,12571,6,1995,
530,Villa,Morsbølvej 19,7200, Grindsted,3750000 ,20-06-2016,Alm. Salg,250,15000,6,2010,
530,Rækkehus,Markskellet 15,7190, Billund,1150000 ,17-06-2016,Alm. Salg,81,14198,3,1988,
530,Villa,Mølleparken 402,7190, Billund,1545000 ,16-06-2016,Alm. Salg,135,11444,5,1986,
530,Villa,Lupinvænget 35,7200, Grindsted,1340000 ,13-06-2016,Alm. Salg,125,10720,4,1963,-3%
530,Villa,Hønseringen 11,7190, Billund,430000 ,13-06-2016,Alm. Salg,203,2118,8,2017,
530,Villa,Lillevang 48,7190, Billund,3060000 ,12-06-2016,Alm. Salg,200,15300,6,2007,-4%
530,Villa,Flintemarken 2,7190, Billund,1645000 ,09-06-2016,Alm. Salg,157,10478,5,1987,
530,Villa,Grindstedvej 40,7260, Sønder Omme,150000 ,07-06-2016,Alm. Salg,92,1630,3,1946,
530,Villa,Lillevang 87,7190, Billund,3237500 ,07-06-2016,Alm. Salg,197,16434,6,2007,-5%
530,Villa,Tiphedevej 11,7200, Grindsted,950000 ,06-06-2016,Alm. Salg,166,5723,7,1973,-13%
530,Villa,Birkevej 9,6623, Vorbasse,745000 ,05-06-2016,Alm. Salg,120,6208,4,1972,-11%
530,Villa,Skovbrynet 5,7260, Sønder Omme,900000 ,02-06-2016,Alm. Salg,159,5660,6,1975,
530,Villa,Tinsoldaten 11,7190, Billund,490000 ,02-06-2016,Alm. Salg,203,2414,5,2016,
530,Villa,Søndermarksvej 105,7190, Billund,844693 ,31-05-2016,Andet,160,5279,6,1968,
530,Villa,Gilbjergvej 1,6623, Vorbasse,685000 ,29-05-2016,Alm. Salg,163,4202,5,1957,-14%
530,Villa,Tinsoldaten 3,7190, Billund,410000 ,29-05-2016,Alm. Salg,182,2253,6,2016,
530,Villa,Skjoldbjergvej 55,6623, Vorbasse,2800000 ,26-05-2016,Alm. Salg,188,14894,7,2006,
530,Villa,Dalsøvej 32,7200, Grindsted,1295000 ,26-05-2016,Alm. Salg,123,10528,4,1976,
530,Villa,Nørre Alle 11,7200, Grindsted,610000 ,24-05-2016,Alm. Salg,109,5596,4,1931,-12%
530,Villa,Lillevang 133,7190, Billund,510000 ,24-05-2016,Alm. Salg,200,2550,7,2017,
530,Villa,Morsbøl Søvej 62,7200, Grindsted,2695000 ,24-05-2016,Alm. Salg,166,16235,6,2009,1%
530,Villa,Mølleparken 414,7190, Billund,1500000 ,23-05-2016,Alm. Salg,141,10638,4,1985,-3%
530,Villa,Tiphedevej 8,7200, Grindsted,895000 ,23-05-2016,Alm. Salg,131,6832,4,1973,
530,Villa,Nygade 15,7200, Grindsted,1240000 ,21-05-2016,Alm. Salg,123,10081,5,1938,-4%
530,Villa,Æblevej 6,7250, Hejnsvig,1240000 ,21-05-2016,Alm. Salg,138,8986,5,1980,-4%
530,Villa,Svinget 11,7200, Grindsted,350000 ,20-05-2016,Fam. Salg,120,2917,6,1954,
530,Villa,Mølleparken 145,7190, Billund,900000 ,19-05-2016,Fam. Salg,200,4500,7,1976,
530,Villa,Plougslundvej 139,7190, Billund,2200000 ,19-05-2016,Alm. Salg,176,12500,5,1973,-4%
530,Villa,Egevænget 216,7190, Billund,1501000 ,17-05-2016,Alm. Salg,128,11727,4,1987,11%
530,Villa,Søndre Boulevard 285,7200, Grindsted,1770000 ,17-05-2016,Alm. Salg,146,12123,5,1988,-1%
530,Villa,Jorden Rundt 33,7200, Grindsted,1685000 ,16-05-2016,Alm. Salg,262,6431,8,1972,-20%
530,Villa,Kærvej 325,7190, Billund,1200000 ,16-05-2016,Alm. Salg,192,6250,7,1972,
530,Villa,Vestergade 57,7200, Grindsted,575000 ,13-05-2016,Andet,73,7877,3,1939,
530,Villa,Engsøparken 227,7200, Grindsted,400000 ,13-05-2016,Alm. Salg,190,2105,5,2018,
530,Villa,Dalbo 16,7200, Grindsted,1275000 ,12-05-2016,Alm. Salg,158,8070,6,1977,-5%
530,Villa,Åbakkevej 13,7200, Grindsted,2345000 ,12-05-2016,Alm. Salg,294,7976,8,1980,
530,Villa,Læsøvej 8,7200, Grindsted,1060000 ,12-05-2016,Alm. Salg,108,9815,4,1969,
530,Villa,Mølgårdvej 29,7200, Grindsted,4964231 ,12-05-2016,Alm. Salg,314,15810,8,1930,
530,Villa,Lillevang 136,7190, Billund,445000 ,12-05-2016,Alm. Salg,179,2486,5,2017,
530,Villa,Refshøjvej 64,7250, Hejnsvig,1450000 ,11-05-2016,Alm. Salg,278,5216,11,1800,
530,Villa,Langgade 69,7250, Hejnsvig,425000 ,11-05-2016,Alm. Salg,135,3148,4,1910,
530,Villa,Jørgen Glavinds Vej 13,7200, Grindsted,850000 ,09-05-2016,Alm. Salg,90,9444,3,1961,-5%
530,Villa,Tinsoldaten 13,7190, Billund,430000 ,08-05-2016,Alm. Salg,195,2205,5,2017,
530,Villa,Plougslundvej 113,7190, Billund,800000 ,03-05-2016,Fam. Salg,133,6015,5,1972,
530,Villa,Fittingvej 15,6623, Vorbasse,850000 ,03-05-2016,Alm. Salg,193,4404,6,1897,-15%
530,Villa,Holdgårdsvej 18,7260, Sønder Omme,800000 ,03-05-2016,Alm. Salg,72,11111,3,1958,
530,Villa,Søllingdalvej 38,7250, Hejnsvig,745000 ,02-05-2016,Alm. Salg,124,6008,5,1975,
530,Villa,Gammel Bøvlvej 18,7260, Sønder Omme,248000 ,02-05-2016,Auktion,106,2340,4,1920,-58%
530,Villa,Sønderhedevej 7,7200, Grindsted,1550000 ,02-05-2016,Alm. Salg,139,11151,5,1972,-3%
530,Villa,Tinsoldaten 21,7190, Billund,490000 ,02-05-2016,Alm. Salg,229,2140,6,2017,
530,Villa,Hønseringen 13,7190, Billund,405000 ,02-05-2016,Alm. Salg,164,2470,5,2017,
530,Villa,Bornholmsvej 3,7200, Grindsted,1100000 ,01-05-2016,Alm. Salg,170,6471,5,1970,-14%
530,Villa,Grønlandsvej 6,7200, Grindsted,1200000 ,01-05-2016,Alm. Salg,175,6857,5,1971,-4%
530,Villa,Søndervang 6,7200, Grindsted,1295000 ,01-05-2016,Alm. Salg,128,10117,4,1959,
530,Villa,Langesøvej 7,7200, Grindsted,931000 ,30-04-2016,Fam. Salg,122,7631,5,1975,
530,Villa,Stakrogevej 22,7260, Sønder Omme,100000 ,30-04-2016,Alm. Salg,45,2222,4,1966,
530,Villa,Hasselvej 2,7260, Sønder Omme,700000 ,28-04-2016,Alm. Salg,96,7292,3,1967,
530,Villa,Åbrinken 3,7200, Grindsted,750000 ,28-04-2016,Alm. Salg,146,5137,4,1972,
530,Villa,Søndermarksvej 412,7190, Billund,2295000 ,28-04-2016,Alm. Salg,183,12541,6,1973,
530,Villa,Nebelvej 22,6623, Vorbasse,550000 ,27-04-2016,Alm. Salg,112,4911,4,1956,-15%
530,Villa,Møllevænget 13,7190, Billund,950000 ,25-04-2016,Alm. Salg,116,8190,4,1965,-5%
530,Villa,Ravnsøvej 1,7200, Grindsted,1250000 ,24-04-2016,Alm. Salg,153,8170,4,1975,-2%
530,Villa,Lærke Alle 2,7260, Sønder Omme,600000 ,24-04-2016,Andet,131,4580,5,1959,
530,Villa,Nørbovej 7,7200, Grindsted,335000 ,23-04-2016,Alm. Salg,137,2445,6,1900,34%
530,Villa,Omme Landevej 9,7200, Grindsted,625000 ,23-04-2016,Alm. Salg,222,2815,6,1947,
530,Villa,Lindevej 10,7190, Billund,1525000 ,22-04-2016,Alm. Salg,155,9839,6,1972,-4%
530,Villa,Farvergade 8,7260, Sønder Omme,287500 ,20-04-2016,Fam. Salg,117,2457,3,1941,
530,Villa,Mossøvej 10,7200, Grindsted,850000 ,20-04-2016,Alm. Salg,136,6250,4,1973,-12%
530,Villa,Vibevej 6,7190, Billund,900000 ,20-04-2016,Alm. Salg,108,8333,4,1964,-5%
530,Villa,Gribsøvej 3,7200, Grindsted,1220000 ,19-04-2016,Alm. Salg,187,6524,7,1974,-9%
530,Villa,Brombærvej 4,7200, Grindsted,1010000 ,19-04-2016,Alm. Salg,122,8279,4,1967,-8%
530,Villa,Primulavej 16,7200, Grindsted,2150000 ,18-04-2016,Alm. Salg,195,11026,7,1907,-6%
530,Villa,Åhavevej 58,7200, Grindsted,3000000 ,17-04-2016,Alm. Salg,277,10830,6,1973,
530,Villa,Brande Landevej 18,7260, Sønder Omme,2100000 ,14-04-2016,Alm. Salg,174,12069,4,1890,
530,Villa,Vibes Alle 21,7200, Grindsted,1000000 ,14-04-2016,Alm. Salg,103,9709,4,1945,-8%
530,Villa,Søndre Boulevard 265,7200, Grindsted,1835000 ,14-04-2016,Alm. Salg,179,10251,9,1990,-3%
530,Villa,Vestervang 29,7190, Billund,1575000 ,14-04-2016,Alm. Salg,134,11754,5,1986,
530,Villa,Gammel Bøvlvej 17,7260, Sønder Omme,795000 ,14-04-2016,Alm. Salg,98,8112,4,1990,
530,Villa,Sydtoften 239,7200, Grindsted,616250 ,14-04-2016,Andet,118,5222,3,2007,
530,Villa,Bredgade 7,7250, Hejnsvig,930000 ,10-04-2016,Alm. Salg,155,6000,5,1954,-7%
530,Rækkehus,Åbrinken 28,7200, Grindsted,745000 ,06-04-2016,Alm. Salg,81,9198,3,1982,
530,Villa,Tolvalenvej 13,7260, Sønder Omme,350000 ,06-04-2016,Auktion,100,3500,4,1965,
530,Villa,Hønseringen 23,7190, Billund,390000 ,06-04-2016,Alm. Salg,170,2294,5,2017,
530,Villa,Flintemarken 28,7190, Billund,1725000 ,05-04-2016,Alm. Salg,149,11577,5,1994,
530,Villa,Hønseringen 21,7190, Billund,390000 ,04-04-2016,Alm. Salg,163,2393,5,2016,
530,Villa,Åbakkevej 13,7200, Grindsted,921173 ,02-04-2016,Alm. Salg,294,3133,8,1980,
530,Villa,Sønderkær 361,7190, Billund,2595000 ,31-03-2016,Alm. Salg,168,15446,6,1984,
530,Villa,Dalgasvej 2,6623, Vorbasse,1620000 ,31-03-2016,Alm. Salg,214,7570,6,1926,-4%
530,Villa,Løvlundvej 16,7250, Hejnsvig,1395000 ,31-03-2016,Alm. Salg,141,9894,4,1964,
530,Villa,Granvej 5,7190, Billund,1225000 ,30-03-2016,Alm. Salg,150,8167,5,1959,
530,Villa,Møllevænget 21,7190, Billund,1448000 ,28-03-2016,Alm. Salg,110,13164,4,1964,
530,Villa,Hønseringen 15,7190, Billund,341400 ,28-03-2016,Alm. Salg,207,1649,5,2017,
530,Ejerlejlighed,"Bredgade 69, 1",7250, Hejnsvig,530000 ,27-03-2016,Alm. Salg,53,10000,3,1918,-3%
530,Villa,"Bredgade 69, st",7250, Hejnsvig,530000 ,27-03-2016,Alm. Salg,146,3630,5,1918,-3%
530,Villa,Flintemarken 6,7190, Billund,666750 ,26-03-2016,Andet,136,4903,5,1989,
530,Villa,Grønvang 15,7260, Sønder Omme,555000 ,23-03-2016,Fam. Salg,125,4440,4,1974,
530,Villa,Jørgen Glavinds Vej 8,7200, Grindsted,600000 ,23-03-2016,Fam. Salg,78,7692,3,1959,
530,Villa,Primulavej 25,7200, Grindsted,1645000 ,22-03-2016,Alm. Salg,196,8393,7,1964,
530,Villa,Plougslundvej 173,7190, Billund,1250000 ,21-03-2016,Alm. Salg,142,8803,5,1973,-7%
530,Villa,Mossøvej 4,7200, Grindsted,875000 ,21-03-2016,Alm. Salg,142,6162,5,1974,-12%
530,Villa,Bogfinkevej 22,7190, Billund,1370000 ,17-03-2016,Alm. Salg,161,8509,7,1974,-8%
530,Villa,Toften 29,7190, Billund,1395000 ,17-03-2016,Alm. Salg,100,13950,4,1966,
530,Villa,Grønnegade 8B,6623, Vorbasse,384811 ,16-03-2016,Auktion,99,3887,4,1983,
530,Villa,Tuen 13,7190, Billund,435575 ,16-03-2016,Alm. Salg,140,3111,5,2016,
530,Villa,Mølleparken 131,7190, Billund,1740000 ,14-03-2016,Alm. Salg,258,6744,7,1976,-3%
530,Villa,Grønvang 22,7260, Sønder Omme,450000 ,09-03-2016,Alm. Salg,170,2647,7,1960,-17%
530,Villa,Gammel Bøvlvej 27,7260, Sønder Omme,475000 ,09-03-2016,Alm. Salg,121,3926,4,1954,-13%
530,Villa,Sønderkær 176,7190, Billund,1250000 ,08-03-2016,Alm. Salg,120,10417,4,1977,-1%
530,Villa,Jørgen Glavinds Vej 10,7200, Grindsted,444478 ,08-03-2016,Alm. Salg,108,4116,4,1958,
530,Villa,Egevænget 312,7190, Billund,1695000 ,07-03-2016,Alm. Salg,150,11300,5,1972,
530,Villa,Lysningen 6,7190, Billund,1175000 ,07-03-2016,Alm. Salg,106,11085,3,1987,-2%
530,Villa,Dalsvinget 47,7200, Grindsted,995000 ,07-03-2016,Alm. Salg,156,6378,6,1977,
530,Villa,Lundgårdvej 90,7250, Hejnsvig,275000 ,07-03-2016,Alm. Salg,165,1667,6,1934,-7%
530,Rækkehus,Jørgen Glavinds Vej 36,7200, Grindsted,625000 ,03-03-2016,Alm. Salg,71,8803,4,1955,
530,Villa,Bogfinkevej 27,7190, Billund,2535000 ,03-03-2016,Alm. Salg,190,13342,6,1963,0%
530,Villa,Mølleparken 284,7190, Billund,1995000 ,03-03-2016,Alm. Salg,200,9975,6,1976,
530,Villa,Bredgade 89,7250, Hejnsvig,695000 ,03-03-2016,Alm. Salg,378,1839,8,1965,
530,Villa,Ole Kirks Vej 10,7190, Billund,1400000 ,01-03-2016,Alm. Salg,170,8235,6,1951,-4%
530,Villa,Rugvænget 29,7200, Grindsted,875000 ,28-02-2016,Alm. Salg,86,10174,3,1963,-2%
530,Villa,Staruphøjevej 8,7250, Hejnsvig,1590000 ,25-02-2016,Alm. Salg,329,4833,7,1930,-6%
530,Villa,Samsøvej 7,7200, Grindsted,1295000 ,23-02-2016,Alm. Salg,108,11991,4,1968,
530,Villa,Mølleparken 214,7190, Billund,1995000 ,23-02-2016,Alm. Salg,181,11022,6,1975,
530,Villa,Lillevang 133,7190, Billund,416600 ,23-02-2016,Alm. Salg,200,2083,7,2017,
530,Villa,Lillevang 3,7190, Billund,1975000 ,22-02-2016,Alm. Salg,153,12908,5,2004,-3%
530,Villa,Glentevej 20,7200, Grindsted,1450000 ,21-02-2016,Alm. Salg,128,11328,4,1960,-3%
530,Ejerlejlighed,"Bredgade 52, 1",7250, Hejnsvig,745000 ,17-02-2016,Alm. Salg,126,5913,5,1917,-7%
530,Villa,Systemvej 13,7190, Billund,1200000 ,17-02-2016,Alm. Salg,160,7500,4,1953,-7%
530,Villa,Morsbøl Søvej 100,7200, Grindsted,486600 ,17-02-2016,Alm. Salg,172,2829,6,2016,
530,Villa,Kløvervej 20,7190, Billund,1700000 ,15-02-2016,Alm. Salg,130,13077,4,1988,
530,Villa,Bredsten Landevej 197,7200, Grindsted,751681 ,14-02-2016,Alm. Salg,144,5220,5,1917,
530,Villa,Søndervold 315,7200, Grindsted,2030155 ,12-02-2016,Alm. Salg,153,13269,5,1994,2%
530,Villa,Tinsoldaten 5,7190, Billund,468000 ,11-02-2016,Alm. Salg,197,2376,5,2016,
530,Rækkehus,Søgårdvej 54B,7250, Hejnsvig,550000 ,09-02-2016,Alm. Salg,88,6250,4,1988,-21%
530,Villa,Tinsoldaten 9,7190, Billund,441385 ,07-02-2016,Alm. Salg,203,2174,5,2016,
530,Villa,Primulavej 18,7200, Grindsted,1195000 ,04-02-2016,Alm. Salg,138,8659,5,1966,-8%
530,Villa,Markskellet 98,7190, Billund,2535000 ,02-02-2016,Alm. Salg,195,13000,6,1988,
530,Villa,Lillevang 46,7190, Billund,2500000 ,02-02-2016,Alm. Salg,155,16129,5,2007,-4%
530,Villa,Mølleparken 320,7190, Billund,1500000 ,01-02-2016,Alm. Salg,157,9554,5,1984,
530,Villa,Drosselvej 6,6623, Vorbasse,795000 ,31-01-2016,Alm. Salg,109,7294,3,1979,-6%
530,Villa,Utoftvej 3,7190, Billund,580000 ,31-01-2016,Alm. Salg,81,7160,2,1957,-15%
530,Villa,Vejlevej 26B,7260, Sønder Omme,705000 ,27-01-2016,Alm. Salg,114,6184,3,1972,-8%
530,Villa,Dalbo 41,7200, Grindsted,775000 ,27-01-2016,Alm. Salg,176,4403,6,1978,-11%
530,Villa,Brombærvej 18,7200, Grindsted,533900 ,27-01-2016,Alm. Salg,112,4767,5,1968,
530,Villa,Kirkevænget 7,6623, Vorbasse,1200000 ,26-01-2016,Alm. Salg,126,9524,6,1993,
530,Villa,Bøgevej 5,6623, Vorbasse,980000 ,25-01-2016,Alm. Salg,183,5355,7,1973,-11%
530,Villa,Tribinivej 1,6623, Vorbasse,83600 ,24-01-2016,Alm. Salg,169,495,6,2022,
530,Villa,Annexvej 1F,7190, Billund,2375000 ,20-01-2016,Alm. Salg,217,10945,7,1924,
530,Villa,Vilhelmsmindevej 47,7260, Sønder Omme,1825000 ,20-01-2016,Alm. Salg,252,7242,6,1900,-4%
530,Villa,Sønderkær 379,7190, Billund,1650000 ,18-01-2016,Alm. Salg,143,11538,6,1984,-3%
530,Villa,Bakkevej 1,7250, Hejnsvig,725000 ,17-01-2016,Alm. Salg,89,8146,3,1961,-3%
530,Villa,Kærvej 201,7190, Billund,1150000 ,17-01-2016,Alm. Salg,224,5134,6,1972,-10%
530,Villa,Tingstedet 68,7190, Billund,1695000 ,14-01-2016,Alm. Salg,138,12283,6,1996,
530,Villa,Nebelvej 4,6623, Vorbasse,300000 ,13-01-2016,Fam. Salg,120,2500,5,1950,
530,Villa,Nollundvej 87,7200, Grindsted,498564 ,12-01-2016,Alm. Salg,137,3639,4,1963,-50%
530,Villa,Systemvej 26,7190, Billund,1095000 ,11-01-2016,Alm. Salg,90,12167,4,1961,
530,Villa,Tinsoldaten 7,7190, Billund,395000 ,10-01-2016,Alm. Salg,183,2158,5,2019,
530,Villa,Solvangen 13,7200, Grindsted,650000 ,09-01-2016,Alm. Salg,124,5242,4,1965,-10%
530,Villa,Vandværksvej 9,7260, Sønder Omme,462500 ,09-01-2016,Fam. Salg,130,3558,4,1968,
530,Villa,Ribersvej 18,7200, Grindsted,558804 ,09-01-2016,Alm. Salg,189,2957,7,1978,
530,Rækkehus,Markskellet 51,7190, Billund,1095000 ,07-01-2016,Alm. Salg,83,13193,3,1988,
530,Villa,Syrenvej 17,7200, Grindsted,820000 ,06-01-2016,Fam. Salg,123,6667,4,1960,
530,Villa,Norgesvej 12,7200, Grindsted,1445000 ,06-01-2016,Alm. Salg,132,10947,4,1969,
530,Villa,Tværvej 4,7190, Billund,54120 ,05-01-2016,Alm. Salg,220,246,5,1974,
530,Villa,Jørgen Glavinds Vej 22,7200, Grindsted,775000 ,05-01-2016,Alm. Salg,138,5616,4,1957,-9%
530,Villa,Hønseringen 19,7190, Billund,512000 ,05-01-2016,Alm. Salg,177,2893,6,2016,
530,Villa,Hønseringen 17,7190, Billund,405000 ,04-01-2016,Alm. Salg,186,2177,5,2017,
530,Villa,Almstokvej 7,7190, Billund,1150000 ,30-12-2015,Alm. Salg,266,4323,6,1968,-18%
530,Villa,Østervænget 68,6623, Vorbasse,895000 ,29-12-2015,Alm. Salg,118,7585,4,1980,
530,Villa,Grønnegade 10,6623, Vorbasse,695000 ,29-12-2015,Fam. Salg,148,4696,4,1978,
530,Villa,Hørlycks Alle 4,7200, Grindsted,977500 ,29-12-2015,Fam. Salg,87,11236,3,1940,
530,Villa,Søndervold 109,7200, Grindsted,1795000 ,28-12-2015,Alm. Salg,135,13296,4,2008,
530,Villa,Søndervold 195,7200, Grindsted,2386000 ,22-12-2015,Alm. Salg,167,14287,6,2004,
530,Ejerlejlighed,"Banegårdsvej 3B, 1. tv",7200, Grindsted,312500 ,20-12-2015,Andet,71,4401,2,1988,
530,Villa,Søndervold 100,7200, Grindsted,1870000 ,20-12-2015,Alm. Salg,162,11543,6,1996,-4%
530,Villa,Nørreled 31,7200, Grindsted,695000 ,20-12-2015,Alm. Salg,90,7722,3,1953,
530,Villa,Lillevang 151,7190, Billund,751000 ,20-12-2015,Alm. Salg,201,3736,5,2016,
530,Villa,Søndervold 244,7200, Grindsted,2200000 ,17-12-2015,Alm. Salg,174,12644,5,2003,-2%
530,Villa,Simmelbrovej 33,7260, Sønder Omme,150000 ,16-12-2015,Auktion,181,829,8,1840,
530,Villa,Nygade 14,7200, Grindsted,1475000 ,16-12-2015,Alm. Salg,166,8886,6,1910,-8%
530,Villa,Åmarkvej 1,7200, Grindsted,1155000 ,16-12-2015,Alm. Salg,197,5863,4,1977,-11%
530,Villa,Markskellet 94,7190, Billund,1645000 ,15-12-2015,Alm. Salg,147,11190,5,1987,
530,Villa,Tinsoldaten 15,7190, Billund,451000 ,15-12-2015,Alm. Salg,178,2534,5,2016,
530,Villa,J P Jensens Vej 13,7200, Grindsted,1550000 ,14-12-2015,Alm. Salg,114,13596,6,1945,-6%
530,Villa,Skjoldbjergvej 28,6623, Vorbasse,750000 ,14-12-2015,Alm. Salg,212,3538,7,1953,-11%
530,Villa,Birksøvej 8,7200, Grindsted,881942 ,13-12-2015,Fam. Salg,167,5281,6,1973,
530,Rækkehus,Møllevangen 10,7250, Hejnsvig,200000 ,11-12-2015,Alm. Salg,95,2105,3,1932,
530,Villa,Engvangen 33,7200, Grindsted,730000 ,09-12-2015,Alm. Salg,111,6577,4,1950,
530,Villa,Møllebakken 3,7250, Hejnsvig,271000 ,09-12-2015,Auktion,173,1566,5,1900,-64%
530,Villa,Kløvervej 4,7190, Billund,1000000 ,07-12-2015,Andet,142,7042,6,1972,
530,Villa,Nebelvej 3,6623, Vorbasse,151500 ,07-12-2015,Fam. Salg,124,1222,4,2016,
530,Villa,Østergade 15,6623, Vorbasse,1400000 ,07-12-2015,Alm. Salg,224,6250,10,1923,
530,Villa,Lillevang 154,7190, Billund,445000 ,07-12-2015,Alm. Salg,168,2649,5,2016,
530,Villa,Lillevang 144,7190, Billund,470000 ,07-12-2015,Alm. Salg,210,2238,6,2017,
530,Villa,Tingstedet 97,7190, Billund,1945000 ,06-12-2015,Alm. Salg,139,13993,5,1999,
530,Villa,Præstevænget 1,6623, Vorbasse,720000 ,04-12-2015,Fam. Salg,131,5496,4,1927,
530,Villa,Tingstedet 12,7190, Billund,2170000 ,03-12-2015,Alm. Salg,202,10743,9,1996,-1%
530,Villa,Sønderkær 389,7190, Billund,1725000 ,02-12-2015,Alm. Salg,185,9324,6,1987,-7%
530,Villa,Flintemarken 91,7190, Billund,2450000 ,02-12-2015,Alm. Salg,177,13842,5,1988,-2%
530,Villa,Lillevang 85,7190, Billund,2500000 ,02-12-2015,Alm. Salg,157,15924,5,2008,-7%
530,Rækkehus,Mølleparken 302B,7190, Billund,850000 ,29-11-2015,Alm. Salg,77,11039,3,1987,-5%
530,Villa,Hovedgaden 34,7190, Billund,1050000 ,29-11-2015,Alm. Salg,85,12353,3,1938,
530,Villa,Gammel Vejlevej 26,7200, Grindsted,300000 ,29-11-2015,Alm. Salg,125,2400,4,1929,-25%
530,Villa,Hinnumvej 3,7200, Grindsted,2715000 ,29-11-2015,Alm. Salg,213,12746,7,1914,-6%
530,Villa,Åbakkevej 11,7200, Grindsted,1325000 ,26-11-2015,Fam. Salg,174,7615,4,1983,
530,Villa,Sydtoften 41,7200, Grindsted,1620000 ,26-11-2015,Alm. Salg,153,10588,5,1984,-4%
530,Villa,Stationsvej 10,7200, Grindsted,440000 ,26-11-2015,Alm. Salg,184,2391,7,1960,
530,Villa,Engsøparken 181,7200, Grindsted,2450000 ,26-11-2015,Alm. Salg,197,12437,6,2011,-6%
530,Rækkehus,Markskellet 20,7190, Billund,1245000 ,25-11-2015,Alm. Salg,95,13105,3,1988,
530,Villa,Brinken 5,7200, Grindsted,823000 ,25-11-2015,Auktion,218,3775,8,1966,
530,Villa,Vestervang 8,7190, Billund,1400000 ,25-11-2015,Alm. Salg,140,10000,6,1987,-3%
530,Villa,Krogagergårdvej 37,7200, Grindsted,1513786 ,25-11-2015,Auktion,144,10512,4,2009,
530,Villa,Abildvej 6,7200, Grindsted,965000 ,23-11-2015,Alm. Salg,85,11353,3,1961,
530,Villa,Tolvalenvej 36,7260, Sønder Omme,200000 ,22-11-2015,Alm. Salg,188,1064,5,1972,
530,Villa,Sydtoften 243,7200, Grindsted,1600000 ,22-11-2015,Alm. Salg,118,13559,3,2007,-3%
530,Villa,Flintemarken 77,7190, Billund,850000 ,21-11-2015,Fam. Salg,148,5743,6,1987,
530,Villa,Skovparken 410,7190, Billund,2575000 ,19-11-2015,Alm. Salg,228,11294,8,1964,-4%
530,Villa,Flintemarken 79,7190, Billund,1350000 ,15-11-2015,Alm. Salg,145,9310,6,1987,-3%
530,Villa,Toften 33,7190, Billund,1325000 ,14-11-2015,Alm. Salg,180,7361,5,1968,-1%
530,Villa,Krogen 4,7200, Grindsted,524294 ,13-11-2015,Alm. Salg,93,5638,4,1955,
530,Villa,Samsøvej 15,7200, Grindsted,1527000 ,13-11-2015,Alm. Salg,187,8166,7,1969,-4%
530,Villa,Bredgade 3,7250, Hejnsvig,795000 ,12-11-2015,Alm. Salg,201,3955,6,1872,
530,Rækkehus,Rønnebærvej 9,7200, Grindsted,985000 ,11-11-2015,Alm. Salg,86,11453,4,1967,
530,Villa,Lillevang 4,7190, Billund,854050 ,10-11-2015,Fam. Salg,122,7000,6,2003,
530,Villa,Kobjergvej 5A,7190, Billund,1995000 ,08-11-2015,Alm. Salg,169,11805,4,1910,
530,Villa,Dalsvinget 36,7200, Grindsted,1025000 ,08-11-2015,Alm. Salg,116,8836,4,1976,
530,Villa,Fyrrevænget 315,7190, Billund,1020000 ,05-11-2015,Fam. Salg,136,7500,5,1972,
530,Villa,Sønderkær 266,7190, Billund,1350000 ,04-11-2015,Alm. Salg,156,8654,5,1978,
530,Villa,Primulavej 12,7200, Grindsted,720000 ,03-11-2015,Alm. Salg,247,2915,7,1966,-15%
530,Villa,Mølleparken 332,7190, Billund,1460000 ,29-10-2015,Alm. Salg,155,9419,6,1980,-2%
530,Villa,Østre Ringvej 2,7250, Hejnsvig,500000 ,28-10-2015,Alm. Salg,220,2273,8,1950,-17%
530,Villa,Tårnvej 7,7200, Grindsted,820000 ,28-10-2015,Auktion,123,6667,4,1946,
530,Villa,Dalsøvej 30,7200, Grindsted,1285000 ,28-10-2015,Alm. Salg,128,10039,4,1976,-1%
530,Villa,Ribersvej 102,7200, Grindsted,448488 ,27-10-2015,Alm. Salg,153,2931,6,1979,-56%
530,Villa,Tronsø Parkvej 25,7200, Grindsted,3150000 ,27-10-2015,Alm. Salg,241,13071,10,1986,-6%
530,Villa,Tingstedet 13,7190, Billund,1695000 ,26-10-2015,Alm. Salg,135,12556,5,1994,
530,Villa,Amtsvejen 1,7200, Grindsted,850000 ,26-10-2015,Alm. Salg,123,6911,5,1918,
530,Villa,Kløvervænget 8,7200, Grindsted,920000 ,26-10-2015,Alm. Salg,93,9892,3,1964,-3%
530,Villa,Lillevang 108,7190, Billund,420000 ,26-10-2015,Alm. Salg,231,1818,7,2016,
530,Villa,Vedbendvej 8,7200, Grindsted,1660000 ,25-10-2015,Alm. Salg,251,6614,7,1975,-5%
530,Rækkehus,Sønderkær 329,7190, Billund,1075000 ,21-10-2015,Alm. Salg,151,7119,6,1980,-17%
530,Villa,Højvangsvej 22,7260, Sønder Omme,1130000 ,21-10-2015,Auktion,255,4431,6,2002,
530,Villa,Holdgårdsvej 16,7260, Sønder Omme,1400000 ,20-10-2015,Alm. Salg,199,7035,7,1974,-6%
530,Villa,Tribinivej 1,6623, Vorbasse,95000 ,18-10-2015,Alm. Salg,169,562,6,2022,
530,Villa,Søndervold 126,7200, Grindsted,1930000 ,15-10-2015,Alm. Salg,152,12697,6,1999,-3%
530,Villa,Østergade 26,6623, Vorbasse,850000 ,14-10-2015,Alm. Salg,194,4381,4,1954,
530,Villa,Vesterled 18,7260, Sønder Omme,762000 ,13-10-2015,Alm. Salg,137,5562,4,1962,-10%
530,Villa,Bøgelunden 4,7250, Hejnsvig,100000 ,13-10-2015,Andet,134,746,4,1932,
530,Villa,Stenvej 15,7200, Grindsted,550000 ,12-10-2015,Alm. Salg,158,3481,5,2018,-7%
530,Villa,Nørager 7,7260, Sønder Omme,610000 ,12-10-2015,Alm. Salg,118,5169,4,1979,
530,Villa,Vestervang 28,7190, Billund,2425000 ,11-10-2015,Alm. Salg,185,13108,5,1987,-3%
530,Villa,Lillevang 34,7190, Billund,2695000 ,11-10-2015,Alm. Salg,170,15853,5,2007,
530,Villa,Holdgårdsvej 17,7260, Sønder Omme,645000 ,09-10-2015,Alm. Salg,104,6202,3,1956,-7%
530,Villa,Sjællandsgade 5,7200, Grindsted,1875000 ,08-10-2015,Alm. Salg,133,14098,5,1950,-4%
530,Villa,Daltoften 14,7200, Grindsted,900000 ,08-10-2015,Alm. Salg,100,9000,4,1983,
530,Villa,Søndre Boulevard 261,7200, Grindsted,2100000 ,08-10-2015,Alm. Salg,152,13816,5,1990,-6%
530,Villa,Markskellet 42,7190, Billund,2120000 ,08-10-2015,Alm. Salg,154,13766,6,1997,
530,Villa,Lillevang 138,7190, Billund,430000 ,08-10-2015,Alm. Salg,190,2263,5,2016,
530,Villa,Filsøvej 2,7200, Grindsted,482954 ,07-10-2015,Alm. Salg,145,3331,4,1973,
530,Villa,Lillevang 89,7190, Billund,3850000 ,07-10-2015,Alm. Salg,265,14528,9,2008,-4%
530,Villa,Lupinvænget 2,7200, Grindsted,919760 ,07-10-2015,Fam. Salg,135,6813,6,1963,
530,Villa,Grønvang 25,7260, Sønder Omme,1500000 ,06-10-2015,Alm. Salg,243,6173,8,1972,-6%
530,Villa,Sønderkær 395,7190, Billund,1225000 ,05-10-2015,Alm. Salg,116,10560,4,1985,-2%
530,Villa,Sønderkær 103,7190, Billund,1780000 ,04-10-2015,Alm. Salg,152,11711,4,1977,
530,Villa,Samsøvej 5,7200, Grindsted,1500000 ,01-10-2015,Alm. Salg,165,9091,5,1968,-3%
530,Villa,Dalsvinget 39,7200, Grindsted,975000 ,01-10-2015,Alm. Salg,141,6915,5,1977,
530,Villa,Tolvalenvej 36,7260, Sønder Omme,2572565 ,30-09-2015,Auktion,188,13684,5,1972,
530,Villa,Lillevang 156,7190, Billund,2275000 ,29-09-2015,Alm. Salg,156,14583,5,2012,
530,Villa,Flintemarken 83,7190, Billund,1795000 ,27-09-2015,Alm. Salg,128,14023,5,1988,
530,Villa,Jyllandsgade 30,7200, Grindsted,830000 ,27-09-2015,Alm. Salg,85,9765,3,1957,-7%
530,Villa,Østervænget 6,6623, Vorbasse,399044 ,26-09-2015,Alm. Salg,129,3093,4,1986,
530,Rækkehus,Søndervold 74,7200, Grindsted,710000 ,23-09-2015,Alm. Salg,61,11639,2,1992,
530,Ejerlejlighed,"Grønningen 19, 1. tv",7200, Grindsted,525000 ,21-09-2015,Alm. Salg,88,5966,3,1968,-12%
530,Villa,Dalgasvej 6,7200, Grindsted,1245000 ,21-09-2015,Alm. Salg,168,7411,4,1947,-7%
530,Villa,Løvlundvej 16,7250, Hejnsvig,425000 ,20-09-2015,Alm. Salg,141,3014,4,1964,-14%
530,Villa,Syrenvej 17,7200, Grindsted,820000 ,16-09-2015,Alm. Salg,123,6667,4,1960,
530,Villa,Skjoldbjergvej 18,6623, Vorbasse,2000000 ,16-09-2015,Alm. Salg,148,13514,5,1802,-15%
530,Villa,Ole Kirks Vej 2,7190, Billund,2500000 ,14-09-2015,Alm. Salg,223,11211,6,1974,
530,Villa,Skovparken 232,7190, Billund,975000 ,13-09-2015,Andet,181,5387,7,1964,
530,Villa,Stationsvej 23,7200, Grindsted,750000 ,10-09-2015,Alm. Salg,131,5725,6,1963,
530,Villa,Mølleparken 126,7190, Billund,1450000 ,10-09-2015,Alm. Salg,223,6502,8,1976,
530,Villa,Plougslundvej 169,7190, Billund,1450000 ,08-09-2015,Alm. Salg,167,8683,5,1973,-1%
530,Villa,Engsøparken 215,7200, Grindsted,1000000 ,07-09-2015,Fam. Salg,150,6667,4,2008,
530,Rækkehus,Sydtoften 21,7200, Grindsted,1015000 ,02-09-2015,Alm. Salg,82,12378,2,1983,-3%
530,Villa,Morsbøl Søvej 84,7200, Grindsted,421800 ,01-09-2015,Alm. Salg,183,2305,6,2016,
530,Rækkehus,Daltoften 28,7200, Grindsted,1350000 ,31-08-2015,Andet,111,12162,3,2012,
530,Villa,Nollundvej 125,7200, Grindsted,560000 ,31-08-2015,Alm. Salg,136,4118,4,1954,-6%
530,Villa,"Jernbanegade 25, st",7200, Grindsted,767898 ,31-08-2015,Andet,280,2742,7,1920,
530,Villa,Møllebakkevej 23,7200, Grindsted,1500000 ,31-08-2015,Alm. Salg,161,9317,7,1890,-6%
530,Villa,Grindstedvej 26,7190, Billund,620000 ,29-08-2015,Alm. Salg,88,7045,4,1950,-4%
530,Villa,Birkevej 10,6623, Vorbasse,635000 ,27-08-2015,Alm. Salg,98,6480,3,1968,
530,Villa,Hestkærvej 20,7200, Grindsted,900000 ,27-08-2015,Alm. Salg,263,1714,13,1916,-10%
530,Villa,Engvej 11,7200, Grindsted,800000 ,27-08-2015,Fam. Salg,84,9524,4,1948,
530,Villa,Gyvelvænget 12,7200, Grindsted,1200000 ,26-08-2015,Alm. Salg,97,12371,2,2007,
530,Rækkehus,Lysningen 56,7190, Billund,1075000 ,25-08-2015,Alm. Salg,86,12500,3,1988,-2%
530,Rækkehus,Sønderkær 355,7190, Billund,1180000 ,24-08-2015,Alm. Salg,87,13563,3,1985,-1%
530,Villa,Tranebærvej 4,7200, Grindsted,1245000 ,24-08-2015,Alm. Salg,160,7781,4,1966,
530,Villa,Plantagevej 5,7200, Grindsted,550000 ,24-08-2015,Alm. Salg,187,2941,3,1968,
530,Villa,Morsbølvej 5,7200, Grindsted,972659 ,23-08-2015,Alm. Salg,169,5755,4,2008,-57%
530,Villa,Engsøparken 21,7200, Grindsted,3130000 ,21-08-2015,Alm. Salg,258,12132,5,1998,-2%
530,Villa,Ribersvej 178,7200, Grindsted,1725000 ,20-08-2015,Alm. Salg,158,10918,6,1980,-4%
530,Villa,Sønderkær 109,7190, Billund,1480000 ,20-08-2015,Alm. Salg,140,10571,4,1978,-1%
530,Villa,Vejlevej 69,7260, Sønder Omme,20000 ,19-08-2015,Alm. Salg,64,313,2,1915,-93%
530,Villa,Vejlevej 67,7260, Sønder Omme,600000 ,19-08-2015,Alm. Salg,137,4380,5,1955,10%
530,Villa,Skovvang 15,7260, Sønder Omme,460000 ,18-08-2015,Alm. Salg,104,4423,4,1963,-16%
530,Villa,Bygvænget 2,7200, Grindsted,1600000 ,18-08-2015,Alm. Salg,145,11034,5,1963,-4%
530,Villa,Abildvej 3,7200, Grindsted,850000 ,16-08-2015,Alm. Salg,93,9140,3,1967,
530,Villa,Nymarksvej 12,7200, Grindsted,1450000 ,14-08-2015,Alm. Salg,140,9063,5,1965,-19%
530,Villa,Skjoldbjergvej 68,6623, Vorbasse,825000 ,13-08-2015,Fam. Salg,220,3750,9,1915,
530,Villa,Toften 32,7200, Grindsted,950000 ,13-08-2015,Alm. Salg,113,8407,4,1976,-5%
530,Ejerlejlighed,"Banegårdsvej 25, st",7200, Grindsted,625000 ,11-08-2015,Alm. Salg,66,9470,2,1987,
530,Villa,Dalsøvej 133,7200, Grindsted,717711 ,11-08-2015,Alm. Salg,159,4514,6,1987,-54%
530,Ejerlejlighed,"Hovedgaden 44C, 1. tv",7190, Billund,1490000 ,09-08-2015,Alm. Salg,130,11462,3,2012,
530,Villa,Kærvej 21,7200, Grindsted,1425000 ,09-08-2015,Alm. Salg,252,5655,6,2019,-5%
530,Villa,Åhavevej 34,7200, Grindsted,1820000 ,08-08-2015,Alm. Salg,214,8505,8,1973,
530,Villa,Tingstedet 22,7190, Billund,1900000 ,05-08-2015,Alm. Salg,155,12258,6,1994,-2%
530,Rækkehus,Sønderkær 333,7190, Billund,1075000 ,04-08-2015,Alm. Salg,89,12079,3,1980,-2%
530,Villa,Fyrrevænget 109,7190, Billund,1945000 ,04-08-2015,Alm. Salg,158,12310,6,1969,
530,Villa,Åbrinken 8,7200, Grindsted,400000 ,04-08-2015,Fam. Salg,126,3175,4,1973,
530,Villa,Solsortvej 13,7200, Grindsted,1065000 ,03-08-2015,Alm. Salg,142,7500,4,1959,
530,Villa,Bygvænget 3,7200, Grindsted,794235 ,03-08-2015,Andet,177,4487,5,1965,
530,Villa,Abildvej 22,7200, Grindsted,920000 ,02-08-2015,Alm. Salg,164,5610,5,1973,
530,Villa,Mølleparken 111,7190, Billund,1500000 ,31-07-2015,Fam. Salg,154,9740,5,1976,
530,Villa,Søndre Boulevard 279,7200, Grindsted,1650000 ,30-07-2015,Alm. Salg,152,10855,6,1989,
530,Villa,Syrenvej 7,7200, Grindsted,453965 ,28-07-2015,Alm. Salg,92,4934,4,1960,
530,Villa,Dalsvinget 1,7200, Grindsted,1045000 ,28-07-2015,Alm. Salg,131,7977,5,1976,-5%
530,Villa,Snurretoppen 19,7190, Billund,360000 ,28-07-2015,Alm. Salg,197,1827,4,2016,
530,Villa,Engsøparken 193,7200, Grindsted,2295000 ,27-07-2015,Alm. Salg,177,12966,4,2009,
530,Villa,Nørrebyvej 2,6623, Vorbasse,1337500 ,27-07-2015,Alm. Salg,160,8359,6,1968,
530,Villa,Nymarksvej 5,7200, Grindsted,2350000 ,27-07-2015,Alm. Salg,209,10633,7,1965,-4%
530,Rækkehus,Sønderkær 409B,7190, Billund,1105000 ,26-07-2015,Alm. Salg,77,14351,3,1987,-3%
530,Villa,Søndergade 6,6623, Vorbasse,180400 ,26-07-2015,Alm. Salg,103,1751,5,1933,
530,Villa,Havrevænget 22,7200, Grindsted,1025000 ,26-07-2015,Alm. Salg,152,6743,4,1961,3%
530,Villa,Systemvej 35,7190, Billund,658000 ,24-07-2015,Andet,147,4476,7,1960,
530,Villa,Mølleparken 256,7190, Billund,811388 ,23-07-2015,Alm. Salg,152,5338,5,1975,
530,Villa,Fyrrevænget 316,7190, Billund,1895000 ,22-07-2015,Alm. Salg,189,10026,5,1973,
530,Villa,Egebjerg Landevej 79,7250, Hejnsvig,784950 ,21-07-2015,Alm. Salg,226,3473,8,1914,5%
530,Villa,Anemonevej 9,7200, Grindsted,1400000 ,19-07-2015,Alm. Salg,134,10448,4,1961,-5%
530,Rækkehus,Nørager 97,7260, Sønder Omme,400000 ,16-07-2015,Alm. Salg,64,6250,2,1981,-11%
530,Villa,Lillevang 41,7190, Billund,2110000 ,16-07-2015,Alm. Salg,142,14859,5,2003,-4%
530,Villa,Langesøvej 1,7200, Grindsted,1150000 ,16-07-2015,Alm. Salg,142,8099,5,1975,
530,Villa,Mølleparken 374,7190, Billund,1550000 ,13-07-2015,Alm. Salg,161,9627,6,1981,-3%
530,Villa,Sorgenfrivej 5,6623, Vorbasse,2315000 ,13-07-2015,Alm. Salg,201,11517,8,2006,-7%
530,Villa,Lillevang 56,7190, Billund,2500000 ,12-07-2015,Alm. Salg,179,13966,6,2008,-7%
530,Villa,Teglgaardsvej 6,7200, Grindsted,820000 ,09-07-2015,Alm. Salg,147,5578,5,1910,-4%
530,Villa,Søllingdalvej 20,7250, Hejnsvig,975000 ,09-07-2015,Alm. Salg,169,5769,6,1982,
530,Villa,Jasminvej 6,7200, Grindsted,1500000 ,08-07-2015,Alm. Salg,157,9554,5,1988,
530,Villa,Søgårdparken 4,7250, Hejnsvig,875000 ,08-07-2015,Andet,142,6162,4,2007,
530,Villa,Blåhøjvej 11,7200, Grindsted,1095000 ,07-07-2015,Alm. Salg,113,9690,3,1942,
530,Villa,Plougslundvej 177,7190, Billund,1100000 ,06-07-2015,Alm. Salg,120,9167,4,1973,
530,Villa,Tuen 19,7190, Billund,391500 ,02-07-2015,Alm. Salg,156,2510,5,2016,
530,Villa,Lillevang 118,7190, Billund,364000 ,02-07-2015,Alm. Salg,190,1916,6,2015,
530,Villa,Jorden Rundt 33,7200, Grindsted,2025000 ,01-07-2015,Alm. Salg,262,7729,8,1972,-4%
530,Ejerlejlighed,"Grønningen 11, 1. th",7200, Grindsted,660000 ,30-06-2015,Alm. Salg,100,6600,4,1967,-5%
530,Villa,Fyrrevænget 104,7190, Billund,1310000 ,30-06-2015,Alm. Salg,186,7043,6,1969,-9%
530,Villa,Nørrevej 43A,7200, Grindsted,1260000 ,30-06-2015,Alm. Salg,136,9265,5,1997,-6%
530,Villa,Åhavevej 12,7200, Grindsted,912500 ,30-06-2015,Alm. Salg,155,5887,5,1972,-8%
530,Villa,Sønderkær 257,7190, Billund,650000 ,28-06-2015,Alm. Salg,156,4167,5,1979,
530,Villa,Gammel Bøvlvej 52,7260, Sønder Omme,850000 ,27-06-2015,Alm. Salg,176,4830,5,1972,
530,Villa,Nebelvej 7,6623, Vorbasse,527500 ,25-06-2015,Alm. Salg,101,5223,3,1951,
530,Villa,Grindstedvej 23,7260, Sønder Omme,537500 ,24-06-2015,Alm. Salg,101,5322,3,1987,-7%
530,Villa,Østerbyvej 3A,7190, Billund,967500 ,24-06-2015,Alm. Salg,279,3468,6,1913,-10%
530,Villa,Torvegade 3,7250, Hejnsvig,1795000 ,24-06-2015,Alm. Salg,209,8589,7,1966,
530,Villa,Stationsvej 10,7200, Grindsted,420000 ,24-06-2015,Alm. Salg,184,2283,7,1960,-24%
530,Villa,Nymarksvej 6,7200, Grindsted,2495000 ,24-06-2015,Alm. Salg,203,12291,8,1969,-13%
530,Rækkehus,Sydtoften 139,7200, Grindsted,1075000 ,21-06-2015,Alm. Salg,82,13110,3,1984,-2%
530,Villa,Søvangvej 9,7200, Grindsted,900000 ,21-06-2015,Fam. Salg,272,3309,6,2016,
530,Villa,Tingstedet 61,7190, Billund,937270 ,21-06-2015,Alm. Salg,167,5612,6,1997,
530,Villa,Søgårdvej 39,7250, Hejnsvig,700000 ,20-06-2015,Alm. Salg,139,5036,5,1979,-22%
530,Villa,Gammel Hejnsvigvej 11,7190, Billund,1100000 ,17-06-2015,Auktion,129,8527,5,1960,
530,Rækkehus,Nørregade 60B,7200, Grindsted,1075000 ,16-06-2015,Alm. Salg,80,13438,3,1999,-6%
530,Villa,Tingstedet 50,7190, Billund,1693200 ,16-06-2015,Fam. Salg,156,10854,7,1995,
530,Villa,Skovparken 314,7190, Billund,1806000 ,16-06-2015,Alm. Salg,179,10089,5,0,
530,Villa,Tingstedet 20,7190, Billund,1755000 ,14-06-2015,Alm. Salg,167,10509,6,1994,-5%
530,Villa,Mølleparken 422,7190, Billund,1585000 ,14-06-2015,Alm. Salg,161,9845,5,1984,-1%
530,Villa,Enevej 2,7200, Grindsted,825000 ,14-06-2015,Alm. Salg,189,4365,6,1985,
530,Villa,Søndermarksvej 104,7190, Billund,412250 ,14-06-2015,Alm. Salg,120,3435,3,1969,
530,Villa,Jyllandsgade 26,7200, Grindsted,760000 ,14-06-2015,Alm. Salg,129,5891,4,1959,-10%
530,Villa,Kløvervænget 9,7200, Grindsted,680000 ,11-06-2015,Alm. Salg,108,6296,4,1964,-2%
530,Rækkehus,Dalsøvej 159A,7200, Grindsted,835000 ,10-06-2015,Alm. Salg,82,10183,3,1985,-3%
530,Villa,Vejlevej 21,7260, Sønder Omme,375000 ,10-06-2015,Fam. Salg,113,3319,5,1920,
530,Villa,Plougslundvej 131,7190, Billund,1275000 ,10-06-2015,Alm. Salg,141,9043,5,1973,
530,Villa,Dalgasvej 11,7200, Grindsted,445000 ,08-06-2015,Alm. Salg,91,4890,3,1949,-11%
530,Villa,Morsbøl Søvej 64,7200, Grindsted,2050000 ,05-06-2015,Alm. Salg,172,11919,6,2008,-2%
530,Villa,Hasselvej 8,7260, Sønder Omme,670000 ,04-06-2015,Alm. Salg,124,5403,4,1969,-4%
530,Villa,Kløvervej 24,7190, Billund,2150000 ,03-06-2015,Alm. Salg,181,11878,6,1989,
530,Villa,Gilbjergvej 5,6623, Vorbasse,994000 ,03-06-2015,Alm. Salg,158,6291,4,1953,0%
530,Villa,Tingstedet 19,7190, Billund,862500 ,02-06-2015,Fam. Salg,157,5494,7,1996,
530,Villa,Fyrrevænget 414,7190, Billund,1950000 ,02-06-2015,Alm. Salg,153,12745,5,1971,3%
530,Villa,Elmelunden 211,7190, Billund,1100000 ,01-06-2015,Alm. Salg,141,7801,5,1965,-4%
530,Villa,Plougslundvej 223,7190, Billund,2000000 ,01-06-2015,Alm. Salg,179,11173,5,1973,
530,Villa,Vestervang 20,7190, Billund,1225000 ,31-05-2015,Fam. Salg,150,8167,6,1986,
530,Villa,Søndervold 317,7200, Grindsted,2085000 ,28-05-2015,Alm. Salg,176,11847,6,1994,-5%
530,Villa,Svinget 13,7200, Grindsted,935000 ,27-05-2015,Alm. Salg,90,10389,3,1952,-6%
530,Villa,Snurretoppen 11,7190, Billund,328000 ,27-05-2015,Alm. Salg,160,2050,5,2016,
530,Villa,Bygvænget 16,7200, Grindsted,945000 ,23-05-2015,Alm. Salg,92,10272,3,1963,
530,Villa,Grindstedvej 30,7260, Sønder Omme,440000 ,22-05-2015,Alm. Salg,102,4314,4,1965,-11%
530,Villa,Præstevang 7,7190, Billund,1385000 ,20-05-2015,Alm. Salg,109,12706,4,1968,
530,Villa,Lillevang 132,7190, Billund,3325000 ,20-05-2015,Alm. Salg,222,14977,8,2011,-5%
530,Villa,Tingstedet 60,7190, Billund,1510000 ,19-05-2015,Alm. Salg,140,10786,6,1995,-4%
530,Villa,Rungborgvej 7,7250, Hejnsvig,432085 ,19-05-2015,Andet,134,3225,6,1916,
530,Villa,Plantagevej 5,7200, Grindsted,550000 ,18-05-2015,Fam. Salg,187,2941,3,1968,
530,Villa,Morsbøl Søvej 116,7200, Grindsted,373280 ,18-05-2015,Alm. Salg,188,1986,6,2016,
530,Villa,Engsøvænget 5,7200, Grindsted,650000 ,13-05-2015,Alm. Salg,196,3316,6,2016,
530,Villa,Postgade 3,7200, Grindsted,485000 ,12-05-2015,Alm. Salg,122,3975,5,1928,-12%
530,Rækkehus,Sydtoften 137,7200, Grindsted,325035 ,11-05-2015,Andet,82,3964,3,1984,
530,Villa,Rugvænget 11,7200, Grindsted,912500 ,11-05-2015,Alm. Salg,105,8690,4,1964,-13%
530,Villa,Skjoldbjergvej 47,6623, Vorbasse,200000 ,11-05-2015,Alm. Salg,88,2273,5,1939,
530,Villa,Engsøparken 213,7200, Grindsted,1120803 ,11-05-2015,Andet,176,6368,6,2008,
530,Villa,Snurretoppen 5,7190, Billund,296000 ,07-05-2015,Alm. Salg,201,1473,6,2016,
530,Villa,Snurretoppen 9,7190, Billund,288000 ,06-05-2015,Alm. Salg,150,1920,5,2016,
530,Villa,Holdgårdsvej 16,7260, Sønder Omme,1495000 ,03-05-2015,Alm. Salg,199,7513,7,1974,
530,Villa,Lillevang 142,7190, Billund,344000 ,03-05-2015,Alm. Salg,172,2000,5,2016,
530,Villa,Søndre Boulevard 251,7200, Grindsted,1800000 ,28-04-2015,Alm. Salg,163,11043,5,1991,-5%
530,Villa,Dalsøvej 103,7200, Grindsted,1195000 ,27-04-2015,Alm. Salg,173,6908,6,1979,
530,Villa,Abildvej 8,7200, Grindsted,231404 ,27-04-2015,Fam. Salg,70,3306,3,1960,
530,Villa,Hybenvej 8,7190, Billund,892500 ,23-04-2015,Fam. Salg,129,6919,4,1927,
530,Villa,Tingstedet 62,7190, Billund,1660000 ,22-04-2015,Alm. Salg,141,11773,6,1997,
530,Villa,Grindstedvej 68,7260, Sønder Omme,605000 ,20-04-2015,Fam. Salg,97,6237,3,1940,
530,Villa,Bogfinkevej 5,7190, Billund,1150000 ,20-04-2015,Alm. Salg,135,8519,4,1974,
530,Villa,Søllingdalvej 6,7250, Hejnsvig,995000 ,20-04-2015,Alm. Salg,124,8024,5,1975,34%
530,Villa,Bøgevangen 2,7200, Grindsted,795000 ,20-04-2015,Alm. Salg,104,7644,4,1960,
530,Villa,Søllingdalvej 42,7250, Hejnsvig,1695000 ,20-04-2015,Alm. Salg,152,11151,5,1976,13%
530,Villa,Billundvej 6,7250, Hejnsvig,450000 ,19-04-2015,Alm. Salg,187,2406,7,1961,
530,Villa,Tværvej 4,7190, Billund,3200000 ,19-04-2015,Alm. Salg,220,14545,5,1974,
530,Villa,Morsbøl Søvej 104,7200, Grindsted,384000 ,19-04-2015,Alm. Salg,225,1707,8,2015,
530,Villa,Snurretoppen 17,7190, Billund,352000 ,19-04-2015,Alm. Salg,190,1853,6,2016,
530,Villa,Morsbøl Søvej 88,7200, Grindsted,344800 ,18-04-2015,Alm. Salg,240,1437,6,2017,
530,Villa,Farvergade 25,7260, Sønder Omme,733000 ,17-04-2015,Alm. Salg,122,6008,4,1930,
530,Villa,Enghaven 39,7260, Sønder Omme,880000 ,17-04-2015,Alm. Salg,161,5466,4,1976,-12%
530,Villa,Holdgårdsvej 24,7260, Sønder Omme,1445000 ,17-04-2015,Alm. Salg,156,9263,5,1934,
530,Villa,Dalsvinget 13,7200, Grindsted,1685000 ,17-04-2015,Alm. Salg,195,8641,7,1976,
530,Rækkehus,Bogholdervej 1A,6623, Vorbasse,500000 ,15-04-2015,Alm. Salg,104,4808,3,2000,-8%
530,Rækkehus,Søndre Boulevard 379,7200, Grindsted,970000 ,15-04-2015,Alm. Salg,81,11975,3,1987,-3%
530,Villa,Nollundvej 88,7200, Grindsted,1835000 ,15-04-2015,Alm. Salg,149,12315,4,1957,-1%
530,Villa,Søndervang 13,7200, Grindsted,670000 ,15-04-2015,Alm. Salg,118,5678,4,1960,-4%
530,Villa,Kærvej 325,7190, Billund,581500 ,14-04-2015,Fam. Salg,192,3029,7,1972,
530,Villa,Lillevang 53,7190, Billund,2070000 ,14-04-2015,Alm. Salg,148,13986,6,2007,-1%
530,Villa,Snurretoppen 1,7190, Billund,264000 ,14-04-2015,Alm. Salg,141,1872,4,2016,
530,Villa,Skovparken 404,7190, Billund,2350000 ,13-04-2015,Alm. Salg,246,9553,6,1965,-6%
530,Villa,Grønnegade 8A,6623, Vorbasse,650000 ,13-04-2015,Alm. Salg,112,5804,3,1998,-13%
530,Villa,Havnevej 2,6623, Vorbasse,250000 ,13-04-2015,Alm. Salg,150,1667,4,1902,
530,Villa,Hybenvej 5,7200, Grindsted,795000 ,13-04-2015,Alm. Salg,161,4938,6,1967,
530,Villa,Elkjærhøjevej 3,7190, Billund,223030 ,12-04-2015,Alm. Salg,194,1150,6,1915,
530,Villa,Østergade 25,6623, Vorbasse,900000 ,12-04-2015,Alm. Salg,173,5202,6,1960,-8%
530,Villa,Engsøparken 237,7200, Grindsted,674135 ,12-04-2015,Fam. Salg,192,3511,5,2019,
530,Villa,Kulsøvej 3,7200, Grindsted,1395000 ,10-04-2015,Alm. Salg,162,8611,5,1974,
530,Villa,Birkebæk Alle 9,7260, Sønder Omme,500000 ,10-04-2015,Alm. Salg,113,4425,4,1966,-16%
530,Villa,Blåhøjvej 2,7200, Grindsted,550000 ,10-04-2015,Alm. Salg,84,6548,3,1955,
530,Villa,Slaugvej 7,6623, Vorbasse,1373500 ,10-04-2015,Alm. Salg,137,10026,5,1938,-18%
530,Rækkehus,Jørgen Glavinds Vej 42,7200, Grindsted,420000 ,08-04-2015,Auktion,71,5915,4,1955,-40%
530,Villa,Sønderkær 371,7190, Billund,1425000 ,08-04-2015,Alm. Salg,155,9194,6,1985,-5%
530,Villa,Søndre Boulevard 235,7200, Grindsted,1740000 ,08-04-2015,Alm. Salg,157,11083,5,1994,-3%
530,Villa,Tingstedet 90,7190, Billund,1830000 ,06-04-2015,Alm. Salg,166,11024,6,1996,-3%
530,Villa,Grindstedvej 57,7190, Billund,500000 ,06-04-2015,Alm. Salg,70,7143,3,1958,
530,Villa,Mølleparken 158,7190, Billund,1725000 ,05-04-2015,Alm. Salg,163,10583,4,1975,-4%
530,Villa,Mølleparken 312,7190, Billund,1295000 ,05-04-2015,Alm. Salg,115,11261,4,1983,
530,Villa,Lillevang 77,7190, Billund,2625000 ,05-04-2015,Alm. Salg,189,13889,6,2007,-3%
530,Villa,Fyrrevænget 304,7190, Billund,1470000 ,03-04-2015,Alm. Salg,161,9130,4,1970,-5%
530,Villa,Anemonevej 25,7200, Grindsted,1775000 ,31-03-2015,Alm. Salg,192,9245,6,1961,-4%
530,Rækkehus,Søndervold 56,7200, Grindsted,1250000 ,30-03-2015,Alm. Salg,104,12019,2,2005,-3%
530,Villa,Gammel Bøvlvej 34,7260, Sønder Omme,1150000 ,28-03-2015,Alm. Salg,128,8984,5,1965,-11%
530,Villa,Dalbo 45,7200, Grindsted,995000 ,26-03-2015,Alm. Salg,142,7007,5,1978,-9%
530,Villa,Møllevej 81,7190, Billund,182250 ,26-03-2015,Alm. Salg,143,1274,5,1965,
530,Villa,Syrenvej 16,7200, Grindsted,2526000 ,25-03-2015,Alm. Salg,314,8045,10,1974,15%
530,Villa,Fasanvej 25,7190, Billund,31090 ,24-03-2015,Alm. Salg,133,234,4,1966,
530,Villa,Vilhelmsmindevej 23,7200, Grindsted,268672 ,23-03-2015,Alm. Salg,131,2051,5,1920,
530,Villa,Birkevangen 2,7200, Grindsted,810000 ,21-03-2015,Alm. Salg,115,7043,4,1960,
530,Villa,Nollundvej 100,7200, Grindsted,2515000 ,20-03-2015,Alm. Salg,218,11537,5,2000,
530,Villa,Kvædevej 5,7200, Grindsted,1600000 ,16-03-2015,Alm. Salg,176,9091,6,1976,
530,Villa,Engsøparken 115,7200, Grindsted,2075000 ,16-03-2015,Alm. Salg,155,13387,6,2003,-1%
530,Villa,Egebjerg Landevej 50,7250, Hejnsvig,50000 ,16-03-2015,Alm. Salg,102,490,3,1960,
530,Villa,Ribersvej 132,7200, Grindsted,600000 ,15-03-2015,Fam. Salg,160,3750,6,1979,
530,Villa,Søndervold 108,7200, Grindsted,1675000 ,15-03-2015,Alm. Salg,159,10535,8,1993,-7%
530,Villa,Enghaven 27,7260, Sønder Omme,1100000 ,15-03-2015,Fam. Salg,251,4382,8,1947,
530,Villa,Ribersvej 112,7200, Grindsted,957000 ,12-03-2015,Alm. Salg,153,6255,6,1979,-4%
530,Villa,Østre Alle 14,7200, Grindsted,1100000 ,12-03-2015,Alm. Salg,105,10476,4,1932,-1%
530,Villa,Sydtoften 245,7200, Grindsted,1675000 ,12-03-2015,Alm. Salg,118,14195,3,2007,
530,Villa,Lyngvang 21,7260, Sønder Omme,1290000 ,11-03-2015,Alm. Salg,165,6935,8,1973,-13%
530,Villa,Blåhøjvej 37,7200, Grindsted,350000 ,11-03-2015,Auktion,102,3431,4,1926,
530,Rækkehus,Sønderkær 341,7190, Billund,1030000 ,08-03-2015,Alm. Salg,80,12875,4,1985,-6%
530,Villa,Søndermarksvej 408,7190, Billund,1500000 ,08-03-2015,Alm. Salg,147,10204,5,1970,
530,Villa,Filsøvej 2,7200, Grindsted,875000 ,06-03-2015,Alm. Salg,145,6034,4,1973,-7%
530,Villa,Gilbjergvej 2,6623, Vorbasse,480000 ,05-03-2015,Alm. Salg,150,3200,5,1942,-31%
530,Villa,Egeparken 18,7260, Sønder Omme,1275000 ,04-03-2015,Auktion,188,6782,7,1997,
530,Villa,Ansager Landevej 38,7200, Grindsted,575000 ,04-03-2015,Auktion,238,2416,8,1893,
530,Villa,Engsøparken 231,7200, Grindsted,500000 ,04-03-2015,Alm. Salg,211,2370,8,2015,-8%
530,Villa,Dalsvinget 29,7200, Grindsted,1150000 ,03-03-2015,Alm. Salg,149,7718,6,1976,-2%
530,Villa,Fasanvej 20,7190, Billund,945000 ,01-03-2015,Alm. Salg,175,5400,6,1960,-10%
530,Villa,Engsøvænget 12,7200, Grindsted,975000 ,01-03-2015,Alm. Salg,228,4276,5,2016,
530,Villa,Storegade 27,7200, Grindsted,629000 ,28-02-2015,Fam. Salg,189,3328,6,1963,
530,Villa,Granvej 3B,7190, Billund,525000 ,26-02-2015,Alm. Salg,77,6818,4,1959,-12%
530,Villa,Rugvænget 6,7200, Grindsted,975000 ,25-02-2015,Alm. Salg,126,7738,5,1963,-11%
530,Villa,Åbakkevej 13,7200, Grindsted,1995000 ,24-02-2015,Alm. Salg,294,6786,8,1980,-9%
530,Villa,Vestervang 42,7190, Billund,597500 ,24-02-2015,Fam. Salg,144,4149,6,1986,
530,Villa,Gammel Bøvlvej 14,7260, Sønder Omme,300000 ,22-02-2015,Alm. Salg,144,2083,4,1929,
530,Villa,Morsbøl Søvej 108,7200, Grindsted,356000 ,22-02-2015,Alm. Salg,194,1835,5,2016,
530,Villa,Østergade 52,6623, Vorbasse,465000 ,20-02-2015,Alm. Salg,123,3780,5,1940,16%
530,Villa,Elmevangen 11,7200, Grindsted,1100000 ,19-02-2015,Alm. Salg,99,11111,4,1960,-8%
530,Villa,Kløvervej 8,7190, Billund,870000 ,16-02-2015,Fam. Salg,221,3937,7,1987,
530,Villa,Møllevænget 32,7190, Billund,935000 ,16-02-2015,Fam. Salg,144,6493,7,1965,
530,Villa,Mølleparken 228,7190, Billund,1760000 ,15-02-2015,Alm. Salg,149,11812,5,1976,
530,Villa,Gilbjergvej 25,7250, Hejnsvig,230000 ,15-02-2015,Alm. Salg,94,2447,4,1948,15%
530,Villa,Hasselvej 16,7260, Sønder Omme,660000 ,12-02-2015,Alm. Salg,110,6000,4,1970,-1%
530,Villa,Jyllandsgade 5,7200, Grindsted,1252240 ,12-02-2015,Fam. Salg,127,9860,5,1952,
530,Villa,Omme Landevej 6,7200, Grindsted,665000 ,11-02-2015,Alm. Salg,77,8636,3,1950,-1%
530,Villa,Pilevej 2,7200, Grindsted,720000 ,11-02-2015,Alm. Salg,96,7500,3,1962,-9%
530,Villa,Kærvej 319,7190, Billund,1400000 ,10-02-2015,Alm. Salg,149,9396,6,1972,-3%
530,Villa,Lindevej 3,7200, Grindsted,640000 ,09-02-2015,Alm. Salg,81,7901,3,1961,
530,Ejerlejlighed,"Grønningen 19, 2. th",7200, Grindsted,500000 ,08-02-2015,Alm. Salg,88,5682,3,1968,1%
530,Villa,Egeparken 24,7260, Sønder Omme,1475000 ,05-02-2015,Alm. Salg,179,8240,6,1998,-8%
530,Villa,Høstvej 1,7250, Hejnsvig,925000 ,05-02-2015,Alm. Salg,134,6903,6,1967,-5%
530,Villa,Søndervold 248,7200, Grindsted,2175000 ,05-02-2015,Alm. Salg,155,14032,5,2007,-2%
530,Villa,Nollundvej 92,7200, Grindsted,800000 ,04-02-2015,Alm. Salg,194,4124,8,1959,-11%
530,Villa,Søndre Boulevard 255,7200, Grindsted,1745000 ,02-02-2015,Alm. Salg,142,12289,5,1993,-3%
530,Rækkehus,Grønningen 32,7190, Billund,945000 ,01-02-2015,Alm. Salg,71,13310,2,1988,-5%
530,Villa,Østervej 10,7200, Grindsted,500000 ,30-01-2015,Alm. Salg,166,3012,5,1973,-28%
530,Villa,Skovparken 302,7190, Billund,985000 ,29-01-2015,Alm. Salg,149,6611,4,2017,-14%
530,Villa,Søndre Boulevard 309,7200, Grindsted,1830000 ,29-01-2015,Alm. Salg,162,11296,5,1987,-3%
530,Villa,Dalbyvej 18,7200, Grindsted,1100000 ,28-01-2015,Alm. Salg,136,8088,4,1946,-6%
530,Ejerlejlighed,"Nørre Torv 8, 2. 2",7200, Grindsted,2550000 ,27-01-2015,Alm. Salg,158,16139,4,2014,
530,Villa,Havrevænget 22,7200, Grindsted,950000 ,27-01-2015,Alm. Salg,152,6250,4,1961,
530,Villa,Skovparken 308,7190, Billund,1195000 ,26-01-2015,Alm. Salg,126,9484,4,1963,
530,Villa,Rugvænget 27,7200, Grindsted,700000 ,23-01-2015,Alm. Salg,122,5738,4,1962,-12%
530,Villa,Dalsøvej 111,7200, Grindsted,1275000 ,18-01-2015,Alm. Salg,135,9444,6,1980,
530,Villa,Birkebæk Alle 7,7260, Sønder Omme,275000 ,14-01-2015,Alm. Salg,77,3571,4,1969,-13%
530,Villa,Sønderkær 419,7190, Billund,1250000 ,13-01-2015,Alm. Salg,116,10776,4,1986,
530,Villa,Morsbølvej 37,7200, Grindsted,2545000 ,13-01-2015,Alm. Salg,187,13610,5,2009,-7%
530,Rækkehus,Dalsvinget 20C,7200, Grindsted,610000 ,12-01-2015,Alm. Salg,96,6354,4,1978,-12%
530,Villa,Dalbo 11,7200, Grindsted,850000 ,11-01-2015,Alm. Salg,112,7589,4,1979,-8%
530,Villa,Mølleparken 372,7190, Billund,1295000 ,11-01-2015,Alm. Salg,120,10792,4,1981,
530,Villa,Svinget 7,7200, Grindsted,900000 ,11-01-2015,Alm. Salg,100,9000,4,1956,-10%
530,Villa,Toften 25,7200, Grindsted,840000 ,11-01-2015,Alm. Salg,122,6885,4,1977,-6%
530,Villa,Sønderkær 203,7190, Billund,750000 ,11-01-2015,Fam. Salg,183,4098,6,1978,
530,Villa,Egevænget 416,7190, Billund,900000 ,09-01-2015,Alm. Salg,149,6040,6,1971,
530,Villa,Nollundvej 104,7200, Grindsted,945000 ,07-01-2015,Alm. Salg,152,6217,5,1954,
530,Villa,Morsbølvej 45,7200, Grindsted,331520 ,07-01-2015,Alm. Salg,180,1842,6,2017,
530,Villa,Nygade 34,7200, Grindsted,775000 ,06-01-2015,Alm. Salg,98,7908,4,1951,-7%
530,Villa,Engsøparken 239,7200, Grindsted,412420 ,06-01-2015,Fam. Salg,181,2279,6,2017,
530,Villa,Engebækgårdvej 3,7260, Sønder Omme,575000 ,05-01-2015,Alm. Salg,134,4291,5,1911,
530,Villa,Birkeholtvej 19,7200, Grindsted,1695000 ,05-01-2015,Alm. Salg,189,8968,6,1929,
530,Villa,Pilealle 8,7200, Grindsted,615000 ,05-01-2015,Alm. Salg,146,4212,4,1965,
530,Rækkehus,Nørager 83,7260, Sønder Omme,532000 ,03-01-2015,Fam. Salg,77,6909,2,1980,
530,Villa,Skjoldbjergvej 55,6623, Vorbasse,2520000 ,02-01-2015,Alm. Salg,188,13404,7,2006,-8%
530,Rækkehus,Lysningen 38,7190, Billund,1105000 ,01-01-2015,Alm. Salg,95,11632,3,1986,
530,Villa,Stakrogevej 11,7260, Sønder Omme,840000 ,30-12-2014,Fam. Salg,170,4941,6,1943,
530,Villa,Amtsvejen 20,7200, Grindsted,303683 ,27-12-2014,Alm. Salg,93,3265,3,1959,
530,Villa,Blåbærvej 7,7200, Grindsted,393300 ,27-12-2014,Fam. Salg,105,3746,4,1965,
530,Villa,Østervænget 6,6623, Vorbasse,775000 ,26-12-2014,Alm. Salg,129,6008,4,1986,
530,Rækkehus,Lærkevang 16B,7200, Grindsted,150000 ,21-12-2014,Alm. Salg,80,1875,3,1999,
530,Ejerlejlighed,"Banegårdsvej 25, 1",7200, Grindsted,660000 ,21-12-2014,Alm. Salg,62,10645,2,1987,
530,Villa,Blåbjergvej 20,7200, Grindsted,2495000 ,21-12-2014,Alm. Salg,214,11659,5,2012,
530,Villa,Toften 37,7190, Billund,865000 ,20-12-2014,Alm. Salg,109,7936,4,1967,-3%
530,Villa,Elkjærhøjevej 3,7190, Billund,826000 ,18-12-2014,Alm. Salg,194,4258,6,1915,18%
530,Villa,Gammel Bøvlvej 15,7260, Sønder Omme,750000 ,18-12-2014,Alm. Salg,135,5556,6,1966,-11%
530,Villa,Snurretoppen 15,7190, Billund,272800 ,18-12-2014,Alm. Salg,184,1483,5,2016,
530,Villa,Snurretoppen 13,7190, Billund,326155 ,17-12-2014,Alm. Salg,197,1656,6,2015,
530,Villa,Lillevang 152,7190, Billund,356000 ,17-12-2014,Alm. Salg,202,1762,5,2015,
530,Villa,Bekkasinvej 4,7200, Grindsted,1225000 ,16-12-2014,Alm. Salg,98,12500,4,1961,-5%
530,Rækkehus,Kirkevænget 20,6623, Vorbasse,300000 ,14-12-2014,Fam. Salg,58,5172,2,1982,
530,Villa,Skovparken 216,7190, Billund,2100000 ,14-12-2014,Alm. Salg,252,8333,7,1961,-19%
530,Villa,Søllingdalvej 40,7250, Hejnsvig,876050 ,13-12-2014,Alm. Salg,169,5184,6,1975,
530,Villa,Sønderkær 217,7190, Billund,2250000 ,12-12-2014,Alm. Salg,258,8721,6,1979,
530,Villa,J P Jensens Vej 25,7200, Grindsted,400000 ,11-12-2014,Alm. Salg,90,4444,5,1949,-10%
530,Villa,Krarupvej 14,7200, Grindsted,700000 ,11-12-2014,Alm. Salg,105,6667,4,1962,-7%
530,Villa,Grønmarksvej 3,7250, Hejnsvig,320000 ,10-12-2014,Alm. Salg,130,2462,4,1947,-25%
530,Villa,Lillevang 21,7190, Billund,1895000 ,08-12-2014,Alm. Salg,146,12979,6,2001,
530,Villa,Lysningen 8,7190, Billund,1450000 ,07-12-2014,Alm. Salg,134,10821,4,1987,-2%
530,Villa,Hovborgvej 17,6623, Vorbasse,357381 ,07-12-2014,Alm. Salg,227,1574,10,1934,
530,Villa,Skjoldbjergvej 3,6623, Vorbasse,1195000 ,03-12-2014,Alm. Salg,223,5359,8,1906,
530,Rækkehus,Nørager 75,7260, Sønder Omme,640000 ,02-12-2014,Alm. Salg,88,7273,3,1982,
530,Ejerlejlighed,"Grønningen 19, 1. th",7200, Grindsted,650000 ,02-12-2014,Fam. Salg,88,7386,3,1968,
530,Villa,Møllevangen 7,7250, Hejnsvig,350000 ,01-12-2014,Alm. Salg,110,3182,4,1890,
530,Rækkehus,Dalsvinget 18E,7200, Grindsted,732500 ,30-11-2014,Alm. Salg,96,7630,4,1978,-5%
530,Villa,Havrevænget 11,7200, Grindsted,590000 ,30-11-2014,Alm. Salg,82,7195,4,1963,-9%
530,Villa,Mølleparken 110,7190, Billund,611456 ,30-11-2014,Fam. Salg,143,4276,5,1977,
530,Villa,Åhavevej 60,7200, Grindsted,2380000 ,27-11-2014,Alm. Salg,173,13757,6,1972,-10%
530,Villa,Sønderkær 516,7190, Billund,1480000 ,27-11-2014,Alm. Salg,149,9933,5,1979,-1%
530,Villa,Systemvej 33,7190, Billund,1040000 ,26-11-2014,Alm. Salg,123,8455,5,1959,-1%
530,Villa,Skovparken 232,7190, Billund,1950000 ,24-11-2014,Alm. Salg,181,10773,7,1964,
530,Ejerlejlighed,"Banegårdsvej 3B, 2. mf",7200, Grindsted,645000 ,20-11-2014,Andet,61,10574,2,1988,
530,Villa,Søgårdvej 134,7250, Hejnsvig,824500 ,20-11-2014,Fam. Salg,119,6929,6,1942,
530,Villa,Fittingvej 36,6623, Vorbasse,1196000 ,20-11-2014,Alm. Salg,269,4446,5,1907,-2%
530,Villa,Grindstedvej 35,7260, Sønder Omme,535000 ,17-11-2014,Alm. Salg,75,7133,2,1936,-10%
530,Villa,Enevej 1,7200, Grindsted,1120000 ,13-11-2014,Alm. Salg,134,8358,5,1977,-3%
530,Villa,Tingstedet 92,7190, Billund,1923000 ,13-11-2014,Alm. Salg,150,12820,6,1997,1%
530,Rækkehus,Sønderkær 423A,7190, Billund,816397 ,12-11-2014,Auktion,77,10603,3,1986,
530,Villa,Enevej 7,7200, Grindsted,1550000 ,11-11-2014,Alm. Salg,187,8289,7,1978,-8%
530,Rækkehus,Jørgen Glavinds Vej 30,7200, Grindsted,303559 ,09-11-2014,Fam. Salg,71,4275,4,1955,
530,Villa,Lundgårdvej 23,7200, Grindsted,600000 ,09-11-2014,Alm. Salg,151,3974,4,1907,-75%
530,Rækkehus,Rønnebærvej 15,7200, Grindsted,1135000 ,06-11-2014,Alm. Salg,96,11823,4,1967,
530,Villa,Hovedgaden 32C,7190, Billund,1385000 ,06-11-2014,Alm. Salg,140,9893,5,1978,-5%
530,Villa,Bygvænget 4,7200, Grindsted,978000 ,06-11-2014,Alm. Salg,130,7523,4,1964,-2%
530,Rækkehus,Østre Alle 6,7200, Grindsted,750000 ,04-11-2014,Alm. Salg,80,9375,2,1937,-16%
530,Rækkehus,Grønningen 28,7190, Billund,850000 ,03-11-2014,Fam. Salg,71,11972,2,1988,
530,Villa,Amtsvejen 14A,7200, Grindsted,200000 ,03-11-2014,Alm. Salg,117,1709,4,2016,
530,Ejerlejlighed,"Banegårdsvej 19, 1",7200, Grindsted,695000 ,02-11-2014,Alm. Salg,62,11210,2,1987,
530,Villa,Ribersvej 136,7200, Grindsted,467500 ,02-11-2014,Fam. Salg,153,3056,6,1979,
530,Villa,Dalsøvej 143,7200, Grindsted,900000 ,02-11-2014,Alm. Salg,159,5660,5,1995,-8%
530,Villa,Åhavevej 62,7200, Grindsted,2200000 ,30-10-2014,Alm. Salg,199,11055,7,1972,-8%
530,Villa,Grindstedvej 32,7260, Sønder Omme,770000 ,28-10-2014,Alm. Salg,110,7000,2,1955,-3%
530,Villa,Rugvænget 6,7200, Grindsted,1050000 ,28-10-2014,Alm. Salg,126,8333,5,1963,
530,Villa,Åhavevej 40,7200, Grindsted,1700000 ,28-10-2014,Alm. Salg,158,10759,4,1972,1%
530,Villa,Amtsvejen 21,7200, Grindsted,995000 ,28-10-2014,Alm. Salg,250,3980,9,1917,
530,Villa,Nebelvej 23,6623, Vorbasse,1050000 ,25-10-2014,Fam. Salg,161,6522,6,1967,
530,Ejerlejlighed,"Banegårdsvej 3B, 1. tv",7200, Grindsted,625000 ,23-10-2014,Alm. Salg,71,8803,2,1988,
530,Villa,Anemonevej 21,7200, Grindsted,995000 ,23-10-2014,Alm. Salg,126,7897,5,1962,
530,Villa,Tingstedet 54,7190, Billund,1525000 ,21-10-2014,Alm. Salg,137,11131,6,1995,
530,Villa,Stenhøjvej 5,7250, Hejnsvig,450000 ,21-10-2014,Fam. Salg,100,4500,4,1971,
530,Rækkehus,Nørregade 26D,7200, Grindsted,600000 ,20-10-2014,Andet,95,6316,4,1986,
530,Villa,Daltoften 10,7200, Grindsted,1275000 ,20-10-2014,Alm. Salg,127,10039,4,1981,
530,Villa,Flintemarken 73,7190, Billund,1700000 ,19-10-2014,Alm. Salg,144,11806,5,1991,
530,Villa,Finlandsvej 14,7200, Grindsted,850000 ,16-10-2014,Alm. Salg,187,4545,5,1969,
530,Villa,Primulavej 21,7200, Grindsted,1575000 ,16-10-2014,Alm. Salg,141,11170,5,1968,-1%
530,Rækkehus,Jørgen Glavinds Vej 32,7200, Grindsted,825000 ,15-10-2014,Alm. Salg,112,7366,4,1955,-5%
530,Villa,Nørrevej 16,7200, Grindsted,275000 ,14-10-2014,Alm. Salg,100,2750,4,1941,
530,Villa,Parkvej 17,6623, Vorbasse,1700000 ,13-10-2014,Alm. Salg,203,8374,8,1977,-3%
530,Villa,Søndervold 317,7200, Grindsted,714647 ,11-10-2014,Fam. Salg,176,4060,6,1994,
530,Villa,Simmelbrovej 25,7200, Grindsted,525000 ,09-10-2014,Alm. Salg,133,3947,5,1932,
530,Ejerlejlighed,"Grønningen 17, 2. tv",7200, Grindsted,545000 ,08-10-2014,Alm. Salg,88,6193,3,1968,-10%
530,Villa,Storegade 30,7200, Grindsted,930000 ,08-10-2014,Auktion,188,4947,5,1922,
530,Villa,Toften 27,7190, Billund,920000 ,07-10-2014,Alm. Salg,150,6133,6,1966,-5%
530,Villa,Blichersvej 10,7200, Grindsted,485484 ,07-10-2014,Alm. Salg,124,3915,4,1941,-51%
530,Villa,Lillevang 36,7190, Billund,1000000 ,06-10-2014,Andet,204,4902,8,2007,
530,Villa,Rødsøvej 5,7200, Grindsted,1087500 ,06-10-2014,Alm. Salg,154,7062,5,1978,-9%
530,Villa,Mølleparken 328,7190, Billund,1235000 ,06-10-2014,Alm. Salg,134,9216,4,1981,-5%
530,Villa,Lillevang 17,7190, Billund,1942500 ,04-10-2014,Alm. Salg,155,12532,6,2001,-4%
530,Villa,Tingstedet 66,7190, Billund,1400000 ,02-10-2014,Alm. Salg,142,9859,6,1997,
530,Villa,Tårngade 11,6623, Vorbasse,520000 ,01-10-2014,Alm. Salg,108,4815,3,1943,-5%
530,Villa,Søndergaardsvej 8,7200, Grindsted,865000 ,01-10-2014,Alm. Salg,140,6179,5,1951,
530,Villa,Vestre Boulevard 46,7200, Grindsted,825000 ,30-09-2014,Alm. Salg,170,4853,6,1960,-13%
530,Villa,Lindevej 3,7200, Grindsted,595000 ,29-09-2014,Alm. Salg,81,7346,3,1961,
530,Villa,Sjælsøvej 1,7200, Grindsted,1240000 ,28-09-2014,Alm. Salg,158,7848,5,1974,-4%
530,Villa,Grønvang 10,7260, Sønder Omme,1150000 ,25-09-2014,Alm. Salg,161,7143,5,1956,-11%
530,Villa,Tingstedet 27,7190, Billund,1950000 ,25-09-2014,Alm. Salg,167,11677,7,1997,
530,Villa,Bekkasinvej 2,7200, Grindsted,650000 ,24-09-2014,Alm. Salg,111,5856,3,1960,-16%
530,Villa,Dalbo 19,7200, Grindsted,615000 ,22-09-2014,Fam. Salg,145,4241,5,1978,
530,Villa,Drivvejen 8,6623, Vorbasse,1270000 ,22-09-2014,Alm. Salg,125,10160,5,1977,-2%
530,Villa,Almstokvej 29,6623, Vorbasse,970000 ,21-09-2014,Alm. Salg,148,6554,5,1936,-3%
530,Villa,Bogholdervej 6,6623, Vorbasse,100000 ,20-09-2014,Alm. Salg,102,980,3,1934,
530,Villa,Plougslundvej 155,7190, Billund,1621000 ,18-09-2014,Alm. Salg,184,8810,5,1973,
530,Villa,Søndermarksvej 3,7200, Grindsted,350000 ,18-09-2014,Alm. Salg,235,1489,6,2017,
530,Villa,Sønderkær 361,7190, Billund,1200000 ,17-09-2014,Alm. Salg,168,7143,6,1984,
530,Villa,Jyllandsgade 11,7200, Grindsted,1400000 ,16-09-2014,Alm. Salg,97,14433,4,1950,-3%
530,Villa,Grønvang 21,7260, Sønder Omme,700000 ,15-09-2014,Alm. Salg,125,5600,4,1972,-5%
530,Villa,Solbakken 3,7260, Sønder Omme,71000 ,14-09-2014,Alm. Salg,150,473,5,2021,
530,Villa,Østervænget 52,6623, Vorbasse,316696 ,14-09-2014,Alm. Salg,184,1721,7,1987,
530,Villa,Ådalen 5,7200, Grindsted,1450000 ,14-09-2014,Alm. Salg,165,8788,6,1963,-9%
530,Villa,Finlandsvej 9,7200, Grindsted,1390000 ,11-09-2014,Alm. Salg,173,8035,5,1969,-7%
530,Villa,Stationsvej 29,7200, Grindsted,391000 ,10-09-2014,Alm. Salg,108,3620,4,1965,
530,Villa,Nollund Kirkevej 11,7200, Grindsted,1235000 ,10-09-2014,Alm. Salg,135,9148,5,1960,-8%
530,Villa,Søgårdvej 20,7250, Hejnsvig,1000000 ,05-09-2014,Alm. Salg,186,5376,6,1972,-5%
530,Villa,Daugårdvej 40,7250, Hejnsvig,322710 ,05-09-2014,Alm. Salg,143,2257,6,1947,
530,Villa,Hyldestien 74,7190, Billund,720000 ,31-08-2014,Fam. Salg,72,10000,3,2008,
530,Villa,Ølgodvej 55,7200, Grindsted,400000 ,31-08-2014,Alm. Salg,171,2339,6,1944,-40%
530,Villa,Færøvej 5,7200, Grindsted,935000 ,29-08-2014,Alm. Salg,152,6151,5,1970,-6%
530,Villa,Søndermarksvej 204,7190, Billund,1525000 ,29-08-2014,Alm. Salg,204,7475,8,1975,-10%
530,Villa,Toften 69,7190, Billund,1755000 ,28-08-2014,Alm. Salg,194,9046,7,1968,-2%
530,Villa,Dalbo 26,7200, Grindsted,630931 ,26-08-2014,Alm. Salg,112,5633,4,1978,
530,Villa,Tårnvej 5,7200, Grindsted,250000 ,26-08-2014,Alm. Salg,100,2500,4,1919,
530,Villa,Engvangen 20,7200, Grindsted,1200000 ,26-08-2014,Alm. Salg,162,7407,5,1976,-4%
530,Villa,Stationsvej 3,7200, Grindsted,475000 ,26-08-2014,Alm. Salg,86,5523,3,1951,-4%
530,Villa,Fyrrevænget 212,7190, Billund,1350000 ,20-08-2014,Alm. Salg,160,8438,6,1970,-3%
530,Villa,Sønderkær 222,7190, Billund,1240000 ,20-08-2014,Alm. Salg,145,8552,5,1979,-4%
530,Villa,Østervænget 68,6623, Vorbasse,314500 ,19-08-2014,Fam. Salg,118,2665,4,1980,
530,Villa,Nørre Alle 18,7200, Grindsted,1590000 ,19-08-2014,Alm. Salg,115,13826,5,1938,-3%
530,Villa,Stilbjergvej 1,7190, Billund,1200000 ,19-08-2014,Fam. Salg,176,6818,6,1965,
530,Villa,Jyllandsgade 26,7200, Grindsted,850000 ,17-08-2014,Fam. Salg,129,6589,4,1959,
530,Villa,Engvangen 5,7200, Grindsted,925000 ,15-08-2014,Fam. Salg,159,5818,6,1985,
530,Rækkehus,Sønderkær 337,7190, Billund,940000 ,12-08-2014,Alm. Salg,80,11750,4,1985,-6%
530,Villa,Tyttebærvej 16,7200, Grindsted,985000 ,12-08-2014,Alm. Salg,127,7756,4,1965,-1%
530,Villa,Primulavej 27,7200, Grindsted,1537500 ,12-08-2014,Alm. Salg,166,9262,6,1964,-2%
530,Villa,Søndergade 15,6623, Vorbasse,530000 ,07-08-2014,Alm. Salg,91,5824,4,1954,-12%
530,Villa,Østre Alle 2,7200, Grindsted,435000 ,03-08-2014,Alm. Salg,103,4223,4,1935,-8%
530,Villa,Fittingvej 36,6623, Vorbasse,686803 ,03-08-2014,Fam. Salg,269,2553,5,1907,
530,Villa,Ahornvej 14,7200, Grindsted,925000 ,24-07-2014,Alm. Salg,153,6046,6,1966,
530,Villa,Læsøvej 11,7200, Grindsted,850000 ,24-07-2014,Alm. Salg,108,7870,4,1969,-15%
530,Villa,Ahornvej 21,7200, Grindsted,900000 ,23-07-2014,Alm. Salg,123,7317,5,1964,-10%
530,Rækkehus,Sønderkær 425A,7190, Billund,920000 ,22-07-2014,Alm. Salg,77,11948,3,1986,-3%
530,Villa,Tranebærvej 20,7200, Grindsted,1295000 ,19-07-2014,Alm. Salg,160,8094,6,1966,
530,Villa,Engsøparken 51,7200, Grindsted,1013720 ,19-07-2014,Alm. Salg,145,6991,5,2005,
530,Villa,Egebjerg Landevej 72,7250, Hejnsvig,390000 ,18-07-2014,Alm. Salg,96,4063,4,1962,-13%
530,Villa,Rømøvej 7,7200, Grindsted,1022500 ,14-07-2014,Alm. Salg,116,8815,4,1969,-2%
530,Villa,Lillevang 43,7190, Billund,2515000 ,13-07-2014,Alm. Salg,169,14882,5,2005,-7%
530,Villa,Flintemarken 65,7190, Billund,1260000 ,13-07-2014,Alm. Salg,130,9692,5,1988,-3%
530,Villa,Ole Kirks Vej 17,7190, Billund,600000 ,09-07-2014,Alm. Salg,62,9677,3,1954,
530,Villa,Sorgenfrivej 7,6623, Vorbasse,650000 ,09-07-2014,Alm. Salg,216,3009,6,2015,-6%
530,Villa,Kirkehusvej 30,7200, Grindsted,120000 ,07-07-2014,Alm. Salg,170,706,6,2023,
530,Rækkehus,Sønderkær 453,7190, Billund,1100000 ,06-07-2014,Alm. Salg,135,8148,5,1983,-8%
530,Ejerlejlighed,"Nørre Torv 8, 5. 1",7200, Grindsted,2570000 ,06-07-2014,Alm. Salg,157,16369,3,2014,
530,Villa,Åhavevej 40,7200, Grindsted,1575000 ,06-07-2014,Alm. Salg,158,9968,4,1972,-6%
530,Ejerlejlighed,"Grønningen 17, 2. tv",7200, Grindsted,510000 ,03-07-2014,Alm. Salg,88,5795,3,1968,
530,Ejerlejlighed,"Nørre Torv 8, 1. 1",7200, Grindsted,2320000 ,03-07-2014,Alm. Salg,157,14777,3,2014,
530,Villa,Skovparken 224B,7190, Billund,1314000 ,02-07-2014,Alm. Salg,236,5568,10,1966,-12%
530,Villa,Bækkevej 2,6623, Vorbasse,1150000 ,01-07-2014,Alm. Salg,130,8846,3,1936,
530,Villa,Julsøvej 10,7200, Grindsted,830000 ,01-07-2014,Alm. Salg,157,5287,5,1974,-24%
530,Villa,Kærvej 129,7190, Billund,875000 ,01-07-2014,Alm. Salg,117,7479,4,1973,-12%
530,Villa,Ribersvej 34,7200, Grindsted,1625000 ,01-07-2014,Alm. Salg,171,9503,6,1978,-3%
530,Villa,Blåbærvej 8,7200, Grindsted,1075000 ,01-07-2014,Alm. Salg,146,7363,6,1967,
530,Villa,Lillevang 47,7190, Billund,2100000 ,30-06-2014,Alm. Salg,184,11413,6,2003,-4%
530,Villa,Glentevej 19,7200, Grindsted,650000 ,30-06-2014,Alm. Salg,122,5328,4,1959,-13%
530,Villa,Tingstedet 70,7190, Billund,1320000 ,29-06-2014,Alm. Salg,126,10476,5,1997,-2%
530,Villa,Skovparken 218A,7190, Billund,2400000 ,29-06-2014,Alm. Salg,159,15094,5,1997,
530,Villa,Toften 25,7200, Grindsted,199000 ,29-06-2014,Auktion,122,1631,4,1977,
530,Villa,Mølleparken 122,7190, Billund,1800000 ,27-06-2014,Alm. Salg,151,11921,5,1977,
530,Villa,Ahornvej 24,7200, Grindsted,750000 ,26-06-2014,Alm. Salg,140,5357,6,1965,-11%
530,Villa,Vesterbrogade 15,7200, Grindsted,1075000 ,25-06-2014,Alm. Salg,162,6636,9,1918,-10%
530,Villa,Hovborgvej 8,6623, Vorbasse,385500 ,25-06-2014,Fam. Salg,163,2365,4,1981,
530,Rækkehus,Lysningen 40,7190, Billund,1095000 ,23-06-2014,Alm. Salg,95,11526,4,1986,-3%
530,Rækkehus,Sønderkær 467,7190, Billund,1045000 ,22-06-2014,Alm. Salg,82,12744,3,1982,-5%
530,Villa,Østervænget 60,6623, Vorbasse,745000 ,18-06-2014,Alm. Salg,125,5960,4,1981,-17%
530,Villa,Skjoldbjergvej 6B,6623, Vorbasse,750000 ,17-06-2014,Alm. Salg,123,6098,5,1988,-6%
530,Villa,Søllingdalvej 64,7250, Hejnsvig,531960 ,16-06-2014,Alm. Salg,157,3388,5,1976,
530,Rækkehus,Søndre Boulevard 387,7200, Grindsted,970000 ,12-06-2014,Alm. Salg,94,10319,3,1986,-3%
530,Rækkehus,Dalsvinget 18B,7200, Grindsted,775000 ,10-06-2014,Alm. Salg,102,7598,4,1978,-9%
530,Villa,Vestre Boulevard 48,7200, Grindsted,1061000 ,10-06-2014,Alm. Salg,116,9147,4,1961,-3%
530,Villa,Fyrrevænget 413,7190, Billund,965000 ,10-06-2014,Alm. Salg,285,3386,8,1971,
530,Villa,Morsbøl Søvej 114,7200, Grindsted,373280 ,10-06-2014,Alm. Salg,199,1876,6,2015,
530,Villa,Sydtoften 163,7200, Grindsted,1275000 ,09-06-2014,Alm. Salg,145,8793,6,1985,
530,Villa,Mølleparken 101,7190, Billund,1195000 ,09-06-2014,Alm. Salg,127,9409,5,1976,
530,Villa,Æblevej 6,7250, Hejnsvig,1240000 ,08-06-2014,Alm. Salg,138,8986,5,1980,-4%
530,Villa,Bøgelunden 5,7250, Hejnsvig,105000 ,07-06-2014,Alm. Salg,91,1154,6,1930,-16%
530,Villa,Lillevang 29,7190, Billund,2100000 ,05-06-2014,Alm. Salg,161,13043,5,2008,-4%
530,Villa,Markskellet 110,7190, Billund,1500000 ,02-06-2014,Alm. Salg,167,8982,6,1987,-6%
530,Villa,Stenvej 18,7200, Grindsted,760000 ,02-06-2014,Alm. Salg,76,10000,3,1959,-2%
530,Villa,Sønderkær 152,7190, Billund,1410000 ,02-06-2014,Alm. Salg,141,10000,5,1977,-2%
530,Villa,Markskellet 5,7190, Billund,1395000 ,02-06-2014,Alm. Salg,108,12917,4,1998,
530,Villa,Søgårdparken 9,7250, Hejnsvig,1375478 ,02-06-2014,Alm. Salg,188,7316,6,2013,
530,Villa,Prærien 21,7200, Grindsted,1540000 ,27-05-2014,Alm. Salg,177,8701,5,1980,-2%
530,Villa,Høstvej 1,7250, Hejnsvig,432615 ,24-05-2014,Andet,134,3228,6,1967,
530,Villa,Norgesvej 5,7200, Grindsted,895000 ,20-05-2014,Alm. Salg,146,6130,6,1969,
530,Rækkehus,Grønningen 12B,7190, Billund,1115000 ,18-05-2014,Alm. Salg,103,10825,3,1987,
530,Villa,Blåbærvej 2,7200, Grindsted,1330000 ,18-05-2014,Alm. Salg,172,7733,6,1967,-11%
530,Rækkehus,Søndervold 8,7200, Grindsted,1160000 ,14-05-2014,Alm. Salg,96,12083,4,1992,-3%
530,Villa,Præstevænget 1,6623, Vorbasse,325000 ,14-05-2014,Alm. Salg,131,2481,4,1927,
530,Villa,Tårngade 20,6623, Vorbasse,139000 ,14-05-2014,Auktion,151,921,6,1929,-71%
530,Villa,Lillevang 44,7190, Billund,2400000 ,13-05-2014,Alm. Salg,170,14118,5,2007,
530,Villa,Hedegårdsvej 6,7190, Billund,1550000 ,11-05-2014,Alm. Salg,142,10915,6,1999,-3%
530,Villa,Tranevej 18,7200, Grindsted,950000 ,07-05-2014,Alm. Salg,137,6934,5,1976,-5%
530,Villa,Systemvej 11,7190, Billund,775000 ,06-05-2014,Alm. Salg,91,8516,3,1947,-22%
530,Rækkehus,Nørager 30,7260, Sønder Omme,596599 ,05-05-2014,Alm. Salg,86,6937,2,1980,
530,Villa,Glentevej 29,7200, Grindsted,550000 ,04-05-2014,Alm. Salg,109,5046,5,1959,-8%
530,Villa,Vejlevej 71,7260, Sønder Omme,260000 ,04-05-2014,Fam. Salg,60,4333,3,1951,
530,Villa,Kærvej 405,7190, Billund,750000 ,04-05-2014,Fam. Salg,215,3488,8,1973,
530,Villa,Søndervold 152,7200, Grindsted,1418600 ,02-05-2014,Andet,183,7752,7,1999,
530,Villa,Sommers Alle 4,7200, Grindsted,895000 ,30-04-2014,Alm. Salg,131,6832,5,1948,
530,Villa,Kærvej 311,7190, Billund,1425000 ,29-04-2014,Alm. Salg,203,7020,8,1973,-5%
530,Villa,Rugbjergvej 27,7250, Hejnsvig,160000 ,29-04-2014,Alm. Salg,79,2025,3,1940,-73%
530,Villa,Sønderkær 283,7190, Billund,1065000 ,28-04-2014,Alm. Salg,130,8192,5,1978,-7%
530,Villa,Stenvej 15,7200, Grindsted,550000 ,28-04-2014,Alm. Salg,158,3481,5,2018,
530,Villa,Nebelvej 12,6623, Vorbasse,1050000 ,28-04-2014,Fam. Salg,109,9633,5,1996,
530,Villa,Morsbølvej 45,7200, Grindsted,430000 ,27-04-2014,Alm. Salg,180,2389,6,2017,
530,Villa,Lillevang 62,7190, Billund,2800000 ,24-04-2014,Alm. Salg,186,15054,6,2008,-7%
530,Villa,Sønderkær 169,7190, Billund,1350000 ,23-04-2014,Alm. Salg,143,9441,5,1977,-10%
530,Villa,Sommers Alle 3,7200, Grindsted,925000 ,22-04-2014,Alm. Salg,142,6514,5,1967,-8%
530,Villa,Fasanvej 17,7190, Billund,995000 ,21-04-2014,Alm. Salg,117,8504,4,1962,
530,Villa,Sommers Alle 6,7200, Grindsted,600000 ,15-04-2014,Alm. Salg,94,6383,5,1942,-14%
530,Villa,Nymarksvej 13,7200, Grindsted,2800000 ,15-04-2014,Fam. Salg,188,14894,7,1969,
530,Villa,Søvangvej 9,7200, Grindsted,332400 ,14-04-2014,Fam. Salg,272,1222,6,2016,
530,Villa,Samsøvej 10,7200, Grindsted,1350000 ,13-04-2014,Alm. Salg,179,6750,8,1970,
530,Villa,Toften 16,7190, Billund,1950000 ,10-04-2014,Alm. Salg,181,10773,8,1966,
530,Villa,Hasselvej 6,7260, Sønder Omme,440000 ,07-04-2014,Alm. Salg,120,3667,6,1968,-26%
530,Villa,Hørlycks Alle 18,7200, Grindsted,2200000 ,06-04-2014,Alm. Salg,142,15493,4,1997,-6%
530,Villa,Morsbølvej 11,7200, Grindsted,340160 ,02-04-2014,Alm. Salg,186,1829,5,2015,
530,Villa,Tranevej 16,7200, Grindsted,1580000 ,01-04-2014,Alm. Salg,187,8449,8,1976,-6%
530,Villa,Lillevang 99,7190, Billund,2325000 ,31-03-2014,Alm. Salg,158,14715,4,2007,-3%
530,Ejerlejlighed,"Grønningen 17, 1. th",7200, Grindsted,650000 ,26-03-2014,Alm. Salg,88,7386,3,1968,
530,Villa,Søndervold 234,7200, Grindsted,2200000 ,25-03-2014,Alm. Salg,156,14103,5,1997,-4%
530,Villa,Skovparken 408,7190, Billund,1150000 ,24-03-2014,Alm. Salg,175,6571,6,1967,-4%
530,Villa,Egevangen 8,7200, Grindsted,655000 ,22-03-2014,Alm. Salg,88,7443,3,1960,-6%
530,Villa,Flintemarken 61,7190, Billund,1875000 ,20-03-2014,Alm. Salg,148,12669,5,1988,
530,Villa,Vandmosevej 4,7250, Hejnsvig,607000 ,19-03-2014,Alm. Salg,144,4215,5,1969,
530,Villa,Gammel Vejlevej 38,7200, Grindsted,750000 ,19-03-2014,Alm. Salg,99,7576,5,1922,-3%
530,Villa,Lillevang 101,7190, Billund,325000 ,18-03-2014,Alm. Salg,165,1970,6,2014,
530,Villa,Farvergade 3,7260, Sønder Omme,290000 ,15-03-2014,Alm. Salg,72,4028,3,1954,-16%
530,Villa,Åbrinken 12,7200, Grindsted,570000 ,10-03-2014,Alm. Salg,108,5278,3,1969,-9%
530,Villa,Mølleparken 147,7190, Billund,1010000 ,10-03-2014,Alm. Salg,124,8145,4,1976,-8%
530,Villa,Amtsvejen 7,7200, Grindsted,327250 ,10-03-2014,Fam. Salg,152,2153,6,1955,
530,Villa,Lillevang 96,7190, Billund,376000 ,09-03-2014,Alm. Salg,215,1749,6,2016,
530,Villa,Samsøvej 10,7200, Grindsted,1150000 ,06-03-2014,Alm. Salg,179,5750,8,1970,
530,Villa,Hasselvej 2,7260, Sønder Omme,280000 ,06-03-2014,Alm. Salg,96,2917,3,1967,-20%
530,Villa,Fynsgade 64,7200, Grindsted,900000 ,06-03-2014,Alm. Salg,123,7317,4,1959,-10%
530,Villa,Prærien 19,7200, Grindsted,1695000 ,05-03-2014,Alm. Salg,184,9212,7,1987,
530,Villa,Ole Kirks Vej 17,7190, Billund,500000 ,04-03-2014,Alm. Salg,62,8065,3,1954,-8%
530,Villa,Sønderkær 275,7190, Billund,1200000 ,03-03-2014,Alm. Salg,138,8696,5,1979,-6%
530,Villa,Sjællandsgade 14,7200, Grindsted,700000 ,02-03-2014,Alm. Salg,138,5072,5,1955,-10%
530,Villa,Søllingdalvej 72,7250, Hejnsvig,750000 ,27-02-2014,Alm. Salg,143,5245,5,1977,-16%
530,Villa,Jyllandsgade 22,7200, Grindsted,1550000 ,27-02-2014,Alm. Salg,139,11151,5,1985,-9%
530,Villa,Skovparken 224B,7190, Billund,1600000 ,26-02-2014,Alm. Salg,236,6780,10,1966,-16%
530,Villa,Søllingdalvej 32,7250, Hejnsvig,825000 ,26-02-2014,Alm. Salg,146,5651,4,1979,-8%
530,Villa,Dalsvinget 27,7200, Grindsted,1040000 ,25-02-2014,Alm. Salg,144,7222,5,1976,-5%
530,Villa,Egeparken 24,7260, Sønder Omme,750000 ,24-02-2014,Andet,179,4190,6,1998,-53%
530,Villa,Morsbøl Søvej 110,7200, Grindsted,356000 ,24-02-2014,Alm. Salg,169,2107,5,2015,
530,Villa,Ådalen 9,7200, Grindsted,1475000 ,23-02-2014,Alm. Salg,143,10315,5,1960,-8%
530,Villa,Holdgårdsvej 8,7260, Sønder Omme,1025000 ,23-02-2014,Alm. Salg,146,7021,5,1972,-6%
530,Villa,Filsøvej 1,7200, Grindsted,940000 ,20-02-2014,Alm. Salg,121,7769,5,1973,-14%
530,Villa,Dalsøvej 137,7200, Grindsted,300000 ,20-02-2014,Alm. Salg,145,2069,4,2015,
530,Villa,Glentevej 20,7200, Grindsted,645000 ,17-02-2014,Alm. Salg,128,5039,4,1960,-7%
530,Villa,Sydtoften 67,7200, Grindsted,1420000 ,17-02-2014,Alm. Salg,140,10143,4,1984,-2%
530,Villa,Grindstedvej 76,7260, Sønder Omme,325000 ,14-02-2014,Alm. Salg,104,3125,3,1964,
530,Villa,Lyngvang 5,7260, Sønder Omme,1108382 ,11-02-2014,Fam. Salg,144,7697,5,1973,
530,Villa,Postgade 14,7200, Grindsted,635000 ,11-02-2014,Alm. Salg,102,6225,3,1923,-12%
530,Villa,Rogusavej 3,7250, Hejnsvig,477550 ,07-02-2014,Alm. Salg,148,3227,6,1964,
530,Villa,Solsortvej 1A,7190, Billund,645000 ,06-02-2014,Alm. Salg,95,6789,3,1957,-7%
530,Villa,Hovedgaden 58,7190, Billund,995000 ,06-02-2014,Alm. Salg,108,9213,5,1950,
530,Villa,Holdgårdsvej 13,7260, Sønder Omme,300000 ,06-02-2014,Alm. Salg,89,3371,3,1958,
530,Rækkehus,Sydtoften 151,7200, Grindsted,1225000 ,05-02-2014,Alm. Salg,105,11667,4,1984,-4%
530,Villa,Toften 22,7190, Billund,660000 ,05-02-2014,Auktion,117,5641,4,1967,
530,Villa,Nørrevej 10,7200, Grindsted,439000 ,04-02-2014,Andet,124,3540,5,1939,
530,Villa,Mølleparken 222,7190, Billund,1320000 ,04-02-2014,Alm. Salg,152,8684,6,1975,-2%
530,Ejerlejlighed,"Grønningen 9, 1. tv",7200, Grindsted,610000 ,02-02-2014,Alm. Salg,88,6932,3,1967,
530,Villa,Sønderkær 152,7190, Billund,1445000 ,02-02-2014,Alm. Salg,141,10248,5,1977,
530,Villa,Engsøvænget 14,7200, Grindsted,875000 ,02-02-2014,Alm. Salg,183,4781,5,2014,
530,Villa,Rosenvej 9,7200, Grindsted,1025000 ,31-01-2014,Alm. Salg,151,6788,5,1977,-5%
530,Villa,Bygvænget 22,7200, Grindsted,725000 ,30-01-2014,Alm. Salg,108,6713,4,1964,-9%
530,Ejerlejlighed,"Vestre Boulevard 11B, st",7200, Grindsted,1100000 ,29-01-2014,Alm. Salg,164,6707,4,2007,
530,Villa,Nørregade 25,6623, Vorbasse,800000 ,29-01-2014,Alm. Salg,165,4848,6,1946,-20%
530,Villa,Birkebæk Alle 13,7260, Sønder Omme,635000 ,27-01-2014,Alm. Salg,165,3848,4,1963,-9%
530,Villa,Ølandsvej 2,7200, Grindsted,1225000 ,23-01-2014,Alm. Salg,133,9211,5,1971,-5%
530,Villa,Tingstedet 53,7190, Billund,1685000 ,22-01-2014,Alm. Salg,176,9574,7,1997,-4%
530,Villa,Hovedgaden 56,7190, Billund,481000 ,22-01-2014,Auktion,155,3103,5,1949,
530,Villa,Vibes Alle 17,7200, Grindsted,975000 ,22-01-2014,Alm. Salg,94,10372,3,1939,-2%
530,Villa,Bredgade 3,7250, Hejnsvig,230000 ,22-01-2014,Auktion,201,1144,6,1872,
530,Ejerlejlighed,"Nørre Torv 8, 1. 2",7200, Grindsted,2550000 ,20-01-2014,Alm. Salg,158,16139,4,2014,10%
530,Villa,Søndervold 168,7200, Grindsted,2350000 ,20-01-2014,Alm. Salg,179,13128,6,2005,
530,Villa,Skjoldbjergvej 62,6623, Vorbasse,600000 ,19-01-2014,Fam. Salg,136,4412,5,1967,
530,Villa,Birksøvej 9,7200, Grindsted,1062500 ,16-01-2014,Alm. Salg,154,6899,5,1973,-11%
530,Villa,Lamborgvej 2,7200, Grindsted,1395000 ,13-01-2014,Alm. Salg,244,5717,6,1920,
530,Villa,Toften 51,7190, Billund,1295000 ,09-01-2014,Alm. Salg,154,8409,5,1970,
530,Rækkehus,Sydtoften 143,7200, Grindsted,1155000 ,06-01-2014,Alm. Salg,86,13430,3,1984,-3%
530,Villa,Ribersvej 212,7200, Grindsted,1200000 ,05-01-2014,Alm. Salg,139,8633,5,1981,-7%
530,Villa,Tårnvej 2,7200, Grindsted,735660 ,03-01-2014,Alm. Salg,140,5255,5,1955,
530,Villa,Sommers Alle 1,7200, Grindsted,705000 ,01-01-2014,Alm. Salg,90,7833,4,1949,-11%
530,Villa,Ribersvej 6,7200, Grindsted,588280 ,01-01-2014,Alm. Salg,182,3232,6,1978,
530,Villa,Sønderkær 159,7190, Billund,759354 ,29-12-2013,Andet,174,4364,5,1977,
530,Villa,Grindstedvej 11,7260, Sønder Omme,155000 ,26-12-2013,Alm. Salg,100,1550,3,1936,-11%
530,Ejerlejlighed,"Grønningen 7, st. th",7200, Grindsted,632500 ,22-12-2013,Alm. Salg,88,7188,3,1967,-9%
530,Villa,Markskellet 54,7190, Billund,1700000 ,22-12-2013,Alm. Salg,154,11039,6,1993,-3%
530,Villa,Vinkelvej 3,7250, Hejnsvig,600000 ,22-12-2013,Alm. Salg,115,5217,4,1961,-14%
530,Villa,Mølleparken 384,7190, Billund,1245000 ,19-12-2013,Alm. Salg,130,9577,5,1980,
530,Villa,Hedegårdsvej 6,7190, Billund,750000 ,17-12-2013,Fam. Salg,142,5282,6,1999,
530,Ejerlejlighed,"Grønningen 23, 2. th",7200, Grindsted,452000 ,16-12-2013,Alm. Salg,52,8692,2,1968,-5%
530,Villa,Ribersvej 194,7200, Grindsted,1400000 ,13-12-2013,Alm. Salg,142,9859,4,1980,
530,Villa,Simmelbrovej 33,7260, Sønder Omme,600000 ,12-12-2013,Alm. Salg,181,3315,8,1840,-33%
530,Villa,Brunbjergvej 7,7190, Billund,900000 ,11-12-2013,Auktion,203,4433,6,1934,-50%
530,Villa,Skovgårdsvej 22,7200, Grindsted,800000 ,10-12-2013,Alm. Salg,228,3509,6,1909,-46%
530,Ejerlejlighed,"Banegårdsvej 29, 1",7200, Grindsted,675000 ,09-12-2013,Alm. Salg,64,10547,2,1987,
530,Villa,Lillevang 102,7190, Billund,1850000 ,07-12-2013,Alm. Salg,162,11420,5,2009,-7%
530,Villa,Hørlycks Alle 16,7200, Grindsted,410000 ,04-12-2013,Auktion,108,3796,5,1937,
530,Villa,Daugårdvej 36,7250, Hejnsvig,1075000 ,03-12-2013,Alm. Salg,176,6108,5,1920,-2%
530,Villa,Sønderkær 410,7190, Billund,1350000 ,01-12-2013,Alm. Salg,144,9375,4,1980,-10%
530,Villa,Syrenvej 9,7200, Grindsted,1250000 ,30-11-2013,Alm. Salg,139,8993,5,1960,
530,Ejerlejlighed,"Grønningen 23, st. tv",7200, Grindsted,590000 ,27-11-2013,Alm. Salg,88,6705,3,1968,-1%
530,Villa,Engebækgårdvej 8,7260, Sønder Omme,495000 ,27-11-2013,Alm. Salg,131,3779,5,1939,
530,Villa,Bøgelunden 4,7250, Hejnsvig,100000 ,27-11-2013,Alm. Salg,134,746,4,1932,
530,Villa,Åhavevej 34,7200, Grindsted,1300000 ,26-11-2013,Alm. Salg,214,6075,8,1973,-18%
530,Villa,Sønderkær 365,7190, Billund,1625000 ,24-11-2013,Alm. Salg,165,9848,5,1984,-7%
530,Villa,Skjoldbjergvej 28,6623, Vorbasse,724893 ,21-11-2013,Alm. Salg,212,3419,7,1953,
530,Villa,Skovparken 224A,7190, Billund,1800000 ,21-11-2013,Alm. Salg,182,9890,5,2016,
530,Villa,Klodhøjvej 14,7250, Hejnsvig,569500 ,20-11-2013,Fam. Salg,122,4668,4,1969,
530,Villa,Bøgevangen 8,7200, Grindsted,1100000 ,19-11-2013,Alm. Salg,185,5946,6,1958,-8%
530,Rækkehus,Lysningen 52,7190, Billund,1035000 ,18-11-2013,Alm. Salg,86,12035,3,1988,-5%
530,Villa,Tingvejen 370,7200, Grindsted,1000001 ,18-11-2013,Alm. Salg,260,3846,8,1968,
530,Villa,Lupinvænget 15,7200, Grindsted,830000 ,17-11-2013,Alm. Salg,98,8469,4,1962,-4%
530,Villa,Abildvej 11,7200, Grindsted,1300000 ,16-11-2013,Alm. Salg,163,7975,5,1972,-4%
530,Villa,Rogusavej 8,7250, Hejnsvig,960000 ,14-11-2013,Alm. Salg,143,6713,4,1973,-4%
530,Villa,Skjoldbjergvej 68,6623, Vorbasse,787084 ,14-11-2013,Fam. Salg,220,3578,9,1915,
530,Villa,Søndermarksvej 415,7190, Billund,830000 ,14-11-2013,Alm. Salg,139,5971,4,1971,-2%
530,Villa,Lillevang 79,7190, Billund,2910000 ,13-11-2013,Alm. Salg,206,14126,7,2009,-3%
530,Villa,Sønderkær 379,7190, Billund,800000 ,04-11-2013,Alm. Salg,143,5594,6,1984,
530,Villa,Vejlevej 3,7260, Sønder Omme,150000 ,03-11-2013,Alm. Salg,149,1007,3,1902,-49%
530,Villa,Morsbøl Søvej 82,7200, Grindsted,337440 ,03-11-2013,Alm. Salg,212,1592,5,2014,
530,Villa,Engsøparken 183,7200, Grindsted,1535309 ,30-10-2013,Alm. Salg,225,6824,5,2007,-49%
530,Villa,Fanøvej 13,7200, Grindsted,725000 ,29-10-2013,Alm. Salg,108,6713,4,1970,-9%
530,Villa,Højene 16,7250, Hejnsvig,605000 ,28-10-2013,Alm. Salg,107,5654,4,1971,-2%
530,Villa,Lillevang 125,7190, Billund,206000 ,27-10-2013,Fam. Salg,232,888,5,2015,
530,Villa,Fuglsøvej 6,7200, Grindsted,1862500 ,26-10-2013,Alm. Salg,180,10347,5,1975,-7%
530,Villa,Sønderkær 408,7190, Billund,1395000 ,25-10-2013,Alm. Salg,136,10257,5,1981,
530,Villa,Langgade 39,7250, Hejnsvig,930000 ,23-10-2013,Fam. Salg,171,5439,7,1978,
530,Villa,Parallelvej 8,7260, Sønder Omme,900000 ,20-10-2013,Fam. Salg,133,6767,4,1971,
530,Villa,Jyllandsgade 22,7200, Grindsted,573750 ,18-10-2013,Andet,139,4128,5,1985,
530,Villa,Svinget 9,7200, Grindsted,548937 ,18-10-2013,Alm. Salg,90,6099,3,1956,
530,Villa,Nollundvej 96,7200, Grindsted,1000000 ,17-10-2013,Alm. Salg,193,5181,6,1979,-9%
530,Villa,Spurvevej 5,7200, Grindsted,750000 ,17-10-2013,Alm. Salg,136,5515,5,1959,-16%
530,Villa,Hybenvej 7,7200, Grindsted,1295000 ,14-10-2013,Alm. Salg,150,8633,5,1967,
530,Villa,Ribersvej 82,7200, Grindsted,1050000 ,13-10-2013,Alm. Salg,145,7241,6,1978,-9%
530,Villa,Vestre Boulevard 48,7200, Grindsted,661000 ,13-10-2013,Alm. Salg,116,5698,4,1961,-17%
530,Villa,Hestkærvej 40,7200, Grindsted,475000 ,13-10-2013,Alm. Salg,109,4358,5,1953,-10%
530,Villa,Engsøparken 139,7200, Grindsted,2067500 ,12-10-2013,Alm. Salg,170,12162,6,2005,-6%
530,Villa,Søndergade 33,6623, Vorbasse,1375000 ,11-10-2013,Alm. Salg,222,6194,6,1947,-1%
530,Villa,Ansager Landevej 23,7200, Grindsted,340000 ,09-10-2013,Andet,128,2656,4,1915,
530,Villa,Nørre Alle 19,7200, Grindsted,325000 ,08-10-2013,Alm. Salg,80,4063,4,1919,-18%
530,Villa,Østervangsvej 1A,7200, Grindsted,3100000 ,08-10-2013,Alm. Salg,229,11742,6,2008,-14%
530,Villa,Kærtoften 4,7200, Grindsted,390000 ,07-10-2013,Alm. Salg,93,4194,4,1963,-12%
530,Villa,Egevej 8,7260, Sønder Omme,500000 ,06-10-2013,Alm. Salg,106,4717,3,1966,-13%
530,Villa,Sønderkær 137,7190, Billund,1545000 ,03-10-2013,Alm. Salg,174,8879,5,1978,-6%
530,Villa,Nørrevej 1,7200, Grindsted,840000 ,02-10-2013,Auktion,231,3636,7,1916,-44%
530,Villa,Dalsøvej 115,7200, Grindsted,533475 ,29-09-2013,Andet,111,4806,4,1979,
530,Villa,Dalsøvej 40,7200, Grindsted,1260000 ,29-09-2013,Alm. Salg,134,9403,5,1975,-5%
530,Villa,Sønderkær 251,7190, Billund,1100000 ,28-09-2013,Alm. Salg,194,5670,7,1980,-53%
530,Villa,Klodhøjvej 11,7250, Hejnsvig,387023 ,28-09-2013,Alm. Salg,78,4962,3,1967,
530,Villa,Farvergade 18,7260, Sønder Omme,230000 ,22-09-2013,Alm. Salg,226,759,7,2020,
530,Ejerlejlighed,"Nørre Torv 8, 2. 1",7200, Grindsted,2345000 ,21-09-2013,Alm. Salg,157,14936,3,2014,
530,Villa,Tingstedet 49,7190, Billund,1825000 ,21-09-2013,Alm. Salg,197,9264,6,1994,-4%
530,Villa,Sønderkær 311,7190, Billund,1750000 ,20-09-2013,Alm. Salg,180,9722,7,1985,-3%
530,Villa,Bredgade 11,7250, Hejnsvig,300000 ,19-09-2013,Alm. Salg,252,1190,8,2019,-33%
530,Villa,Lillevang 97,7190, Billund,1269965 ,19-09-2013,Alm. Salg,251,5060,6,2011,
530,Villa,Elkærskovvej 5,7190, Billund,1975000 ,17-09-2013,Alm. Salg,151,13079,5,1985,-10%
530,Villa,Bredgade 87,7250, Hejnsvig,310000 ,16-09-2013,Alm. Salg,64,4844,2,1955,-7%
530,Ejerlejlighed,"Banegårdsvej 3B, 1. mf",7200, Grindsted,570000 ,12-09-2013,Alm. Salg,65,8769,2,1988,-9%
530,Ejerlejlighed,"Hovedgaden 44B, st",7190, Billund,1250000 ,12-09-2013,Alm. Salg,102,12255,3,2012,-4%
530,Villa,Markskellet 92,7190, Billund,1260000 ,12-09-2013,Alm. Salg,173,7283,6,1988,-3%
530,Villa,Samsøvej 16,7200, Grindsted,1411010 ,11-09-2013,Fam. Salg,178,7927,7,1971,
530,Villa,Højene 14,7250, Hejnsvig,780000 ,10-09-2013,Alm. Salg,137,5693,4,1970,-2%
530,Villa,Bøgevej 6,6623, Vorbasse,1120000 ,09-09-2013,Alm. Salg,150,7467,5,1974,
530,Villa,Gilbjergvej 2,6623, Vorbasse,1600000 ,09-09-2013,Alm. Salg,150,10667,5,1942,
530,Villa,Engebækgårdvej 55,7260, Sønder Omme,300000 ,08-09-2013,Alm. Salg,181,1523,5,1960,
530,Villa,Egevænget 204,7190, Billund,1100000 ,07-09-2013,Fam. Salg,135,8148,5,1973,
530,Villa,Sønderkær 242,7190, Billund,1450000 ,05-09-2013,Alm. Salg,143,10140,4,1978,-3%
530,Villa,Langgade 80,7250, Hejnsvig,1400000 ,05-09-2013,Alm. Salg,219,6393,5,1777,
530,Villa,Enghaven 15,7260, Sønder Omme,340000 ,04-09-2013,Alm. Salg,125,2345,6,1938,-24%
530,Villa,Dalsøvej 191,7200, Grindsted,795000 ,02-09-2013,Alm. Salg,98,8112,4,1987,
530,Villa,Lillevang 102,7190, Billund,1995000 ,02-09-2013,Alm. Salg,162,12315,5,2009,-5%
530,Rækkehus,Søndervold 77,7200, Grindsted,1750000 ,31-08-2013,Alm. Salg,126,13889,4,2003,-4%
530,Villa,Dalsvinget 37,7200, Grindsted,747500 ,31-08-2013,Fam. Salg,152,4918,5,1977,
530,Villa,Kirkegade 14,6623, Vorbasse,660000 ,30-08-2013,Alm. Salg,125,5280,4,1968,
530,Villa,Markskellet 9,7190, Billund,1700000 ,29-08-2013,Alm. Salg,141,12057,5,1994,-5%
530,Villa,Prærien 21,7200, Grindsted,737500 ,26-08-2013,Alm. Salg,177,4167,5,1980,
530,Villa,Lupinvænget 35,7200, Grindsted,1290000 ,25-08-2013,Alm. Salg,125,10320,4,1963,-3%
530,Villa,Møllevænget 11,7190, Billund,995000 ,25-08-2013,Alm. Salg,135,7370,5,1964,
530,Villa,Gammel Bøvlvej 17,7260, Sønder Omme,600000 ,20-08-2013,Alm. Salg,98,6122,4,1990,-14%
530,Villa,Amtsvejen 54,7200, Grindsted,700000 ,18-08-2013,Alm. Salg,150,4667,5,1977,-12%
530,Villa,Postgade 4,7200, Grindsted,725000 ,18-08-2013,Alm. Salg,206,3519,5,1949,
530,Villa,Lærkevang 8,7200, Grindsted,750000 ,17-08-2013,Alm. Salg,127,5906,2,1939,-12%
530,Villa,Rødsøvej 10,7200, Grindsted,688612 ,15-08-2013,Alm. Salg,175,3935,5,1973,
530,Villa,Søllingdalvej 50,7250, Hejnsvig,750000 ,15-08-2013,Alm. Salg,127,5906,5,1977,-6%
530,Villa,Vejlevej 34,7190, Billund,1015000 ,14-08-2013,Auktion,140,7250,6,1957,
530,Villa,Amtsvejen 7,7200, Grindsted,535000 ,14-08-2013,Auktion,152,3520,6,1955,
530,Villa,Klodhøjvej 19,7250, Hejnsvig,314064 ,13-08-2013,Alm. Salg,136,2309,4,1973,
530,Villa,Søndervang 14,7200, Grindsted,1650000 ,11-08-2013,Alm. Salg,158,10443,5,1994,-3%
530,Villa,Markskellet 58,7190, Billund,1396875 ,04-08-2013,Alm. Salg,114,12253,4,1997,4%
530,Rækkehus,Sønderkær 481,7190, Billund,945000 ,01-08-2013,Alm. Salg,77,12273,3,1984,-5%
530,Villa,Bygvænget 9,7200, Grindsted,470578 ,01-08-2013,Alm. Salg,130,3620,4,1962,
530,Villa,Syrenvej 8,7200, Grindsted,825000 ,25-07-2013,Alm. Salg,92,8967,3,1960,-6%
530,Villa,Elkjærhøjevej 3,7190, Billund,2650000 ,23-07-2013,Alm. Salg,194,13660,6,1915,
530,Villa,Jyllandsgade 8,7200, Grindsted,1400000 ,17-07-2013,Alm. Salg,165,8485,5,1962,-6%
530,Villa,Møllevænget 9,7190, Billund,850000 ,16-07-2013,Alm. Salg,117,7265,4,1965,-11%
530,Villa,Flintemarken 71,7190, Billund,2695000 ,16-07-2013,Alm. Salg,237,11371,8,2017,
530,Villa,Lillevang 81,7190, Billund,1244555 ,11-07-2013,Andet,200,6223,5,2007,
530,Villa,Morsbølvej 21,7200, Grindsted,284000 ,11-07-2013,Alm. Salg,184,1543,5,2014,
530,Villa,Møbjergvej 33,7260, Sønder Omme,975000 ,08-07-2013,Alm. Salg,138,7065,5,1902,
530,Villa,Elmelunden 108,7190, Billund,468765 ,06-07-2013,Fam. Salg,121,3874,4,1964,
530,Rækkehus,Søndre Boulevard 391,7200, Grindsted,865000 ,03-07-2013,Alm. Salg,81,10679,3,1986,-1%
530,Rækkehus,Søndre Boulevard 371,7200, Grindsted,825000 ,01-07-2013,Alm. Salg,83,9940,3,1987,-3%
530,Villa,Løvlundvej 27,7190, Billund,1000000 ,30-06-2013,Alm. Salg,136,7353,4,1966,-9%
530,Villa,Bredgade 83,7250, Hejnsvig,620000 ,28-06-2013,Alm. Salg,95,6526,3,1946,-4%
530,Villa,Lupinvænget 12,7200, Grindsted,760000 ,27-06-2013,Alm. Salg,84,9048,3,1964,-4%
530,Villa,Langgade 80,7250, Hejnsvig,150000 ,25-06-2013,Alm. Salg,219,685,5,1777,
530,Villa,Ølgodvej 44,7200, Grindsted,227074 ,24-06-2013,Alm. Salg,132,1720,5,1961,
530,Villa,Lillevang 106,7190, Billund,312000 ,24-06-2013,Alm. Salg,194,1608,6,2014,
530,Villa,Smedegade 11,7260, Sønder Omme,600000 ,23-06-2013,Alm. Salg,114,5263,4,1973,-14%
530,Villa,Sønderkær 145,7190, Billund,1595000 ,18-06-2013,Alm. Salg,168,9494,5,1977,
530,Villa,Tingstedet 69,7190, Billund,1600000 ,16-06-2013,Alm. Salg,199,8040,6,1996,-6%
530,Villa,Dalbo 12,7200, Grindsted,416382 ,12-06-2013,Andet,149,2795,5,1978,
530,Villa,Nørager 12,7260, Sønder Omme,575000 ,11-06-2013,Alm. Salg,152,3783,6,1981,
530,Villa,Læsøvej 10,7200, Grindsted,945000 ,09-06-2013,Alm. Salg,177,5339,7,1969,-10%
530,Villa,Tjørnevej 2,7200, Grindsted,875000 ,09-06-2013,Alm. Salg,123,7114,4,1964,-12%
530,Rækkehus,Tårngade 22,6623, Vorbasse,650000 ,07-06-2013,Fam. Salg,111,5856,3,1929,
530,Villa,Mossøvej 3,7200, Grindsted,1020000 ,07-06-2013,Alm. Salg,171,5965,6,1974,
530,Villa,Vestergade 91,7200, Grindsted,1450000 ,05-06-2013,Alm. Salg,164,8841,6,1947,-3%
530,Villa,Kølskevadvej 6,7200, Grindsted,2900000 ,04-06-2013,Alm. Salg,212,13679,4,1981,-3%
530,Villa,Sønderkær 154,7190, Billund,1565000 ,03-06-2013,Alm. Salg,150,10433,5,1976,1%
530,Villa,Aakjærsvej 13,7200, Grindsted,865000 ,03-06-2013,Andet,105,8238,5,1950,
530,Villa,Parkvej 23,6623, Vorbasse,750000 ,02-06-2013,Alm. Salg,107,7009,3,2000,-6%
530,Villa,Juellingsholmsvej 25,7200, Grindsted,533217 ,30-05-2013,Alm. Salg,228,2339,8,1950,
530,Villa,Solsortvej 2,7190, Billund,775000 ,30-05-2013,Alm. Salg,109,7110,4,1961,-12%
530,Rækkehus,Markskellet 33,7190, Billund,950000 ,29-05-2013,Alm. Salg,81,11728,3,1988,-5%
530,Villa,Købmandsvej 2,6623, Vorbasse,970000 ,29-05-2013,Alm. Salg,141,6879,5,1995,-3%
530,Villa,Langgade 80,7250, Hejnsvig,81830 ,27-05-2013,Alm. Salg,219,374,5,1777,
530,Villa,Nørrevej 26,7200, Grindsted,557074 ,24-05-2013,Alm. Salg,142,3923,5,1974,
530,Villa,Egevænget 203,7190, Billund,945000 ,21-05-2013,Alm. Salg,120,7875,4,1972,-5%
530,Villa,Østre Alle 17,7200, Grindsted,550000 ,17-05-2013,Alm. Salg,110,5000,4,1936,-21%
530,Villa,Søndervang 6,7200, Grindsted,1250000 ,17-05-2013,Alm. Salg,128,9766,4,1959,
530,Rækkehus,Banegårdsvej 9,7200, Grindsted,985000 ,16-05-2013,Alm. Salg,108,9120,4,1985,-1%
530,Villa,Skovparken 406,7190, Billund,1300000 ,16-05-2013,Alm. Salg,171,7602,5,1966,-7%
530,Rækkehus,Sydtoften 139,7200, Grindsted,900000 ,11-05-2013,Alm. Salg,82,10976,3,1984,-5%
530,Villa,Rahbæksvej 12,7260, Sønder Omme,900000 ,07-05-2013,Fam. Salg,153,5882,4,1977,
530,Villa,Kirkeby Alle 6,7260, Sønder Omme,1600000 ,07-05-2013,Fam. Salg,203,5128,8,1979,
530,Ejerlejlighed,Floravej 1A,7200, Grindsted,2950000 ,06-05-2013,Alm. Salg,317,9306,8,1961,
530,Villa,Grindstedvej 60,7260, Sønder Omme,665000 ,05-05-2013,Alm. Salg,104,6394,3,1968,-1%
530,Villa,Solbakken 28,7260, Sønder Omme,480000 ,01-05-2013,Auktion,121,3967,4,1976,
530,Villa,Aakjærsvej 14,7200, Grindsted,570000 ,01-05-2013,Alm. Salg,161,3540,5,0,-4%
530,Villa,Østerbo 9,7250, Hejnsvig,60000 ,01-05-2013,Auktion,107,561,4,1984,
530,Villa,Buen 1,7200, Grindsted,372500 ,28-04-2013,Andet,141,2642,4,1962,
530,Villa,Grindstedvej 48,7260, Sønder Omme,695000 ,26-04-2013,Alm. Salg,134,5187,6,1939,
530,Villa,Havrevænget 16,7200, Grindsted,501000 ,26-04-2013,Alm. Salg,155,3232,6,1963,-8%
530,Villa,Parkvej 4,6623, Vorbasse,1595000 ,24-04-2013,Alm. Salg,145,11000,5,1998,
530,Villa,Baggesgårdvej 25,7260, Sønder Omme,855000 ,23-04-2013,Alm. Salg,103,8301,4,1976,
530,Villa,Færøvej 9,7200, Grindsted,1270000 ,21-04-2013,Alm. Salg,134,9478,4,1970,-2%
530,Villa,Bygvænget 32,7200, Grindsted,925000 ,18-04-2013,Alm. Salg,102,9069,4,1965,
530,Villa,Kirkegade 9,6623, Vorbasse,550000 ,15-04-2013,Alm. Salg,63,8730,3,1960,
530,Villa,Morsbøl Søvej 122,7200, Grindsted,419520 ,14-04-2013,Alm. Salg,152,2760,6,2013,
530,Villa,Søllingdalvej 42,7250, Hejnsvig,690000 ,11-04-2013,Alm. Salg,152,4539,5,1976,-21%
530,Villa,Lillevang 126,7190, Billund,2080000 ,09-04-2013,Alm. Salg,149,13960,5,2011,-1%
530,Villa,Tinghusgade 25,7200, Grindsted,865000 ,08-04-2013,Alm. Salg,124,6976,4,1967,-13%
530,Villa,Sønderkær 443,7190, Billund,1300000 ,07-04-2013,Alm. Salg,122,10656,4,1986,-2%
530,Villa,Elmevangen 9,7200, Grindsted,925000 ,05-04-2013,Alm. Salg,233,3970,8,1960,-4%
530,Villa,Pilealle 5,7200, Grindsted,825000 ,04-04-2013,Alm. Salg,134,6157,5,1963,-6%
530,Ejerlejlighed,"Nygade 19B, st",7200, Grindsted,915000 ,03-04-2013,Alm. Salg,83,11024,3,1988,
530,Villa,Prærien 23,7200, Grindsted,1525000 ,02-04-2013,Alm. Salg,174,8764,5,1988,-8%
530,Villa,Sønderkær 210,7190, Billund,1500000 ,26-03-2013,Alm. Salg,170,8824,7,1978,-6%
530,Villa,Lillevang 141,7190, Billund,324000 ,26-03-2013,Alm. Salg,182,1780,3,2013,
530,Villa,J P Jensens Vej 19,7200, Grindsted,524203 ,25-03-2013,Alm. Salg,123,4262,5,1954,-58%
530,Villa,Lupinvænget 23,7200, Grindsted,1565000 ,21-03-2013,Alm. Salg,168,9315,5,1964,-8%
530,Villa,Søllingdalvej 20,7250, Hejnsvig,995000 ,21-03-2013,Alm. Salg,169,5888,6,1982,-5%
530,Villa,Knudsøvej 8,7200, Grindsted,1450000 ,18-03-2013,Alm. Salg,173,8382,6,1975,-6%
530,Villa,Mølleparken 268,7190, Billund,2500000 ,18-03-2013,Alm. Salg,280,8929,10,1975,-7%
530,Villa,Lillevang 49,7190, Billund,2325000 ,14-03-2013,Alm. Salg,171,13596,6,2008,
530,Villa,Langgade 53,7250, Hejnsvig,645000 ,12-03-2013,Alm. Salg,106,6085,4,1979,-4%
530,Villa,Østervangsvej 3,7200, Grindsted,1670000 ,10-03-2013,Alm. Salg,336,4970,10,1914,-1%
530,Villa,Vestergade 78,7200, Grindsted,850000 ,10-03-2013,Alm. Salg,182,4670,6,1965,-5%
530,Villa,Storegade 62,7200, Grindsted,1050000 ,10-03-2013,Alm. Salg,128,8203,4,1938,
530,Villa,Vestergade 57,7200, Grindsted,550000 ,10-03-2013,Alm. Salg,73,7534,3,1939,-15%
530,Villa,Fælledvej 18A,7200, Grindsted,740000 ,08-03-2013,Alm. Salg,94,7872,3,1965,
530,Villa,Krogagervej 36,7200, Grindsted,549983 ,07-03-2013,Alm. Salg,134,4104,5,1960,
530,Villa,Samsøvej 6,7200, Grindsted,1395000 ,07-03-2013,Alm. Salg,122,11434,4,1968,
530,Villa,Solvej 7,7200, Grindsted,1200000 ,02-03-2013,Alm. Salg,132,9091,5,1928,-4%
530,Ejerlejlighed,"Hovedgaden 44C, 2. mf",7190, Billund,1500000 ,28-02-2013,Alm. Salg,130,11538,3,2012,-6%
530,Villa,Søndervang 8,7200, Grindsted,380000 ,28-02-2013,Alm. Salg,267,1423,6,2014,
530,Villa,Dalsøvej 65,7200, Grindsted,1050000 ,26-02-2013,Alm. Salg,138,7609,4,1976,-8%
530,Villa,Norgesvej 1,7200, Grindsted,800000 ,26-02-2013,Alm. Salg,118,6780,5,1971,-11%
530,Villa,Rahbæksvej 6,7260, Sønder Omme,1150000 ,26-02-2013,Alm. Salg,154,7468,5,1974,
530,Villa,Markskellet 71,7190, Billund,1680000 ,24-02-2013,Alm. Salg,152,11053,5,1993,-6%
530,Rækkehus,Markskellet 20,7190, Billund,553223 ,20-02-2013,Andet,95,5823,3,1988,
530,Villa,Søllingdalvej 80,7250, Hejnsvig,225000 ,20-02-2013,Auktion,152,1480,5,1977,
530,Villa,Gyvelvej 2,7200, Grindsted,375000 ,19-02-2013,Alm. Salg,115,3261,4,1949,-12%
530,Villa,J P Jensens Vej 27,7200, Grindsted,1095000 ,18-02-2013,Alm. Salg,95,11526,4,1949,-8%
530,Villa,Lillevang 150,7190, Billund,344000 ,18-02-2013,Alm. Salg,203,1695,5,2013,
530,Villa,Lillevang 111,7190, Billund,328000 ,17-02-2013,Alm. Salg,181,1812,5,2013,
530,Villa,Svinget 13,7200, Grindsted,473146 ,13-02-2013,Andet,90,5257,3,1952,
530,Villa,Jørgen Glavinds Vej 11,7200, Grindsted,1025000 ,13-02-2013,Alm. Salg,132,7765,6,1960,-6%
530,Villa,Smutten 4,7190, Billund,1200000 ,10-02-2013,Alm. Salg,174,6897,5,1974,-7%
530,Ejerlejlighed,"Solvej 64, 4",7200, Grindsted,1650000 ,09-02-2013,Alm. Salg,103,16019,3,2003,-11%
530,Ejerlejlighed,"Nørre Torv 8, 3. 1",7200, Grindsted,2370000 ,07-02-2013,Alm. Salg,157,15096,3,2014,
530,Villa,Åbakkevej 2,7200, Grindsted,1150000 ,07-02-2013,Alm. Salg,207,5556,5,1977,-11%
530,Villa,Daugårdvej 14,7250, Hejnsvig,306000 ,07-02-2013,Fam. Salg,92,3326,4,1924,
530,Villa,Bøvlvej 120,7260, Sønder Omme,1350000 ,03-02-2013,Alm. Salg,225,6000,6,1939,-55%
530,Rækkehus,Markskellet 21,7190, Billund,975000 ,28-01-2013,Alm. Salg,81,12037,3,1988,-2%
530,Rækkehus,Søndre Boulevard 385,7200, Grindsted,835000 ,26-01-2013,Alm. Salg,81,10309,3,1987,-5%
530,Villa,Møllevænget 13,7190, Billund,497150 ,23-01-2013,Fam. Salg,116,4286,4,1965,
530,Villa,Ribersvej 214,7200, Grindsted,757000 ,22-01-2013,Alm. Salg,112,6759,4,1981,
530,Villa,Kærbækvej 11,7200, Grindsted,50000 ,20-01-2013,Alm. Salg,102,490,3,1968,
530,Villa,Bøvlvej 120,7260, Sønder Omme,2980000 ,19-01-2013,Alm. Salg,225,13244,6,1939,-1%
530,Villa,Nollundvej 189,7200, Grindsted,702100 ,15-01-2013,Alm. Salg,207,3392,7,1924,-52%
530,Villa,Ribersvej 184,7200, Grindsted,1412500 ,13-01-2013,Alm. Salg,145,9741,6,1981,-6%
530,Villa,Havrevænget 5,7200, Grindsted,550000 ,13-01-2013,Alm. Salg,156,3526,6,1962,
530,Villa,Grindstedvej 21,7260, Sønder Omme,250000 ,10-01-2013,Alm. Salg,72,3472,3,1934,-28%
530,Villa,Julsøvej 7,7200, Grindsted,1850000 ,10-01-2013,Alm. Salg,208,8894,6,1973,-7%
530,Villa,Tusborgvej 14,7200, Grindsted,534941 ,07-01-2013,Alm. Salg,143,3741,4,2016,-35%
530,Villa,Sønderkær 154,7190, Billund,1500000 ,06-01-2013,Andet,150,10000,5,1976,
530,Villa,Nørrevej 5,7200, Grindsted,895000 ,06-01-2013,Andet,152,5888,5,1916,
530,Ejerlejlighed,"Hovedgaden 44, 1",7260, Sønder Omme,700000 ,29-12-2012,Alm. Salg,64,10938,3,1908,
530,Villa,Dalsøvej 101,7200, Grindsted,1262500 ,27-12-2012,Alm. Salg,165,7652,5,1979,-6%
530,Villa,Brombærvej 3,7200, Grindsted,956289 ,26-12-2012,Alm. Salg,149,6418,5,1967,-4%
530,Villa,Pilealle 9,7200, Grindsted,501000 ,20-12-2012,Alm. Salg,127,3945,4,1964,-13%
530,Villa,Havrevænget 29,7200, Grindsted,1229202 ,20-12-2012,Fam. Salg,145,8477,5,1962,
530,Villa,Krohaven 4,7200, Grindsted,900000 ,20-12-2012,Alm. Salg,202,3371,6,2012,
530,Ejerlejlighed,"Butikstorvet 10A, 3",7190, Billund,2100000 ,19-12-2012,Alm. Salg,207,10145,5,2020,
530,Villa,Staghøjvej 6,7190, Billund,132000 ,19-12-2012,Auktion,234,564,6,2016,
530,Villa,Skovparken 214,7190, Billund,1395000 ,18-12-2012,Alm. Salg,204,6838,6,2021,
530,Villa,Nygade 32,7200, Grindsted,675000 ,18-12-2012,Alm. Salg,120,5625,3,1949,-53%
530,Villa,Lillevang 137,7190, Billund,324000 ,17-12-2012,Alm. Salg,177,1831,5,2013,
530,Villa,Lillevang 116,7190, Billund,376000 ,17-12-2012,Alm. Salg,199,1889,7,2013,
530,Villa,Refshøjvej 20,7200, Grindsted,386349 ,17-12-2012,Andet,205,1885,5,1915,
530,Villa,Klodhøjvej 5,7250, Hejnsvig,300000 ,16-12-2012,Alm. Salg,127,2362,4,1949,-39%
530,Villa,Skødebjergvej 18,6623, Vorbasse,329200 ,16-12-2012,Alm. Salg,273,1206,5,1911,
530,Villa,Sønderkær 508,7190, Billund,1200000 ,14-12-2012,Alm. Salg,114,10526,4,1979,
530,Villa,Sønderkær 109,7190, Billund,1325000 ,13-12-2012,Alm. Salg,140,9464,4,1978,-5%
530,Villa,Blichersvej 13,7200, Grindsted,1000000 ,13-12-2012,Alm. Salg,158,6329,5,2014,
530,Villa,Hovedgaden 32C,7190, Billund,1385000 ,12-12-2012,Alm. Salg,140,9893,5,1978,-1%
530,Villa,Skødebjergvej 18,6623, Vorbasse,501936 ,04-12-2012,Alm. Salg,273,1839,5,1911,
530,Villa,Søllingdalvej 38,7250, Hejnsvig,775000 ,04-12-2012,Alm. Salg,124,6250,5,1975,-13%
530,Villa,Rungborgvej 11,7250, Hejnsvig,725000 ,03-12-2012,Alm. Salg,116,6250,4,1917,-9%
530,Villa,Morsbøl Søvej 86,7200, Grindsted,353440 ,03-12-2012,Alm. Salg,172,2055,5,2013,
530,Villa,Stationsvej 14,7200, Grindsted,645000 ,02-12-2012,Alm. Salg,98,6582,4,1974,
530,Villa,Østerbrogade 35,7200, Grindsted,695000 ,30-11-2012,Alm. Salg,92,7554,4,1949,
530,Rækkehus,Jørgen Glavinds Vej 29,7200, Grindsted,487500 ,29-11-2012,Alm. Salg,137,3558,5,1957,-55%
530,Villa,Tårnvej 7,7200, Grindsted,690000 ,29-11-2012,Alm. Salg,123,5610,4,1946,-7%
530,Villa,Søndervold 301,7200, Grindsted,1775000 ,29-11-2012,Alm. Salg,161,11025,5,1995,-4%
530,Villa,Klodhøjvej 21,7250, Hejnsvig,930000 ,26-11-2012,Alm. Salg,147,6327,5,1974,-7%
530,Villa,Egeparken 9,7260, Sønder Omme,1645000 ,25-11-2012,Alm. Salg,131,12557,2,2006,
530,Villa,Tingstedet 10,7190, Billund,880000 ,20-11-2012,Alm. Salg,150,5867,6,1995,
530,Villa,Engvej 13,7200, Grindsted,1395000 ,19-11-2012,Alm. Salg,173,8064,5,1946,
530,Villa,Kirkevej 5,7250, Hejnsvig,325000 ,15-11-2012,Alm. Salg,119,2731,4,1927,-34%
530,Rækkehus,Nørregade 26B,7200, Grindsted,965000 ,12-11-2012,Alm. Salg,93,10376,4,1986,
530,Villa,Østervej 6,7200, Grindsted,300000 ,12-11-2012,Alm. Salg,67,4478,2,1951,-8%
530,Villa,Løvlundvej 6,7190, Billund,875000 ,11-11-2012,Alm. Salg,154,5682,5,1921,-12%
530,Villa,Langgade 30,7250, Hejnsvig,750000 ,09-11-2012,Alm. Salg,127,5906,4,1982,
530,Villa,Gammel Hejnsvigvej 13,7190, Billund,1275000 ,08-11-2012,Alm. Salg,104,12260,4,1961,-2%
530,Rækkehus,Grønningen 4B,7190, Billund,890000 ,05-11-2012,Alm. Salg,79,11266,3,1987,-1%
530,Villa,Lupinvænget 19,7200, Grindsted,1120000 ,05-11-2012,Alm. Salg,98,11429,3,1963,-6%
530,Villa,Skjoldbjergvej 8,6623, Vorbasse,141625 ,05-11-2012,Alm. Salg,242,541,7,2020,
530,Villa,Grindstedvej 10,7260, Sønder Omme,595000 ,31-10-2012,Auktion,126,4722,3,1946,-34%
530,Villa,Tingstedet 53,7190, Billund,1568000 ,30-10-2012,Alm. Salg,176,8909,7,1997,-7%
530,Villa,Mellemvej 16,7200, Grindsted,895000 ,30-10-2012,Alm. Salg,129,4182,7,1914,-24%
530,Villa,Toften 41,7190, Billund,1330000 ,30-10-2012,Alm. Salg,94,14149,3,1970,11%
530,Ejerlejlighed,Nørregade 4A,6623, Vorbasse,600000 ,29-10-2012,Alm. Salg,179,3352,6,1902,-20%
530,Villa,Åvej 19,7260, Sønder Omme,340000 ,25-10-2012,Alm. Salg,82,4146,2,1917,
530,Ejerlejlighed,"Hovedgaden 12, 1",7260, Sønder Omme,1575000 ,24-10-2012,Auktion,104,15144,3,1919,
530,Ejerlejlighed,"Hovedgaden 12, 2",7260, Sønder Omme,1575000 ,24-10-2012,Auktion,150,10500,6,1919,
530,Ejerlejlighed,"Nørre Torv 8, 3. 2",7200, Grindsted,2600000 ,24-10-2012,Alm. Salg,158,16456,4,2014,
530,Villa,Fromssejervej 7,6623, Vorbasse,387500 ,24-10-2012,Alm. Salg,104,3726,4,1965,
530,Villa,Søllingdalvej 44,7250, Hejnsvig,675000 ,23-10-2012,Alm. Salg,128,5273,5,1975,
530,Rækkehus,Nørager 87,7260, Sønder Omme,400000 ,21-10-2012,Alm. Salg,77,5195,2,1982,-11%
530,Villa,Nollundvej 80,7200, Grindsted,1475000 ,17-10-2012,Alm. Salg,164,8994,7,1956,
530,Villa,Nørreled 33,7200, Grindsted,975000 ,17-10-2012,Alm. Salg,102,9559,3,1953,-11%
530,Rækkehus,Østergaardsvej 8,7200, Grindsted,500000 ,11-10-2012,Alm. Salg,83,6024,2,1965,
530,Villa,Postgade 14,7200, Grindsted,665000 ,11-10-2012,Alm. Salg,102,6520,3,1923,
530,Villa,Billundvej 5,7250, Hejnsvig,210000 ,10-10-2012,Auktion,103,2039,4,1946,-62%
530,Villa,Staruphøjevej 4,7250, Hejnsvig,1100000 ,10-10-2012,Alm. Salg,210,5238,7,1920,-15%
530,Villa,Nørrevej 18,7200, Grindsted,375000 ,09-10-2012,Alm. Salg,93,4032,3,1948,
530,Villa,Krogagergårdvej 37,7200, Grindsted,1850000 ,09-10-2012,Alm. Salg,144,12847,4,2009,-6%
530,Villa,Samsøvej 5,7200, Grindsted,1585000 ,06-10-2012,Alm. Salg,165,9606,5,1968,
530,Villa,Ølgodvej 28,7200, Grindsted,998000 ,05-10-2012,Alm. Salg,209,4775,7,1940,
530,Villa,Mølleparken 348,7190, Billund,1075000 ,04-10-2012,Alm. Salg,125,8600,6,1981,-10%
530,Villa,Fyrrevænget 206,7190, Billund,1370000 ,03-10-2012,Alm. Salg,157,8726,5,1970,-2%
530,Villa,Lillevang 146,7190, Billund,344000 ,02-10-2012,Alm. Salg,186,1849,6,2013,
530,Villa,Morsbøl Søvej 58,7200, Grindsted,2595000 ,02-10-2012,Alm. Salg,189,13730,5,2008,-4%
530,Villa,Dalagervej 19,6623, Vorbasse,76000 ,01-10-2012,Alm. Salg,152,500,6,2013,
530,Villa,Ravnsøvej 2,7200, Grindsted,875000 ,30-09-2012,Alm. Salg,235,3723,7,1974,
530,Villa,Havrevænget 18,7200, Grindsted,1595000 ,29-09-2012,Alm. Salg,143,11154,4,1962,
530,Villa,Møllevænget 41,7190, Billund,800000 ,29-09-2012,Alm. Salg,134,5970,5,1966,
530,Villa,Jyllandsgade 37,7200, Grindsted,1375000 ,29-09-2012,Alm. Salg,100,13750,4,1955,-5%
530,Villa,Kløvervænget 12,7200, Grindsted,645000 ,27-09-2012,Alm. Salg,121,5331,4,1964,-13%
530,Villa,Sydtoften 291,7200, Grindsted,1650000 ,26-09-2012,Alm. Salg,118,13983,4,2005,-3%
530,Villa,Birksøvej 8,7200, Grindsted,1300000 ,26-09-2012,Alm. Salg,167,7784,6,1973,
530,Villa,Nørregade 45,7200, Grindsted,750000 ,26-09-2012,Alm. Salg,97,7732,5,1939,
530,Villa,Grønvang 17,7260, Sønder Omme,796000 ,24-09-2012,Alm. Salg,128,6219,4,1972,
530,Villa,Toften 67,7190, Billund,775000 ,23-09-2012,Alm. Salg,123,6301,5,1967,-13%
530,Villa,Morsbøl Søvej 80,7200, Grindsted,346080 ,23-09-2012,Alm. Salg,181,1912,7,2013,
530,Villa,Hybenvej 3,7200, Grindsted,1150000 ,20-09-2012,Alm. Salg,131,8779,4,1967,
530,Villa,Egevænget 311,7190, Billund,1125000 ,19-09-2012,Alm. Salg,152,7401,5,1971,-10%
530,Villa,Sønderkær 258,7190, Billund,950000 ,19-09-2012,Auktion,157,6051,5,1979,
530,Villa,Billundvej 1,7250, Hejnsvig,840000 ,17-09-2012,Alm. Salg,130,6462,3,1965,-6%
530,Villa,Sønderkær 389,7190, Billund,1745000 ,13-09-2012,Alm. Salg,185,9432,6,1987,-3%
530,Villa,Annexvej 9A,7190, Billund,2500000 ,12-09-2012,Alm. Salg,316,6443,7,1950,
530,Villa,Sverrigsvej 14,7200, Grindsted,1370000 ,12-09-2012,Alm. Salg,139,9856,5,1969,-2%
530,Villa,Skovparken 224A,7190, Billund,1875000 ,12-09-2012,Alm. Salg,182,10302,5,2016,
530,Villa,Vejlevej 26B,7260, Sønder Omme,740000 ,11-09-2012,Alm. Salg,114,6491,3,1972,-7%
530,Villa,Nollund Kirkevej 10,7200, Grindsted,1395000 ,11-09-2012,Alm. Salg,206,6772,6,1985,
530,Villa,Dalsvinget 14,7200, Grindsted,1195000 ,11-09-2012,Alm. Salg,118,10127,4,1977,
530,Villa,Østergade 57,6623, Vorbasse,1025000 ,09-09-2012,Alm. Salg,241,4253,7,1954,-6%
530,Villa,Fynsgade 62,7200, Grindsted,1060000 ,06-09-2012,Alm. Salg,123,8618,4,1959,-3%
530,Villa,Jørgen Glavinds Vej 10,7200, Grindsted,550000 ,05-09-2012,Alm. Salg,108,5093,4,1958,-21%
530,Villa,Dalagervej 12,6623, Vorbasse,1550000 ,03-09-2012,Alm. Salg,159,9748,6,1999,
530,Villa,Systemvej 30,7190, Billund,725000 ,29-08-2012,Alm. Salg,180,4028,7,1963,-9%
530,Villa,Bredgade 34,7250, Hejnsvig,900000 ,29-08-2012,Alm. Salg,172,5233,6,1928,-10%
530,Villa,Sønderkær 399,7190, Billund,1250000 ,29-08-2012,Alm. Salg,123,10163,4,1985,-3%
530,Villa,Jasminvej 2,7200, Grindsted,1500000 ,28-08-2012,Alm. Salg,227,6329,6,1975,-20%
530,Villa,Hestkærvej 20,7200, Grindsted,750000 ,27-08-2012,Alm. Salg,263,1429,13,1916,-6%
530,Villa,Vinkelvej 78,7250, Hejnsvig,675000 ,26-08-2012,Alm. Salg,62,10887,3,1959,-3%
530,Villa,Sønderkær 381,7190, Billund,1235000 ,22-08-2012,Alm. Salg,185,6676,8,1985,-5%
530,Villa,Lillevang 140,7190, Billund,352000 ,22-08-2012,Alm. Salg,199,1769,6,2013,
530,Villa,Lærkevej 26,7190, Billund,1250000 ,21-08-2012,Alm. Salg,189,6614,7,1965,-6%
530,Villa,Julsøvej 7,7200, Grindsted,1935000 ,21-08-2012,Alm. Salg,208,9303,6,1973,-3%
530,Villa,Nørrevej 51,7200, Grindsted,770000 ,20-08-2012,Alm. Salg,120,6417,4,1987,-9%
530,Villa,Vestergade 35,7200, Grindsted,600000 ,19-08-2012,Alm. Salg,108,5556,4,1913,
530,Villa,Holdgårdsvej 21A,7260, Sønder Omme,400000 ,17-08-2012,Alm. Salg,222,1802,7,2019,
530,Villa,Søgårdvej 57,7250, Hejnsvig,1220000 ,16-08-2012,Alm. Salg,149,8188,6,1979,-6%
530,Villa,Kulsøvej 9,7200, Grindsted,1385000 ,15-08-2012,Alm. Salg,220,6295,7,1974,-7%
530,Villa,Sønderkær 377,7190, Billund,1400000 ,10-08-2012,Alm. Salg,130,10769,5,1984,-10%
530,Villa,Postgade 1,7200, Grindsted,625000 ,09-08-2012,Alm. Salg,103,6068,4,1965,-7%
530,Villa,Rømøvej 8,7200, Grindsted,1220000 ,09-08-2012,Alm. Salg,134,9104,5,1970,-4%
530,Villa,Bygvænget 2,7200, Grindsted,1600000 ,09-08-2012,Alm. Salg,145,11034,5,1963,-9%
530,Villa,Morsbølvej 37,7200, Grindsted,1179000 ,08-08-2012,Andet,187,6305,5,2009,
530,Villa,Søgårdparken 9,7250, Hejnsvig,168000 ,07-08-2012,Alm. Salg,188,894,6,2013,
530,Ejerlejlighed,"Nørre Torv 8, 4. 1",7200, Grindsted,2470000 ,05-08-2012,Alm. Salg,157,15732,3,2014,
530,Villa,Klosterhedevej 6,7200, Grindsted,1075000 ,02-08-2012,Alm. Salg,148,7264,5,1972,-2%
530,Villa,Fanøvej 7,7200, Grindsted,2050000 ,31-07-2012,Alm. Salg,199,10302,6,1970,-7%
530,Villa,Drosselvej 6,6623, Vorbasse,439500 ,30-07-2012,Alm. Salg,109,4032,3,1979,
530,Villa,Lillevang 113,7190, Billund,376000 ,30-07-2012,Alm. Salg,207,1816,5,2016,
530,Villa,Nørrevej 8,7200, Grindsted,610000 ,29-07-2012,Alm. Salg,107,5701,3,1939,
530,Villa,Bygvænget 9,7200, Grindsted,900000 ,26-07-2012,Alm. Salg,130,6923,4,1962,
530,Villa,Egevej 5,7260, Sønder Omme,785000 ,24-07-2012,Alm. Salg,125,6280,4,1967,-5%
530,Villa,Gammel Bøvlvej 48,7260, Sønder Omme,777500 ,24-07-2012,Alm. Salg,130,5981,5,1952,-2%
530,Villa,Søgårdvej 31,7250, Hejnsvig,700000 ,22-07-2012,Alm. Salg,143,4895,4,1980,-12%
530,Villa,Morsbøl Skolevej 18,7200, Grindsted,912500 ,22-07-2012,Alm. Salg,194,4704,6,1968,-17%
530,Villa,Nørregade 8,6623, Vorbasse,668707 ,19-07-2012,Alm. Salg,258,2592,6,1922,
530,Villa,Kvædevej 3,7200, Grindsted,3300000 ,18-07-2012,Alm. Salg,279,11828,8,1880,-12%
530,Villa,Tarm Landevej 16,7260, Sønder Omme,899927 ,17-07-2012,Alm. Salg,236,3813,8,1935,
530,Villa,Langgade 32,7250, Hejnsvig,1900000 ,17-07-2012,Alm. Salg,208,9135,5,1916,
530,Villa,Rugvænget 6,7200, Grindsted,1025000 ,16-07-2012,Alm. Salg,126,8135,5,1963,
530,Villa,Engvangen 31,7200, Grindsted,630000 ,16-07-2012,Alm. Salg,97,6495,3,1950,-2%
530,Villa,Egevænget 412,7190, Billund,1345000 ,15-07-2012,Alm. Salg,143,9406,4,1972,-4%
530,Villa,Lillevang 127,7190, Billund,448000 ,11-07-2012,Alm. Salg,209,2144,6,2015,
530,Villa,Lillevang 143,7190, Billund,1125000 ,11-07-2012,Fam. Salg,156,7212,4,2010,
530,Villa,Søllingdalvej 84,7250, Hejnsvig,1105000 ,05-07-2012,Alm. Salg,163,6779,6,1980,-8%
530,Villa,Nørrebyvej 5,6623, Vorbasse,1200000 ,05-07-2012,Alm. Salg,182,6593,10,1964,
530,Villa,Kirkegade 3,6623, Vorbasse,757500 ,04-07-2012,Alm. Salg,423,1791,9,1979,17%
530,Villa,Jørgen Glavinds Vej 24A,7200, Grindsted,777451 ,04-07-2012,Alm. Salg,178,4368,9,1958,-53%
530,Villa,Tribinivej 10,6623, Vorbasse,184000 ,03-07-2012,Alm. Salg,152,1211,6,2013,
530,Villa,Sognegårdsvej 8,7200, Grindsted,855000 ,02-07-2012,Alm. Salg,128,6680,4,1988,-4%
530,Villa,Sønderkær 510,7190, Billund,1395000 ,02-07-2012,Alm. Salg,139,10036,5,1980,
530,Villa,Elmevangen 11,7200, Grindsted,1050000 ,01-07-2012,Alm. Salg,99,10606,4,1960,-12%
530,Villa,Nørager 9,7260, Sønder Omme,865000 ,01-07-2012,Alm. Salg,118,7331,4,1978,-3%
530,Villa,Søndervold 139,7200, Grindsted,940500 ,30-06-2012,Alm. Salg,168,5598,4,2004,-59%
530,Rækkehus,Sydtoften 155,7200, Grindsted,1070000 ,28-06-2012,Alm. Salg,86,12442,3,1984,-11%
530,Villa,Skovparken 102,7190, Billund,2400000 ,28-06-2012,Alm. Salg,195,12308,9,1964,
530,Villa,Tronsø Parkvej 17,7200, Grindsted,516880 ,28-06-2012,Alm. Salg,78,6627,3,1964,
530,Villa,Østerbo 4,7190, Billund,600000 ,26-06-2012,Alm. Salg,114,5263,5,1955,
530,Villa,Solsortvej 8,7200, Grindsted,900000 ,24-06-2012,Alm. Salg,105,8571,3,1955,-5%
530,Villa,Søndervold 179,7200, Grindsted,2375000 ,22-06-2012,Alm. Salg,173,13728,7,2004,-1%
530,Ejerlejlighed,"Banegårdsvej 3A, 2. th",7200, Grindsted,620000 ,20-06-2012,Alm. Salg,59,10508,2,1988,-2%
530,Villa,Sønderkær 112,7190, Billund,1450000 ,20-06-2012,Alm. Salg,144,10069,5,1977,-3%
530,Villa,Ribersvej 52,7200, Grindsted,950000 ,19-06-2012,Alm. Salg,125,7600,4,1979,-12%
530,Villa,Kulsøvej 6,7200, Grindsted,1450000 ,19-06-2012,Alm. Salg,152,9539,6,1975,-2%
530,Villa,Kvædevej 4,7200, Grindsted,1500000 ,17-06-2012,Alm. Salg,189,7937,6,1983,-12%
530,Villa,Vibes Alle 9,7200, Grindsted,975000 ,17-06-2012,Alm. Salg,106,9198,4,1931,-2%
530,Villa,Dalgasvej 3,7200, Grindsted,410000 ,17-06-2012,Alm. Salg,88,4659,4,1949,-31%
530,Villa,Prærien 21,7200, Grindsted,737500 ,15-06-2012,Alm. Salg,177,4167,5,1980,
530,Rækkehus,Bekkasinvej 10A,7200, Grindsted,575000 ,14-06-2012,Alm. Salg,88,6534,3,2001,
530,Villa,Egevænget 403,7190, Billund,995000 ,14-06-2012,Alm. Salg,120,8292,4,1972,
530,Villa,Dalsøvej 143,7200, Grindsted,1400000 ,14-06-2012,Alm. Salg,159,8805,5,1995,-9%
530,Villa,Søndervold 185,7200, Grindsted,2050000 ,14-06-2012,Alm. Salg,163,12577,6,2001,-2%
530,Villa,Klosterhedevej 8,7200, Grindsted,900000 ,12-06-2012,Alm. Salg,123,7317,4,1972,-10%
530,Ejerlejlighed,"Grønningen 11, st. th",7200, Grindsted,650000 ,10-06-2012,Alm. Salg,100,6500,4,1967,-6%
530,Villa,Stationsvej 23,7200, Grindsted,550000 ,05-06-2012,Alm. Salg,131,4198,6,1963,-21%
530,Villa,Birkevej 10,7260, Sønder Omme,30000 ,04-06-2012,Alm. Salg,156,192,4,1973,
530,Villa,Svinget 6,7200, Grindsted,500000 ,02-06-2012,Alm. Salg,126,3968,6,1947,
530,Ejerlejlighed,"Banegårdsvej 27, 1",7200, Grindsted,695000 ,31-05-2012,Alm. Salg,62,11210,2,1987,
530,Villa,Nørregade 6,6623, Vorbasse,766500 ,31-05-2012,Alm. Salg,149,5144,6,1935,
530,Villa,Svinget 13,7200, Grindsted,975000 ,29-05-2012,Alm. Salg,90,10833,3,1952,-2%
530,Rækkehus,Søndervold 8,7200, Grindsted,950000 ,28-05-2012,Alm. Salg,96,9896,4,1992,-5%
530,Villa,Dalsøvej 171,7200, Grindsted,836860 ,26-05-2012,Alm. Salg,123,6804,5,1980,
530,Villa,Daugårdvej 19,7250, Hejnsvig,450000 ,25-05-2012,Alm. Salg,123,3659,5,1932,
530,Villa,Søndervang 14,7200, Grindsted,847500 ,25-05-2012,Fam. Salg,158,5364,5,1994,
530,Villa,Tingstedet 31,7190, Billund,1900000 ,24-05-2012,Alm. Salg,169,11243,7,1997,-5%
530,Villa,Flintemarken 4,7190, Billund,1235000 ,24-05-2012,Alm. Salg,158,7816,6,1987,-4%
530,Villa,Lillevang 69,7190, Billund,2900000 ,23-05-2012,Alm. Salg,206,14078,8,2006,-3%
530,Villa,Solsortvej 4,7200, Grindsted,500000 ,22-05-2012,Alm. Salg,181,2762,5,2014,-16%
530,Villa,Nyvej 7,7250, Hejnsvig,900000 ,21-05-2012,Alm. Salg,88,10227,3,1947,-10%
530,Villa,Elmelunden 202,7190, Billund,1015000 ,20-05-2012,Alm. Salg,109,9312,5,1964,-7%
530,Villa,Fasanvej 13,7190, Billund,980000 ,20-05-2012,Alm. Salg,121,8099,5,1960,
530,Villa,Skovparken 320,7190, Billund,592374 ,16-05-2012,Alm. Salg,178,3328,6,1966,
530,Villa,Sognegårdsvej 1,7200, Grindsted,337500 ,16-05-2012,Alm. Salg,119,2836,3,1960,
530,Villa,Østergade 12,7200, Grindsted,590000 ,13-05-2012,Alm. Salg,156,3782,6,1915,
530,Villa,Hasselvej 16,7260, Sønder Omme,400000 ,09-05-2012,Alm. Salg,110,3636,4,1970,-19%
530,Villa,Søndervold 236,7200, Grindsted,1865000 ,07-05-2012,Alm. Salg,167,11168,5,1999,-2%
530,Villa,Sydtoften 39,7200, Grindsted,1175000 ,02-05-2012,Alm. Salg,128,9180,4,1981,-13%
530,Villa,Lillevang 100,7190, Billund,2050000 ,29-04-2012,Alm. Salg,165,12424,4,2009,-9%
530,Rækkehus,Grønningen 24,7190, Billund,945000 ,26-04-2012,Alm. Salg,73,12945,2,1988,-5%
530,Villa,Fasanvej 14,7190, Billund,195498 ,26-04-2012,Andet,119,1643,5,1960,
530,Rækkehus,Sønderkær 355,7190, Billund,577000 ,25-04-2012,Alm. Salg,87,6632,3,1985,
530,Villa,Anemonevej 1,7200, Grindsted,1730000 ,24-04-2012,Alm. Salg,116,14914,3,1964,-4%
530,Villa,Møllevænget 23,7190, Billund,1100000 ,24-04-2012,Alm. Salg,104,10577,4,1964,-4%
530,Villa,Puggårdsvej 2,7190, Billund,750000 ,23-04-2012,Alm. Salg,123,6098,4,1941,-16%
530,Villa,Nebelvej 4,6623, Vorbasse,375000 ,23-04-2012,Alm. Salg,120,3125,5,1950,
530,Villa,Egebjerg Landevej 92,7250, Hejnsvig,950000 ,23-04-2012,Alm. Salg,175,5429,6,1965,-5%
530,Villa,Lillevang 40,7190, Billund,2150000 ,23-04-2012,Alm. Salg,164,13110,6,2007,-5%
530,Villa,Lillevang 145,7190, Billund,248000 ,23-04-2012,Alm. Salg,171,1450,6,2012,
530,Villa,Stationsvej 16,7200, Grindsted,1200000 ,23-04-2012,Alm. Salg,96,12500,3,2007,
530,Villa,Østervej 7,7200, Grindsted,300000 ,22-04-2012,Alm. Salg,157,1911,5,1927,
530,Villa,Toften 20,7190, Billund,900000 ,22-04-2012,Alm. Salg,123,7317,5,1968,
530,Villa,Tingstedet 63,7190, Billund,1080000 ,18-04-2012,Alm. Salg,195,5538,8,1997,-55%
530,Villa,Fyrrevænget 313,7190, Billund,1150000 ,18-04-2012,Alm. Salg,170,6765,6,1970,-11%
530,Villa,Rosengårdsvej 13,7250, Hejnsvig,517170 ,18-04-2012,Alm. Salg,153,3380,5,1976,
530,Villa,Fittingvej 12,6623, Vorbasse,85000 ,18-04-2012,Alm. Salg,51,1667,2,1928,13%
530,Villa,Vestergade 110,7200, Grindsted,1125000 ,12-04-2012,Alm. Salg,150,7500,4,1965,
530,Villa,Skjoldbjergvej 30,6623, Vorbasse,545000 ,11-04-2012,Alm. Salg,107,5093,4,1942,-22%
530,Villa,Sydtoften 285,7200, Grindsted,1600000 ,06-04-2012,Alm. Salg,118,13559,4,2005,-2%
530,Villa,Søndervænget 3,6623, Vorbasse,1195000 ,05-04-2012,Alm. Salg,123,9715,4,1989,
530,Villa,Sydtoften 37,7200, Grindsted,1350000 ,04-04-2012,Alm. Salg,161,8385,5,1981,-10%
530,Villa,Svalevænget 1,6623, Vorbasse,1335000 ,02-04-2012,Fam. Salg,123,10854,5,1992,
530,Villa,Kærvej 323,7190, Billund,1210000 ,02-04-2012,Alm. Salg,206,5874,6,1972,-7%
530,Villa,Sønderkær 177,7190, Billund,1400000 ,01-04-2012,Alm. Salg,153,9150,5,1978,
530,Villa,Lupinvænget 14,7200, Grindsted,1235000 ,31-03-2012,Alm. Salg,143,8636,5,1963,-8%
530,Villa,Østergade 15,6623, Vorbasse,2200000 ,29-03-2012,Alm. Salg,224,9821,10,1923,
530,Villa,Sønderkær 512,7190, Billund,1510000 ,29-03-2012,Alm. Salg,168,8988,6,1980,
530,Villa,Dalsvinget 52,7200, Grindsted,785000 ,28-03-2012,Auktion,152,5164,6,1977,-12%
530,Villa,Møllebakken 2,7250, Hejnsvig,20000 ,28-03-2012,Auktion,112,179,4,1932,
530,Villa,Søndervang 25,7200, Grindsted,525000 ,28-03-2012,Alm. Salg,127,4134,5,1957,
530,Villa,Nymarksvej 4,7200, Grindsted,2395000 ,28-03-2012,Auktion,156,14604,6,1977,
530,Villa,Toften 69,7190, Billund,1619667 ,25-03-2012,Alm. Salg,194,8349,7,1968,-4%
530,Villa,Primulavej 25,7200, Grindsted,995000 ,24-03-2012,Alm. Salg,196,5077,7,1964,
530,Villa,Dalbo 80,7200, Grindsted,1275000 ,21-03-2012,Alm. Salg,146,8733,6,1978,-7%
530,Villa,Rugvænget 5,7200, Grindsted,700000 ,21-03-2012,Alm. Salg,142,4930,4,1962,
530,Villa,Morsbøl Skolevej 40,7200, Grindsted,647500 ,20-03-2012,Alm. Salg,199,3254,5,1930,-50%
530,Villa,Hovedgaden 54,7260, Sønder Omme,775000 ,17-03-2012,Alm. Salg,137,5657,5,1957,-8%
530,Villa,Lupinvænget 10,7200, Grindsted,1650000 ,16-03-2012,Alm. Salg,142,11620,4,1963,
530,Villa,Lupinvænget 25,7200, Grindsted,1050000 ,15-03-2012,Alm. Salg,125,8400,4,1963,-8%
530,Villa,Søndervold 162,7200, Grindsted,2600000 ,15-03-2012,Alm. Salg,169,15385,6,2003,-5%
530,Villa,Dalsvinget 40,7200, Grindsted,1250000 ,14-03-2012,Alm. Salg,132,9470,5,1977,-2%
530,Villa,Blåbærvej 1,7200, Grindsted,1025000 ,12-03-2012,Alm. Salg,128,8008,5,1966,-2%
530,Villa,Ansager Landevej 31,7200, Grindsted,1570000 ,05-03-2012,Alm. Salg,205,7659,5,1934,-2%
530,Villa,Fyrrevænget 209,7190, Billund,1080000 ,04-03-2012,Alm. Salg,123,8780,5,1969,-6%
530,Villa,Elmelunden 203,7190, Billund,670000 ,04-03-2012,Alm. Salg,100,6700,4,1964,-14%
530,Villa,Frederiksberg Alle 6,7200, Grindsted,1495000 ,02-03-2012,Alm. Salg,125,11960,5,1913,
530,Villa,Tyttebærvej 10,7200, Grindsted,1300000 ,28-02-2012,Alm. Salg,146,8904,4,1968,-3%
530,Villa,Egeparken 12,7260, Sønder Omme,1425000 ,27-02-2012,Alm. Salg,154,9253,5,1998,-10%
530,Ejerlejlighed,"Grønningen 3, 1. th",7200, Grindsted,435000 ,26-02-2012,Alm. Salg,53,8208,2,1967,-10%
530,Villa,Møllevænget 29,7190, Billund,760000 ,26-02-2012,Alm. Salg,119,6387,5,1965,-11%
530,Rækkehus,Sønderkær 319,7190, Billund,850000 ,22-02-2012,Alm. Salg,89,9551,3,1980,
530,Villa,Vilhelmsmindevej 47,7260, Sønder Omme,775000 ,19-02-2012,Alm. Salg,252,3075,6,1900,-18%
530,Villa,Rosenvej 13,7200, Grindsted,745000 ,19-02-2012,Alm. Salg,119,6261,4,1980,-6%
530,Villa,Fyrrevænget 404,7190, Billund,1505000 ,15-02-2012,Alm. Salg,120,12542,4,1971,1%
530,Villa,Dalsøvej 83,7200, Grindsted,669500 ,14-02-2012,Andet,122,5488,4,1979,
530,Villa,Lindevej 10,7190, Billund,1200000 ,12-02-2012,Alm. Salg,155,7742,6,1972,
530,Rækkehus,Søndervold 60,7200, Grindsted,600000 ,11-02-2012,Alm. Salg,62,9677,2,1993,
530,Rækkehus,Rønnebærvej 25,7200, Grindsted,980000 ,09-02-2012,Alm. Salg,86,11395,4,1967,
530,Villa,Elmelunden 220,7190, Billund,1065000 ,09-02-2012,Alm. Salg,108,9861,3,1964,-7%
530,Villa,Hedelykkevej 24,7200, Grindsted,1190000 ,08-02-2012,Alm. Salg,124,9597,4,1969,-12%
530,Villa,Bygvænget 37,7200, Grindsted,1145500 ,08-02-2012,Alm. Salg,184,6226,7,1963,
530,Villa,Krarupvej 2,7200, Grindsted,160000 ,08-02-2012,Auktion,102,1569,5,1944,
530,Rækkehus,Daltoften 26,7200, Grindsted,1670000 ,06-02-2012,Alm. Salg,111,15045,3,2012,
530,Villa,Engsøparken 99,7200, Grindsted,1475000 ,05-02-2012,Alm. Salg,156,9455,4,1998,
530,Villa,Gammel Bøvlvej 32,7260, Sønder Omme,600000 ,05-02-2012,Alm. Salg,222,2703,5,1970,-33%
530,Rækkehus,Nørregade 60E,7200, Grindsted,1050000 ,03-02-2012,Alm. Salg,80,13125,3,1999,
530,Ejerlejlighed,"Solvej 60, 4",7200, Grindsted,1350000 ,31-01-2012,Alm. Salg,103,13107,3,2003,-10%
530,Villa,Nebelvej 10,6623, Vorbasse,600000 ,31-01-2012,Alm. Salg,117,5128,3,1957,-14%
530,Villa,Tårngade 8,6623, Vorbasse,1295000 ,27-01-2012,Alm. Salg,191,6780,6,1930,
530,Villa,Skolegyden 6,7200, Grindsted,815000 ,25-01-2012,Alm. Salg,72,11319,2,1954,
530,Villa,Teglgaardsvej 8,7200, Grindsted,1280000 ,24-01-2012,Alm. Salg,128,10000,4,1939,-5%
530,Villa,Bredgade 34,7250, Hejnsvig,528108 ,24-01-2012,Alm. Salg,172,3070,6,1928,-47%
530,Villa,Brombærvej 5,7200, Grindsted,915000 ,23-01-2012,Alm. Salg,88,10398,4,1967,-1%
530,Villa,Egevænget 410,7190, Billund,1300000 ,16-01-2012,Alm. Salg,165,7879,6,1972,-13%
530,Villa,Storegade 23,7200, Grindsted,750000 ,12-01-2012,Alm. Salg,127,5906,4,1969,-10%
530,Villa,Morsbøl Søvej 52,7200, Grindsted,1275000 ,11-01-2012,Alm. Salg,224,5692,6,2010,
530,Villa,Lillesøvej 2,7200, Grindsted,981479 ,10-01-2012,Andet,157,6251,5,1973,-32%
530,Villa,Dalsøvej 133,7200, Grindsted,1475000 ,06-01-2012,Alm. Salg,159,9277,6,1987,-6%
530,Villa,Amtsvejen 69,7200, Grindsted,300000 ,02-01-2012,Alm. Salg,154,1948,4,1936,-20%
530,Villa,Søvangvej 26,7200, Grindsted,900000 ,01-01-2012,Alm. Salg,326,2761,7,1937,
530,Ejerlejlighed,"Grønningen 21, st. tv",7200, Grindsted,575000 ,30-12-2011,Alm. Salg,76,7566,2,1968,
530,Villa,Lyngvej 8,7200, Grindsted,662007 ,30-12-2011,Alm. Salg,108,6130,4,1967,
530,Villa,Lillevang 122,7190, Billund,314800 ,30-12-2011,Alm. Salg,155,2031,5,2013,-86%
530,Villa,Skødebjergvej 2,6623, Vorbasse,1100000 ,23-12-2011,Alm. Salg,205,5366,6,1919,-8%
530,Villa,Lillevang 79,7190, Billund,1400000 ,22-12-2011,Andet,206,6796,7,2009,
530,Villa,Nørager 9,7260, Sønder Omme,900000 ,21-12-2011,Alm. Salg,118,7627,4,1978,1%
530,Villa,Tegnhøjvej 34,7250, Hejnsvig,1472200 ,19-12-2011,Fam. Salg,167,8816,6,1928,
530,Villa,Flintemarken 91,7190, Billund,2200000 ,19-12-2011,Alm. Salg,177,12429,5,1988,-3%
530,Villa,Rugbjergvej 61,6623, Vorbasse,63271 ,15-12-2011,Andet,190,333,6,1981,
530,Villa,Fyrrevænget 109,7190, Billund,1250000 ,14-12-2011,Alm. Salg,158,7911,6,1969,-3%
530,Villa,Havrevænget 5,7200, Grindsted,1468806 ,11-12-2011,Alm. Salg,156,9415,6,1962,-2%
530,Ejerlejlighed,"Nørre Torv 4, 1. 5",7200, Grindsted,2520000 ,09-12-2011,Alm. Salg,164,15366,4,2011,
530,Rækkehus,Bekkasinvej 10A,7200, Grindsted,1145000 ,08-12-2011,Alm. Salg,88,13011,3,2001,
530,Villa,Møbjergvej 89,7260, Sønder Omme,595000 ,08-12-2011,Alm. Salg,144,4132,7,1870,
530,Villa,Lillevang 130,7190, Billund,427500 ,08-12-2011,Alm. Salg,187,2286,5,2012,
530,Villa,Ole Kirks Vej 8,7190, Billund,1008500 ,05-12-2011,Andet,228,4423,6,1952,-52%
530,Villa,Amtsvejen 28,7200, Grindsted,50000 ,05-12-2011,Alm. Salg,149,336,5,1912,
530,Rækkehus,Markskellet 60,7190, Billund,1245000 ,04-12-2011,Alm. Salg,94,13245,4,1990,-4%
530,Rækkehus,Lærkevang 17,7200, Grindsted,1820000 ,04-12-2011,Alm. Salg,115,15826,4,1996,4%
530,Villa,Vestre Boulevard 14,7200, Grindsted,2095000 ,04-12-2011,Alm. Salg,203,10320,7,1926,
530,Villa,Urupvej 1,7200, Grindsted,995000 ,04-12-2011,Alm. Salg,149,6678,6,1976,
530,Villa,Engsøparken 13,7200, Grindsted,3050000 ,04-12-2011,Alm. Salg,265,11509,7,2000,-5%
530,Villa,Toften 59,7190, Billund,1025000 ,03-12-2011,Alm. Salg,140,7321,5,1968,-14%
530,Villa,Kærvej 325,7190, Billund,1135000 ,01-12-2011,Alm. Salg,192,5911,7,1972,-12%
530,Villa,Fyrrevænget 106,7190, Billund,741994 ,30-11-2011,Andet,271,2738,6,1969,
530,Villa,Grindstedvej 11,7260, Sønder Omme,487114 ,29-11-2011,Alm. Salg,100,4871,3,1936,
530,Villa,Bogfinkevej 7,7190, Billund,1225000 ,29-11-2011,Alm. Salg,105,11667,4,1924,-2%
530,Ejerlejlighed,"Nygade 19G, 1",7200, Grindsted,640000 ,27-11-2011,Alm. Salg,61,10492,2,1985,-5%
530,Villa,Plantagevej 25,7200, Grindsted,1445000 ,27-11-2011,Alm. Salg,134,10784,6,1981,-3%
530,Villa,Dalsøvej 139,7200, Grindsted,2000000 ,24-11-2011,Fam. Salg,171,11696,8,1984,
530,Villa,Grønnegade 4,6623, Vorbasse,630000 ,23-11-2011,Alm. Salg,127,4961,4,1979,-10%
530,Villa,Møbjergvej 11,7260, Sønder Omme,925000 ,23-11-2011,Alm. Salg,168,5506,6,1963,
530,Villa,Stenhøjvej 1B,7250, Hejnsvig,1070000 ,22-11-2011,Alm. Salg,246,4350,8,1969,-7%
530,Villa,Rahbæksparken 456,7260, Sønder Omme,1250000 ,20-11-2011,Alm. Salg,95,13158,3,2010,-3%
530,Villa,Krogagervej 16,7200, Grindsted,729134 ,16-11-2011,Alm. Salg,152,4797,5,1957,
530,Villa,Plougslundvej 171,7190, Billund,1450000 ,15-11-2011,Alm. Salg,142,10211,6,1973,-3%
530,Villa,Engvangen 14,7200, Grindsted,1000000 ,14-11-2011,Alm. Salg,145,6897,5,1977,
530,Villa,Grindsted Landevej 28,7200, Grindsted,484500 ,13-11-2011,Fam. Salg,111,4365,5,1948,
530,Villa,Jyllandsgade 41,7200, Grindsted,1485000 ,13-11-2011,Alm. Salg,123,12073,4,1956,-1%
530,Villa,Vestergade 89,7200, Grindsted,795000 ,10-11-2011,Alm. Salg,105,7571,5,1964,
530,Villa,Kløvervej 4,7190, Billund,1000000 ,09-11-2011,Alm. Salg,142,7042,6,1972,-16%
530,Villa,Mølleparken 204,7190, Billund,1390000 ,08-11-2011,Alm. Salg,125,11120,4,1975,-4%
530,Ejerlejlighed,"Nørre Torv 4, 1. 1",7200, Grindsted,2250000 ,07-11-2011,Alm. Salg,156,14423,4,2011,-3%
530,Villa,Lupinvænget 39,7200, Grindsted,950000 ,06-11-2011,Alm. Salg,98,9694,3,1962,-13%
530,Villa,Lundgårdvej 73,7250, Hejnsvig,50000 ,03-11-2011,Alm. Salg,60,833,4,1947,
530,Villa,Grindsted Landevej 10,7200, Grindsted,350000 ,02-11-2011,Auktion,108,3241,4,1953,
530,Villa,Ådalen 1,7200, Grindsted,1998000 ,31-10-2011,Alm. Salg,130,15369,3,1960,
530,Villa,Slaugvej 6,6623, Vorbasse,242135 ,31-10-2011,Alm. Salg,138,1755,7,1936,
530,Rækkehus,Jørgen Glavinds Vej 29,7200, Grindsted,1050000 ,27-10-2011,Alm. Salg,137,7664,5,1957,
530,Villa,Risbølvej 5,7250, Hejnsvig,625000 ,23-10-2011,Alm. Salg,196,3189,5,1953,
530,Villa,Frederikshåbvej 4B,6623, Vorbasse,1500000 ,23-10-2011,Alm. Salg,264,5682,10,1965,
530,Villa,Torvegade 6,7250, Hejnsvig,400000 ,21-10-2011,Alm. Salg,149,2516,5,1928,
530,Villa,Rosenvej 10,7200, Grindsted,700000 ,20-10-2011,Alm. Salg,116,6034,3,1978,-12%
530,Villa,Grønvang 11,7260, Sønder Omme,580000 ,19-10-2011,Alm. Salg,116,5000,4,1969,
530,Villa,Gammel Bøvlvej 21,7260, Sønder Omme,1195000 ,19-10-2011,Alm. Salg,152,7862,4,1957,
530,Villa,Lyngvang 5,7260, Sønder Omme,730000 ,13-10-2011,Alm. Salg,144,5069,5,1973,-6%
530,Villa,Holdgårdsvej 35,7260, Sønder Omme,400000 ,13-10-2011,Alm. Salg,217,1843,6,1938,-19%
530,Villa,Engsøparken 65,7200, Grindsted,1975000 ,12-10-2011,Alm. Salg,189,10450,5,2001,-12%
530,Villa,Herningvej 6,7260, Sønder Omme,615000 ,11-10-2011,Alm. Salg,115,5348,4,1928,-23%
530,Rækkehus,Vestergade 85,7200, Grindsted,400000 ,04-10-2011,Auktion,110,3636,3,2015,-55%
530,Villa,Dalbo 49,7200, Grindsted,555585 ,02-10-2011,Alm. Salg,124,4481,4,1978,
530,Villa,Nørrevej 57,7200, Grindsted,419950 ,01-10-2011,Alm. Salg,170,2470,4,1975,-62%
530,Villa,Dalsvej 19,7200, Grindsted,594000 ,29-09-2011,Andet,164,3622,5,1962,-57%
530,Villa,Krarupvej 8,7200, Grindsted,1125000 ,29-09-2011,Alm. Salg,101,11139,3,1953,-6%
530,Villa,Markskellet 108,7190, Billund,1495000 ,22-09-2011,Alm. Salg,130,11500,5,1988,-6%
530,Villa,Stationsvej 19,7200, Grindsted,590000 ,20-09-2011,Alm. Salg,146,4041,6,1960,-7%
530,Villa,Tjørnevej 22,7200, Grindsted,1100000 ,20-09-2011,Alm. Salg,151,7285,5,1964,-15%
530,Villa,Åhavevej 56,7200, Grindsted,2900000 ,20-09-2011,Alm. Salg,269,10781,6,1972,-17%
530,Villa,Jørgen Glavinds Vej 1,7200, Grindsted,1298000 ,20-09-2011,Alm. Salg,129,10062,4,1955,
530,Villa,Dalsøvej 103,7200, Grindsted,1068000 ,15-09-2011,Alm. Salg,173,6173,6,1979,-5%
530,Villa,Nørager 10,7260, Sønder Omme,1800000 ,15-09-2011,Alm. Salg,195,9231,7,1994,-9%
530,Rækkehus,Søndervold 111B,7200, Grindsted,1450000 ,11-09-2011,Alm. Salg,109,13303,3,2007,-3%
530,Villa,Toften 29,7190, Billund,1100000 ,11-09-2011,Alm. Salg,100,11000,4,1966,-4%
530,Rækkehus,Krogagervej 50,7200, Grindsted,990000 ,07-09-2011,Alm. Salg,116,8534,4,1957,
530,Villa,Primulavej 28,7200, Grindsted,1350000 ,07-09-2011,Alm. Salg,123,10976,4,1965,
530,Rækkehus,Sydtoften 137,7200, Grindsted,850000 ,06-09-2011,Alm. Salg,82,10366,3,1984,-8%
530,Villa,Tranebærvej 2,7200, Grindsted,950000 ,06-09-2011,Alm. Salg,142,6690,4,1965,-13%
530,Ejerlejlighed,"Nørre Torv 4, 3. 5",7200, Grindsted,2520000 ,04-09-2011,Alm. Salg,164,15366,4,2011,
530,Villa,Smutten 4,7190, Billund,1295000 ,04-09-2011,Alm. Salg,174,7443,5,1974,
530,Villa,Søllingdalvej 52,7250, Hejnsvig,550000 ,04-09-2011,Alm. Salg,135,4074,5,1977,
530,Villa,Vestervang 9,7190, Billund,1525000 ,01-09-2011,Alm. Salg,168,9077,6,1986,-5%
530,Villa,Loftvej 36,7200, Grindsted,1390000 ,01-09-2011,Alm. Salg,189,7354,6,1954,-4%
530,Villa,Søndergade 13,6623, Vorbasse,650000 ,28-08-2011,Alm. Salg,94,6915,4,1959,-6%
530,Villa,Åbrinken 3,7200, Grindsted,675000 ,28-08-2011,Alm. Salg,146,4623,4,1972,-12%
530,Villa,Lillevang 110,7190, Billund,433200 ,28-08-2011,Alm. Salg,210,2063,6,2012,
530,Villa,Grønvang 7,7260, Sønder Omme,665000 ,24-08-2011,Alm. Salg,129,5155,3,1969,-4%
530,Villa,Langgade 54,7250, Hejnsvig,170000 ,24-08-2011,Auktion,136,1250,4,1978,
530,Villa,Vinkelvej 6,7250, Hejnsvig,350000 ,22-08-2011,Alm. Salg,87,4023,4,1960,-36%
530,Villa,Æblevej 10,7250, Hejnsvig,110000 ,17-08-2011,Auktion,111,991,4,1960,-71%
530,Villa,Sjælsøvej 4,7200, Grindsted,1850000 ,12-08-2011,Alm. Salg,201,9204,8,1974,-7%
530,Villa,Slaugvej 1A,6623, Vorbasse,2100000 ,07-08-2011,Alm. Salg,224,9375,8,1939,
530,Villa,Nørrevej 25,7200, Grindsted,1050000 ,04-08-2011,Alm. Salg,130,8077,4,1980,-4%
530,Villa,Mølleparken 360,7190, Billund,1650000 ,03-08-2011,Alm. Salg,140,11786,5,1984,
530,Villa,Blåbærvej 7,7200, Grindsted,995000 ,03-08-2011,Alm. Salg,105,9476,4,1965,
530,Villa,Klosterhedevej 15,7200, Grindsted,930000 ,02-08-2011,Alm. Salg,123,7561,4,1973,-11%
530,Villa,Labrivej 5,6623, Vorbasse,1725000 ,01-08-2011,Alm. Salg,166,10392,5,1997,-5%
530,Villa,Anemonevej 23,7200, Grindsted,950000 ,31-07-2011,Alm. Salg,146,6507,6,1962,-5%
530,Villa,Kærvej 19,7200, Grindsted,1400000 ,31-07-2011,Alm. Salg,161,8696,5,1960,-12%
530,Villa,Mandøvej 14,7200, Grindsted,1480000 ,31-07-2011,Alm. Salg,170,8706,6,1972,-4%
530,Villa,Kærtoften 6,7200, Grindsted,510000 ,27-07-2011,Alm. Salg,106,4811,4,1949,-18%
530,Villa,Vejlevej 22,7260, Sønder Omme,325000 ,26-07-2011,Alm. Salg,83,3916,3,1937,-13%
530,Villa,Mølleparken 110,7190, Billund,1265000 ,26-07-2011,Alm. Salg,143,8846,5,1977,-5%
530,Villa,Vestervang 22,7190, Billund,1440000 ,26-07-2011,Alm. Salg,149,9664,5,1987,-4%
530,Rækkehus,Sønderkær 409A,7190, Billund,995000 ,21-07-2011,Alm. Salg,77,12922,3,1986,
530,Villa,Sønderkær 413,7190, Billund,1265000 ,21-07-2011,Alm. Salg,130,9731,5,1986,-2%
530,Villa,Nørregade 26,6623, Vorbasse,374563 ,20-07-2011,Alm. Salg,124,3021,5,1934,
530,Villa,Bogfinkevej 5,7190, Billund,1000000 ,20-07-2011,Alm. Salg,135,7407,4,1974,
530,Villa,Sønderkær 154,7190, Billund,1650000 ,20-07-2011,Alm. Salg,150,11000,5,1976,-1%
530,Villa,Aakjærsvej 15,7200, Grindsted,499000 ,19-07-2011,Alm. Salg,99,5040,3,1946,-55%
530,Villa,Krogagervej 34,7200, Grindsted,950000 ,14-07-2011,Alm. Salg,103,9223,3,1961,
530,Villa,Tingstedet 94,7190, Billund,1870000 ,14-07-2011,Alm. Salg,165,11333,7,1996,
530,Villa,Krohaven 4,7200, Grindsted,343750 ,11-07-2011,Alm. Salg,202,1287,6,2012,
530,Villa,Nebelvej 8,6623, Vorbasse,955000 ,11-07-2011,Alm. Salg,174,5489,5,1939,-4%
530,Villa,Morsbølvej 7,7200, Grindsted,2750000 ,11-07-2011,Alm. Salg,192,14323,6,2008,-3%
530,Villa,Granvej 7,7190, Billund,852500 ,08-07-2011,Fam. Salg,205,4159,8,1969,
530,Villa,Nygade 25,7200, Grindsted,1450000 ,07-07-2011,Alm. Salg,98,14796,4,1950,-3%
530,Rækkehus,Rønnebærvej 1,7200, Grindsted,895000 ,06-07-2011,Alm. Salg,86,10407,4,1967,
530,Villa,Løvlundvej 1B,7190, Billund,1312000 ,06-07-2011,Alm. Salg,282,4652,6,2011,
530,Villa,Åhavevej 4,7200, Grindsted,1300000 ,05-07-2011,Alm. Salg,148,8784,6,1974,-7%
530,Villa,Tingstedet 17,7190, Billund,1000000 ,04-07-2011,Alm. Salg,169,5917,8,1996,
530,Villa,Plagborgvej 8,7200, Grindsted,745000 ,03-07-2011,Alm. Salg,139,5360,6,1952,-21%
530,Villa,Lillevang 34,7190, Billund,2465000 ,03-07-2011,Alm. Salg,170,14500,5,2007,-1%
530,Villa,Stenvej 16,7200, Grindsted,770000 ,29-06-2011,Alm. Salg,150,5133,4,1955,
530,Rækkehus,Åbrinken 24,7200, Grindsted,335000 ,28-06-2011,Alm. Salg,81,4136,3,1982,-11%
530,Villa,Lillevang 156,7190, Billund,340800 ,27-06-2011,Alm. Salg,156,2185,5,2012,
530,Rækkehus,Lysningen 18,7190, Billund,1183500 ,25-06-2011,Alm. Salg,99,11955,4,1986,
530,Villa,Egebjerg Landevej 91,7250, Hejnsvig,275000 ,23-06-2011,Alm. Salg,154,1786,5,1945,
530,Villa,Mølleparken 215,7190, Billund,691192 ,22-06-2011,Alm. Salg,142,4868,5,1976,
530,Villa,Utoftvej 13,7200, Grindsted,1550000 ,21-06-2011,Alm. Salg,194,7990,5,1995,-3%
530,Villa,Engsøparken 171,7200, Grindsted,375000 ,21-06-2011,Alm. Salg,175,2143,6,2012,-6%
530,Villa,Bredgade 44,7250, Hejnsvig,558730 ,18-06-2011,Alm. Salg,182,3070,5,1935,
530,Villa,Søndergade 4,7250, Hejnsvig,800000 ,17-06-2011,Fam. Salg,222,3604,10,1925,
530,Rækkehus,Sønderkær 469,7190, Billund,945000 ,16-06-2011,Alm. Salg,82,11524,3,1982,-5%
530,Ejerlejlighed,"Nørre Torv 4, 4. 3",7200, Grindsted,1575000 ,15-06-2011,Alm. Salg,99,15909,3,2011,
530,Villa,Rønnebærvej 2,7200, Grindsted,1175000 ,15-06-2011,Alm. Salg,146,8048,6,1969,-6%
530,Villa,Østervænget 28,6623, Vorbasse,800000 ,13-06-2011,Fam. Salg,120,6667,4,1980,
530,Villa,Lillevang 35,7190, Billund,2170000 ,13-06-2011,Alm. Salg,160,13563,6,2004,
530,Villa,Engvangen 29,7200, Grindsted,650000 ,13-06-2011,Alm. Salg,123,5285,6,1966,
530,Villa,Skovvej 11,7260, Sønder Omme,712000 ,09-06-2011,Alm. Salg,131,5435,4,1968,-3%
530,Villa,Aakjærsvej 11,7200, Grindsted,1075000 ,09-06-2011,Alm. Salg,96,11198,3,1948,-10%
530,Villa,Granvej 9,7200, Grindsted,1135000 ,07-06-2011,Alm. Salg,122,9303,4,1959,-5%
530,Villa,Primulavej 13,7200, Grindsted,1548333 ,05-06-2011,Alm. Salg,181,8554,5,1964,-3%
530,Villa,Plougstrupvej 9,7200, Grindsted,625000 ,05-06-2011,Alm. Salg,199,3141,5,1900,-21%
530,Villa,Abildvej 15,7200, Grindsted,750000 ,31-05-2011,Alm. Salg,120,6250,5,1972,-12%
530,Villa,Vejlevej 26A,7260, Sønder Omme,1150000 ,30-05-2011,Alm. Salg,122,9426,3,1987,
530,Villa,Søgårdvej 57,7250, Hejnsvig,900000 ,29-05-2011,Alm. Salg,149,6040,6,1979,
530,Villa,Rugvænget 27,7200, Grindsted,695000 ,29-05-2011,Alm. Salg,122,5697,4,1962,
530,Villa,Birkevangen 8,7200, Grindsted,650000 ,26-05-2011,Alm. Salg,217,2995,6,2012,-27%
530,Villa,Labrivej 3,6623, Vorbasse,1775000 ,26-05-2011,Alm. Salg,158,11234,6,1997,
530,Villa,Langgade 47,7250, Hejnsvig,150000 ,25-05-2011,Auktion,112,1339,4,1978,-68%
530,Villa,Morsbøl Søvej 102,7200, Grindsted,254500 ,25-05-2011,Alm. Salg,295,863,11,2012,
530,Villa,Østervænget 22,6623, Vorbasse,1335000 ,24-05-2011,Alm. Salg,142,9401,6,1990,-4%
530,Villa,Østervej 9,7200, Grindsted,509025 ,23-05-2011,Alm. Salg,144,3535,8,1975,
530,Villa,Tingstedet 95,7190, Billund,2075000 ,23-05-2011,Alm. Salg,178,11657,6,1998,-1%
530,Rækkehus,Dalsvinget 20D,7200, Grindsted,800000 ,17-05-2011,Alm. Salg,96,8333,4,1978,
530,Ejerlejlighed,"Banegårdsvej 17, st",7200, Grindsted,725000 ,17-05-2011,Alm. Salg,68,10662,2,1987,-3%
530,Villa,Anemonevej 7,7200, Grindsted,825000 ,17-05-2011,Alm. Salg,169,4882,4,1962,
530,Villa,Åglimt 41,7200, Grindsted,500000 ,17-05-2011,Alm. Salg,104,4808,5,1957,-23%
530,Villa,Flintemarken 13,7190, Billund,1395000 ,16-05-2011,Alm. Salg,125,11160,6,1991,
530,Villa,Lillevang 132,7190, Billund,443500 ,16-05-2011,Alm. Salg,222,1998,8,2011,
530,Villa,Blåbærvej 2,7200, Grindsted,1350000 ,16-05-2011,Alm. Salg,172,7849,6,1967,-5%
530,Villa,Ribersvej 192,7200, Grindsted,745502 ,14-05-2011,Alm. Salg,129,5779,5,1984,
530,Villa,Tyttebærvej 15,7200, Grindsted,1050000 ,11-05-2011,Alm. Salg,115,9130,4,1968,-5%
530,Villa,Ådalen 11,7200, Grindsted,2200000 ,10-05-2011,Alm. Salg,155,14194,6,1964,-2%
530,Villa,Sønderkær 234,7190, Billund,1690000 ,10-05-2011,Alm. Salg,172,9826,6,1978,-6%
530,Villa,Flintemarken 10,7190, Billund,1550000 ,09-05-2011,Alm. Salg,125,12400,4,1989,-3%
530,Villa,Egevænget 207,7190, Billund,1600000 ,08-05-2011,Alm. Salg,181,8840,6,1972,-6%
530,Villa,Sønderkær 227,7190, Billund,1980000 ,05-05-2011,Alm. Salg,255,7765,10,1980,-1%
530,Villa,Vesterled 14,7260, Sønder Omme,695000 ,05-05-2011,Alm. Salg,108,6435,4,1963,-7%
530,Villa,Lillevang 77,7190, Billund,2440000 ,05-05-2011,Alm. Salg,189,12910,6,2007,
530,Villa,Flintemarken 6,7190, Billund,1475000 ,04-05-2011,Alm. Salg,136,10846,5,1989,-5%
530,Villa,Lillevang 50,7190, Billund,2250000 ,04-05-2011,Alm. Salg,200,11250,5,2007,-2%
530,Villa,Vesterled 15,7260, Sønder Omme,635000 ,03-05-2011,Alm. Salg,108,5880,4,1967,
530,Villa,Langmosevej 14,7250, Hejnsvig,800000 ,02-05-2011,Fam. Salg,167,4790,5,1998,
530,Villa,Farvergade 25,7260, Sønder Omme,650000 ,01-05-2011,Alm. Salg,122,5328,4,1930,
530,Villa,Ribersvej 168,7200, Grindsted,1325000 ,01-05-2011,Alm. Salg,147,9014,5,1980,-5%
530,Villa,Nebelvej 15,6623, Vorbasse,317733 ,30-04-2011,Alm. Salg,97,3276,4,1953,
530,Villa,Nørager 35,7260, Sønder Omme,845000 ,28-04-2011,Alm. Salg,160,5281,5,1979,
530,Villa,Jorden Rundt 15,7200, Grindsted,900000 ,27-04-2011,Alm. Salg,161,5590,4,1957,-10%
530,Villa,Vinkelvej 5,7250, Hejnsvig,800000 ,27-04-2011,Alm. Salg,114,7018,4,1963,-10%
530,Villa,Tiphedevej 6,7200, Grindsted,1185000 ,27-04-2011,Alm. Salg,133,8910,5,1972,-5%
530,Villa,Bybækvej 5,7200, Grindsted,975000 ,26-04-2011,Alm. Salg,191,5105,8,1976,-11%
530,Villa,Lærke Alle 2,7260, Sønder Omme,972308 ,24-04-2011,Alm. Salg,131,7422,5,1959,
530,Villa,Primulavej 18,7200, Grindsted,1035000 ,20-04-2011,Alm. Salg,138,7500,5,1966,
530,Villa,Fanøvej 9,7200, Grindsted,750000 ,19-04-2011,Alm. Salg,168,4464,6,1970,
530,Rækkehus,Lysningen 38,7190, Billund,1145000 ,17-04-2011,Alm. Salg,95,12053,3,1986,-2%
530,Villa,Østergaardsvej 7,7200, Grindsted,585000 ,17-04-2011,Alm. Salg,73,8014,3,1954,-2%
530,Villa,Hybenvej 2,7200, Grindsted,1425000 ,14-04-2011,Alm. Salg,157,9076,6,1968,
530,Villa,Højene 9,7250, Hejnsvig,765000 ,12-04-2011,Alm. Salg,163,4693,5,1971,-4%
530,Villa,Høstvej 1,7250, Hejnsvig,875000 ,12-04-2011,Alm. Salg,134,6530,6,1967,
530,Villa,Lillevang 10,7190, Billund,2565000 ,11-04-2011,Alm. Salg,219,11712,7,2001,-11%
530,Villa,Jørgen Glavinds Vej 5,7200, Grindsted,1375000 ,11-04-2011,Alm. Salg,116,11853,5,1956,-1%
530,Villa,Dalsvinget 53,7200, Grindsted,1380000 ,09-04-2011,Alm. Salg,136,10147,5,1977,
530,Ejerlejlighed,"Hovedgaden 44C, 1. mf",7190, Billund,1395000 ,07-04-2011,Alm. Salg,130,10731,3,2012,
530,Villa,Tarm Landevej 29,7260, Sønder Omme,765000 ,06-04-2011,Auktion,339,2257,7,1917,-13%
530,Villa,Almstokvej 14,7190, Billund,555000 ,06-04-2011,Alm. Salg,111,5000,4,1971,-11%
530,Villa,Herningvej 9,7260, Sønder Omme,570000 ,06-04-2011,Alm. Salg,120,4750,4,1927,-3%
530,Villa,Morsbøl Søvej 106,7200, Grindsted,485000 ,03-04-2011,Alm. Salg,163,2975,6,2011,
530,Villa,Morsbøl Søvej 36,7200, Grindsted,320000 ,29-03-2011,Alm. Salg,219,1461,7,2013,
530,Villa,Nørrevej 23,7200, Grindsted,925000 ,28-03-2011,Alm. Salg,155,5968,6,1986,
530,Villa,Grønvang 27,7260, Sønder Omme,775000 ,28-03-2011,Alm. Salg,157,4936,5,1966,-6%
530,Rækkehus,Sønderkær 407B,7190, Billund,994000 ,27-03-2011,Alm. Salg,77,12909,3,1987,
530,Villa,Grønvang 29,7260, Sønder Omme,550000 ,27-03-2011,Alm. Salg,120,4583,4,1966,-8%
530,Villa,Grønvang 25,7260, Sønder Omme,758960 ,26-03-2011,Alm. Salg,243,3123,8,1972,
530,Villa,Tusborgvej 14,7200, Grindsted,925000 ,25-03-2011,Alm. Salg,143,6469,4,2016,-7%
530,Ejerlejlighed,"Hovedgaden 44D, st",7190, Billund,1475000 ,23-03-2011,Alm. Salg,103,14320,3,2012,
530,Villa,Lundhedevej 21,7200, Grindsted,914500 ,23-03-2011,Fam. Salg,88,10392,2,1956,
530,Villa,Hyldevej 7,7260, Sønder Omme,530000 ,23-03-2011,Auktion,242,2190,4,2014,-69%
530,Villa,Birkebæk Alle 15,7260, Sønder Omme,745000 ,22-03-2011,Alm. Salg,128,5820,4,1970,-12%
530,Rækkehus,Herningvej 8,7260, Sønder Omme,395000 ,21-03-2011,Alm. Salg,102,3873,3,1919,-12%
530,Villa,Sydtoften 33,7200, Grindsted,1995000 ,20-03-2011,Alm. Salg,189,10556,7,1981,
530,Villa,Dalsøvej 67,7200, Grindsted,940000 ,18-03-2011,Alm. Salg,128,7344,4,1976,-5%
530,Villa,Sønderkær 379,7190, Billund,1425000 ,17-03-2011,Alm. Salg,143,9965,6,1984,-5%
530,Villa,Solbakken 38,7260, Sønder Omme,1010000 ,16-03-2011,Alm. Salg,171,5906,5,1975,
530,Villa,Kærvej 3,7200, Grindsted,1750000 ,16-03-2011,Alm. Salg,159,11006,5,1962,-16%
530,Villa,Storegade 53,7200, Grindsted,880000 ,16-03-2011,Alm. Salg,125,7040,4,1952,-7%
530,Villa,Ribe Landevej 57,7250, Hejnsvig,1300000 ,15-03-2011,Alm. Salg,169,6075,8,1918,-26%
530,Villa,Enevej 15,7200, Grindsted,1470000 ,14-03-2011,Alm. Salg,195,7538,6,1977,-7%
530,Villa,Toften 9,7190, Billund,830000 ,14-03-2011,Alm. Salg,102,8137,4,1966,
530,Villa,Stilbjergvej 4B,7190, Billund,366667 ,14-03-2011,Alm. Salg,201,1239,7,1972,
530,Villa,Lupinvænget 24,7200, Grindsted,965000 ,13-03-2011,Alm. Salg,94,10266,3,1963,-3%
530,Villa,Abildvej 7,7200, Grindsted,488300 ,13-03-2011,Alm. Salg,135,3617,5,1972,
530,Villa,Søgårdparken 20,7250, Hejnsvig,1995000 ,10-03-2011,Alm. Salg,172,11599,5,2005,
530,Villa,Søgårdvej 50,7250, Hejnsvig,1545000 ,10-03-2011,Alm. Salg,233,6631,8,1945,-3%
530,Villa,Prærien 25,7200, Grindsted,821000 ,09-03-2011,Alm. Salg,186,4414,6,1988,
530,Villa,Lillevang 126,7190, Billund,314800 ,09-03-2011,Alm. Salg,149,2113,5,2011,
530,Ejerlejlighed,"Hovedgaden 44C, 1. tv",7190, Billund,1395000 ,07-03-2011,Alm. Salg,130,10731,3,2012,
530,Ejerlejlighed,"Hovedgaden 44C, 2. th",7190, Billund,1450000 ,07-03-2011,Alm. Salg,130,11154,3,2012,
530,Villa,Havrevænget 12,7200, Grindsted,895000 ,06-03-2011,Alm. Salg,78,11474,3,1962,
530,Villa,Åmosevej 2,7200, Grindsted,1175000 ,05-03-2011,Alm. Salg,156,7532,5,1900,-6%
530,Villa,Østergade 22,6623, Vorbasse,745000 ,04-03-2011,Alm. Salg,101,7376,3,1958,-6%
530,Ejerlejlighed,"Hovedgaden 44C, 2. tv",7190, Billund,1450000 ,03-03-2011,Alm. Salg,130,11154,3,2012,
530,Villa,Møbjergvej 77,7260, Sønder Omme,995000 ,03-03-2011,Alm. Salg,173,5751,5,1900,
530,Ejerlejlighed,"Hovedgaden 44C, 1. th",7190, Billund,1395000 ,02-03-2011,Alm. Salg,130,10731,3,2012,
530,Ejerlejlighed,"Hovedgaden 44C, 2. mf",7190, Billund,1450000 ,02-03-2011,Alm. Salg,130,11154,3,2012,
530,Ejerlejlighed,"Hovedgaden 44A, st",7190, Billund,1475000 ,02-03-2011,Alm. Salg,103,14320,3,2012,
530,Rækkehus,Grønningen 6A,7190, Billund,930000 ,28-02-2011,Alm. Salg,79,11772,3,1987,-2%
530,Villa,Østergade 58,6623, Vorbasse,670000 ,28-02-2011,Alm. Salg,132,5076,3,1940,-4%
530,Villa,Engsøparken 21,7200, Grindsted,3250000 ,27-02-2011,Alm. Salg,258,12597,5,1998,-1%
530,Villa,Stationsvej 18,7200, Grindsted,730000 ,24-02-2011,Alm. Salg,134,5448,5,1947,-5%
530,Villa,Egevænget 307,7190, Billund,1200000 ,21-02-2011,Alm. Salg,136,8824,5,1972,-7%
530,Villa,Vestervej 4,7200, Grindsted,955000 ,21-02-2011,Alm. Salg,172,5552,7,1915,
530,Villa,Fasanvej 20,7190, Billund,1000000 ,21-02-2011,Alm. Salg,175,5714,6,1960,-9%
530,Villa,Søgårdvej 73,7250, Hejnsvig,1215000 ,17-02-2011,Alm. Salg,141,8617,5,1979,-6%
530,Villa,Sønderkær 119,7190, Billund,1020000 ,17-02-2011,Fam. Salg,138,7391,4,1978,
530,Villa,Læsøvej 7,7200, Grindsted,1350000 ,17-02-2011,Alm. Salg,176,7670,5,1969,-3%
530,Ejerlejlighed,"Grønningen 23, st. mf",7200, Grindsted,160000 ,16-02-2011,Auktion,40,4000,1,1968,
530,Villa,Engsøparken 45,7200, Grindsted,2350000 ,16-02-2011,Alm. Salg,163,14417,4,2006,
530,Villa,Møbjergvej 33,7260, Sønder Omme,1000000 ,12-02-2011,Andet,138,7246,5,1902,
530,Villa,Egevangen 3,7200, Grindsted,975000 ,11-02-2011,Alm. Salg,123,7927,6,1960,
530,Villa,Mandøvej 9,7200, Grindsted,640000 ,10-02-2011,Alm. Salg,124,5161,5,1970,-8%
530,Villa,Vilhelmsmindevej 50,7260, Sønder Omme,225000 ,09-02-2011,Auktion,120,1875,4,1922,-72%
530,Villa,Søllingdalvej 4,7250, Hejnsvig,475000 ,09-02-2011,Alm. Salg,120,3958,5,1974,
530,Villa,Dalsvinget 45,7200, Grindsted,740000 ,09-02-2011,Auktion,176,4205,6,1977,
530,Villa,Amtsvejen 25B,7200, Grindsted,40000 ,09-02-2011,Auktion,144,278,4,2020,
530,Villa,Jyllandsgade 1,7200, Grindsted,2050000 ,06-02-2011,Alm. Salg,180,11389,6,1954,
530,Villa,Gammel Vejlevej 30,7200, Grindsted,343531 ,05-02-2011,Alm. Salg,161,2134,7,1900,
530,Villa,Daugårdvej 16,7250, Hejnsvig,415963 ,04-02-2011,Alm. Salg,120,3466,3,1949,
530,Rækkehus,Søndervold 111A,7200, Grindsted,1300000 ,02-02-2011,Alm. Salg,101,12871,3,2007,-7%
530,Villa,Solbakken 52,7260, Sønder Omme,925000 ,30-01-2011,Alm. Salg,127,7283,4,1977,-7%
530,Villa,Egeparken 12,7260, Sønder Omme,502333 ,26-01-2011,Andet,154,3262,5,1998,
530,Villa,Tingstedet 30,7190, Billund,800000 ,25-01-2011,Fam. Salg,137,5839,6,1997,
530,Villa,Lillevang 97,7190, Billund,300000 ,24-01-2011,Alm. Salg,251,1195,6,2011,
530,Villa,Vestervej 6,7200, Grindsted,509045 ,21-01-2011,Alm. Salg,129,3946,5,1943,
530,Villa,Enevej 2,7200, Grindsted,1800000 ,20-01-2011,Alm. Salg,189,9524,6,1985,-10%
530,Villa,Nyvej 19,7250, Hejnsvig,540000 ,19-01-2011,Alm. Salg,64,8438,3,1962,-4%
530,Villa,Håndværkervej 2,6623, Vorbasse,750000 ,14-01-2011,Andet,193,3886,7,1978,
530,Villa,Lillevang 55,7190, Billund,1875000 ,12-01-2011,Alm. Salg,140,13393,4,2006,
530,Villa,Sjællandsgade 20,7200, Grindsted,1561000 ,11-01-2011,Alm. Salg,137,11394,5,1960,
530,Villa,Kløvervej 8,7190, Billund,2175000 ,10-01-2011,Alm. Salg,221,9842,7,1987,
530,Rækkehus,Sønderkær 345,7190, Billund,1005000 ,09-01-2011,Alm. Salg,80,12563,4,1985,
530,Villa,Kærvej 401,7190, Billund,1725000 ,09-01-2011,Alm. Salg,145,11897,5,1972,-9%
530,Villa,Dalsvinget 33,7200, Grindsted,1300000 ,09-01-2011,Fam. Salg,135,9630,4,1976,
530,Rækkehus,Dalsvinget 20F,7200, Grindsted,795000 ,07-01-2011,Alm. Salg,96,8281,4,1978,-4%
530,Villa,Fittingvej 27,6623, Vorbasse,425000 ,07-01-2011,Alm. Salg,443,959,12,1917,
530,Villa,Sognegårdsvej 2,7200, Grindsted,1800000 ,06-01-2011,Alm. Salg,210,8571,6,1998,
530,Ejerlejlighed,Nørregade 4A,6623, Vorbasse,100000 ,05-01-2011,Auktion,179,559,6,1902,
530,Villa,Markskellet 98,7190, Billund,2150000 ,02-01-2011,Alm. Salg,195,11026,6,1988,-2%
530,Villa,Hovedgaden 53,7260, Sønder Omme,950000 ,01-01-2011,Alm. Salg,168,5655,5,1936,-13%
530,Villa,Plougstrupvej 3,7200, Grindsted,140000 ,01-01-2011,Alm. Salg,290,483,10,1911,-92%
530,Villa,Kirkebyvej 75,7260, Sønder Omme,866000 ,31-12-2010,Fam. Salg,175,4949,5,2010,
530,Villa,Dalsvinget 54,7200, Grindsted,825000 ,30-12-2010,Alm. Salg,128,6445,4,1977,-17%
530,Villa,Engsøparken 115,7200, Grindsted,2075000 ,27-12-2010,Alm. Salg,155,13387,6,2003,-12%
530,Ejerlejlighed,"Hovedgaden 44, 1",7260, Sønder Omme,470000 ,23-12-2010,Alm. Salg,64,7344,3,1908,
530,Villa,Jyllandsgade 39,7200, Grindsted,1100000 ,22-12-2010,Alm. Salg,99,11111,4,1961,
530,Villa,Kirkehusvej 28,7200, Grindsted,232500 ,21-12-2010,Alm. Salg,164,1418,5,2022,-15%
530,Villa,Postgade 6,7200, Grindsted,805000 ,21-12-2010,Alm. Salg,130,6192,4,1925,-5%
530,Ejerlejlighed,"Vejlevej 1, 1. th",7260, Sønder Omme,725000 ,20-12-2010,Fam. Salg,200,3625,6,1940,
530,Villa,Ravnsøvej 8,7200, Grindsted,700000 ,20-12-2010,Andet,160,4375,4,1973,
530,Villa,Havnevej 6,6623, Vorbasse,285000 ,20-12-2010,Alm. Salg,83,3434,4,1940,
530,Villa,Tribinivej 15,6623, Vorbasse,265625 ,20-12-2010,Alm. Salg,200,1328,7,2012,
530,Villa,Søndervold 327,7200, Grindsted,2275000 ,19-12-2010,Alm. Salg,161,14130,6,1995,
530,Villa,Morsbølvej 51,7200, Grindsted,315000 ,19-12-2010,Alm. Salg,185,1703,5,2012,
530,Villa,Egevænget 404,7190, Billund,1425000 ,17-12-2010,Alm. Salg,120,11875,4,1972,-1%
530,Villa,Holdgårdsvej 18,7260, Sønder Omme,525000 ,17-12-2010,Alm. Salg,72,7292,3,1958,-12%
530,Villa,Fuglsøvej 6,7200, Grindsted,2022500 ,16-12-2010,Alm. Salg,180,11236,5,1975,-4%
530,Villa,Søndre Boulevard 317,7200, Grindsted,1715000 ,16-12-2010,Alm. Salg,135,12704,6,1996,-4%
530,Villa,Nollundvej 189,7200, Grindsted,1295000 ,15-12-2010,Alm. Salg,207,6256,7,1924,
530,Villa,Sydtoften 291,7200, Grindsted,1550000 ,15-12-2010,Alm. Salg,118,13136,4,2005,-2%
530,Villa,Kløvervænget 8,7200, Grindsted,680000 ,15-12-2010,Auktion,93,7312,3,1964,-9%
530,Rækkehus,Søndervold 18,7200, Grindsted,765000 ,14-12-2010,Alm. Salg,59,12966,2,1989,
530,Villa,Lillevang 120,7190, Billund,309500 ,14-12-2010,Alm. Salg,170,1821,5,2012,
530,Villa,Morsbølvej 33,7200, Grindsted,330000 ,14-12-2010,Alm. Salg,175,1886,6,2012,
530,Villa,Morsbøl Søvej 32,7200, Grindsted,315000 ,14-12-2010,Alm. Salg,211,1493,6,2012,
530,Villa,Vestermarksvej 11,7200, Grindsted,300000 ,14-12-2010,Alm. Salg,174,1724,5,2019,
530,Villa,Lillevang 114,7190, Billund,416500 ,13-12-2010,Alm. Salg,203,2052,6,2012,
530,Villa,Egeparken 1,7260, Sønder Omme,191000 ,13-12-2010,Alm. Salg,163,1172,5,2017,
530,Villa,Morsbølvej 35,7200, Grindsted,330000 ,12-12-2010,Alm. Salg,147,2245,5,2011,
530,Villa,Dalbo 20,7200, Grindsted,965000 ,11-12-2010,Alm. Salg,113,8540,4,1978,-6%
530,Villa,Morsbøl Søvej 102,7200, Grindsted,509000 ,09-12-2010,Alm. Salg,295,1725,11,2012,
530,Villa,Grindstedvej 17,7260, Sønder Omme,350000 ,08-12-2010,Auktion,109,3211,2,1936,-50%
530,Villa,Morsbølvej 13,7200, Grindsted,460000 ,07-12-2010,Alm. Salg,221,2081,6,2012,
530,Villa,Lillevang 101,7190, Billund,222000 ,06-12-2010,Alm. Salg,165,1345,6,2014,
530,Villa,Abildvej 14,7200, Grindsted,1070000 ,04-12-2010,Alm. Salg,140,7643,5,1971,
530,Rækkehus,Dalsvinget 20A,7200, Grindsted,630000 ,30-11-2010,Andet,75,8400,3,1978,
530,Villa,Nørre Alle 3,7200, Grindsted,782284 ,30-11-2010,Andet,98,7982,4,1931,
530,Villa,Nørregade 60A,7200, Grindsted,1032000 ,30-11-2010,Andet,154,6701,4,1923,
530,Villa,Ahornvej 13,7200, Grindsted,1085000 ,29-11-2010,Alm. Salg,149,7282,6,1966,-9%
530,Villa,Drivvejen 2,6623, Vorbasse,476825 ,29-11-2010,Alm. Salg,130,3668,5,1977,
530,Villa,Tuen 9B,7190, Billund,249000 ,29-11-2010,Alm. Salg,121,2058,5,2012,
530,Ejerlejlighed,"Nygade 19G, st",7200, Grindsted,660000 ,28-11-2010,Alm. Salg,62,10645,2,1985,-5%
530,Villa,Daugårdvej 36,7250, Hejnsvig,520000 ,27-11-2010,Fam. Salg,176,2955,5,1920,
530,Villa,Frejasvej 3,7200, Grindsted,1500000 ,25-11-2010,Alm. Salg,150,10000,6,1975,
530,Rækkehus,Østre Alle 8,7200, Grindsted,995000 ,24-11-2010,Alm. Salg,80,12438,3,1937,
530,Villa,Sydtoften 45,7200, Grindsted,1435000 ,24-11-2010,Alm. Salg,144,9965,5,1984,-1%
530,Villa,Lillevang 112,7190, Billund,416500 ,22-11-2010,Alm. Salg,194,2147,6,2011,
530,Rækkehus,Sønderkær 333,7190, Billund,1145000 ,21-11-2010,Fam. Salg,89,12865,3,1980,
530,Villa,Tribinivej 13,6623, Vorbasse,240625 ,21-11-2010,Alm. Salg,186,1294,6,2012,
530,Villa,Sønderkær 385,7190, Billund,1375000 ,11-11-2010,Alm. Salg,130,10577,4,1985,-1%
530,Villa,Rømøvej 10,7200, Grindsted,1550000 ,11-11-2010,Alm. Salg,177,8757,7,1971,-3%
530,Rækkehus,Lysningen 44,7190, Billund,1245000 ,10-11-2010,Alm. Salg,88,14148,2,2008,-4%
530,Villa,Vinkelvej 2,7250, Hejnsvig,600000 ,10-11-2010,Alm. Salg,81,7407,3,1947,
530,Villa,Nørre Alle 15,7200, Grindsted,975000 ,09-11-2010,Alm. Salg,97,10052,4,1932,-7%
530,Villa,Østergade 55,6623, Vorbasse,850000 ,07-11-2010,Alm. Salg,95,8947,3,1955,-5%
530,Villa,Egevænget 111,7190, Billund,1050000 ,05-11-2010,Alm. Salg,124,8468,4,1972,-4%
530,Rækkehus,Markskellet 34,7190, Billund,825000 ,04-11-2010,Alm. Salg,67,12313,3,1988,-2%
530,Villa,Enghaven 13,7260, Sønder Omme,1411050 ,04-11-2010,Alm. Salg,166,8500,5,1920,-6%
530,Villa,Tranevej 16,7200, Grindsted,1100000 ,03-11-2010,Alm. Salg,187,5882,8,1976,
530,Villa,Skovvang 5,7260, Sønder Omme,387500 ,03-11-2010,Auktion,114,3399,3,1952,
530,Villa,Engsøparken 25,7200, Grindsted,1995000 ,01-11-2010,Alm. Salg,159,12547,6,1999,
530,Villa,Stationsvej 23,7200, Grindsted,645000 ,31-10-2010,Alm. Salg,131,4924,6,1963,
530,Rækkehus,Søndervold 117,7200, Grindsted,1495000 ,29-10-2010,Alm. Salg,101,14802,3,2007,
530,Villa,Solsortvej 16,7200, Grindsted,937500 ,27-10-2010,Alm. Salg,106,8844,4,1956,-4%
530,Villa,Markskellet 84,7190, Billund,1770000 ,26-10-2010,Alm. Salg,179,9888,8,1994,-1%
530,Villa,Krohaven 8,7200, Grindsted,425000 ,25-10-2010,Alm. Salg,156,2724,5,2011,
530,Villa,Gammel Bøvlvej 28,7260, Sønder Omme,595000 ,21-10-2010,Alm. Salg,98,6071,3,1920,-8%
530,Villa,Havrevænget 17,7200, Grindsted,1075000 ,20-10-2010,Alm. Salg,92,11685,4,1962,
530,Villa,Rosengårdsvej 11,7250, Hejnsvig,795000 ,20-10-2010,Alm. Salg,159,5000,6,1974,-6%
530,Villa,Egevænget 110,7190, Billund,1480000 ,20-10-2010,Alm. Salg,130,11385,5,1971,2%
530,Villa,Engvej 11,7200, Grindsted,1000000 ,20-10-2010,Alm. Salg,84,11905,4,1948,
530,Villa,Morsbøl Søvej 118,7200, Grindsted,485100 ,20-10-2010,Alm. Salg,266,1824,7,2013,
530,Villa,Lillevang 3,7190, Billund,1970000 ,19-10-2010,Alm. Salg,153,12876,5,2004,
530,Villa,Søndermarksvej 309,7190, Billund,1550000 ,18-10-2010,Alm. Salg,218,7110,6,1970,-9%
530,Villa,Stationsvej 9,7200, Grindsted,950000 ,18-10-2010,Alm. Salg,116,8190,5,1963,-10%
530,Villa,Bøvlvej 176,7260, Sønder Omme,637500 ,18-10-2010,Andet,148,4307,6,1978,-56%
530,Villa,Spurvevej 1,7200, Grindsted,1095000 ,18-10-2010,Alm. Salg,131,8359,5,1959,
530,Villa,Tingvejen 370,7200, Grindsted,1900000 ,17-10-2010,Andet,260,7308,8,1968,
530,Villa,Mølleparken 210,7190, Billund,1395000 ,13-10-2010,Alm. Salg,135,10333,4,1974,
530,Villa,Morsbølvej 53,7200, Grindsted,315000 ,13-10-2010,Alm. Salg,183,1721,6,2011,
530,Villa,Lillevang 128,7190, Billund,468300 ,13-10-2010,Alm. Salg,228,2054,7,2012,
530,Villa,Morsbølvej 59,7200, Grindsted,375000 ,13-10-2010,Alm. Salg,181,2072,6,2011,
530,Villa,Sønderkær 437,7190, Billund,1275000 ,12-10-2010,Alm. Salg,116,10991,5,1987,-2%
530,Villa,Dalgasvej 8,7200, Grindsted,395000 ,12-10-2010,Alm. Salg,98,4031,3,1950,
530,Villa,Plougstrupvej 3,7200, Grindsted,850000 ,12-10-2010,Fam. Salg,290,2931,10,1911,
530,Villa,Søndermarksvej 11,7200, Grindsted,575000 ,12-10-2010,Alm. Salg,302,1904,8,2015,
530,Villa,Østervej 2,7200, Grindsted,400000 ,11-10-2010,Alm. Salg,94,4255,4,1944,
530,Villa,Flintemarken 2,7190, Billund,833500 ,11-10-2010,Andet,157,5309,5,1987,
530,Villa,Mandøvej 13,7200, Grindsted,1100000 ,11-10-2010,Alm. Salg,138,7971,6,1969,-4%
530,Villa,Svinget 9,7200, Grindsted,1050000 ,10-10-2010,Alm. Salg,90,11667,3,1956,-4%
530,Rækkehus,Søndre Boulevard 353,7200, Grindsted,980000 ,07-10-2010,Alm. Salg,81,12099,3,1986,-2%
530,Ejerlejlighed,Vestergade 24E,7200, Grindsted,1550000 ,07-10-2010,Alm. Salg,117,13248,3,2003,
530,Villa,Pilevej 10,7200, Grindsted,1650000 ,07-10-2010,Alm. Salg,178,9270,6,1961,-7%
530,Villa,Stadion Alle 32,7260, Sønder Omme,560000 ,06-10-2010,Alm. Salg,67,8358,3,1950,-2%
530,Villa,Dalsøvej 177,7200, Grindsted,210000 ,06-10-2010,Alm. Salg,149,1409,4,2013,-16%
530,Villa,Urupvej 1,7200, Grindsted,511628 ,05-10-2010,Fam. Salg,149,3434,6,1976,
530,Villa,Torvegade 8,7250, Hejnsvig,925000 ,05-10-2010,Alm. Salg,137,6752,4,1978,
530,Villa,Østergade 60,6623, Vorbasse,545515 ,04-10-2010,Fam. Salg,179,3048,3,1941,
530,Villa,Systemvej 20,7190, Billund,1300000 ,03-10-2010,Alm. Salg,93,13978,4,1959,-4%
530,Villa,Storegade 58,7200, Grindsted,987500 ,03-10-2010,Alm. Salg,153,6454,5,1935,-10%
530,Villa,Abildvej 17,7200, Grindsted,1395000 ,03-10-2010,Alm. Salg,167,8353,6,1972,
530,Villa,Birkeholtvej 24,7200, Grindsted,2350000 ,30-09-2010,Alm. Salg,234,10043,3,2008,7%
530,Villa,Plougslundvej 135,7190, Billund,1295000 ,30-09-2010,Alm. Salg,162,7994,5,1973,
530,Villa,Dalsvinget 8,7200, Grindsted,1375000 ,30-09-2010,Andet,159,8136,6,1977,
530,Villa,Nørreled 21,7200, Grindsted,600000 ,29-09-2010,Fam. Salg,134,4478,5,1924,
530,Villa,Østerbo 6,7250, Hejnsvig,453000 ,29-09-2010,Alm. Salg,187,2422,5,1928,
530,Villa,Østermosevej 7,6623, Vorbasse,1650000 ,28-09-2010,Alm. Salg,165,10000,5,2009,-6%
530,Villa,Nebelvej 33E,6623, Vorbasse,600000 ,28-09-2010,Alm. Salg,182,3297,6,2012,
530,Villa,Abildvej 5,7200, Grindsted,1330000 ,25-09-2010,Alm. Salg,148,8986,5,1972,
530,Villa,Sverrigsvej 6,7200, Grindsted,1275000 ,23-09-2010,Alm. Salg,149,8557,4,1969,-2%
530,Villa,Vestergade 91,7200, Grindsted,820000 ,22-09-2010,Auktion,164,5000,6,1947,-31%
530,Ejerlejlighed,"Banegårdsvej 25, 1",7200, Grindsted,615000 ,21-09-2010,Alm. Salg,62,9919,2,1987,-2%
530,Ejerlejlighed,"Nørre Torv 4, 1. 3",7200, Grindsted,1525000 ,21-09-2010,Alm. Salg,99,15404,3,2011,
530,Villa,Knudsøvej 8,7200, Grindsted,1600000 ,20-09-2010,Alm. Salg,173,9249,6,1975,-11%
530,Villa,Engsøparken 67,7200, Grindsted,3100000 ,20-09-2010,Alm. Salg,212,14623,6,2005,-3%
530,Villa,Morsbølvej 45,7200, Grindsted,430000 ,20-09-2010,Alm. Salg,180,2389,6,2017,
530,Villa,Havrevænget 7,7200, Grindsted,435510 ,19-09-2010,Alm. Salg,82,5311,4,1963,
530,Villa,Grenevej 23,7190, Billund,820000 ,19-09-2010,Alm. Salg,132,6212,5,1962,
530,Villa,Hørlycks Alle 3,7200, Grindsted,900000 ,19-09-2010,Alm. Salg,157,5732,7,1919,-10%
530,Ejerlejlighed,"Nørre Torv 4, 2. 3",7200, Grindsted,1525000 ,16-09-2010,Alm. Salg,99,15404,3,2011,
530,Villa,Lillevang 51,7190, Billund,2050000 ,16-09-2010,Alm. Salg,151,13576,6,2005,-2%
530,Villa,Bøgevangen 4,7200, Grindsted,800000 ,16-09-2010,Alm. Salg,183,4372,5,1959,-3%
530,Villa,Lillevang 134,7190, Billund,354100 ,16-09-2010,Alm. Salg,163,2172,6,2011,
530,Villa,Plougslundvej 137,7190, Billund,1745000 ,15-09-2010,Alm. Salg,200,8725,7,1973,
530,Villa,Grønningen 14A,7190, Billund,1455000 ,15-09-2010,Alm. Salg,115,12652,5,1998,
530,Villa,Kærbækvej 14,7200, Grindsted,600000 ,12-09-2010,Alm. Salg,261,2299,11,1956,
530,Villa,Solvej 4,7200, Grindsted,1325000 ,09-09-2010,Alm. Salg,138,9601,3,1974,-5%
530,Villa,Lyngvang 17,7260, Sønder Omme,1075000 ,08-09-2010,Alm. Salg,135,7963,4,1973,-6%
530,Villa,Åmosevej 4,7200, Grindsted,1210000 ,08-09-2010,Alm. Salg,145,8345,5,1972,-7%
530,Rækkehus,Sønderkær 337,7190, Billund,1030000 ,07-09-2010,Alm. Salg,80,12875,4,1985,-2%
530,Villa,Tjørnevej 4,7200, Grindsted,1500000 ,05-09-2010,Alm. Salg,146,10274,5,1965,-6%
530,Rækkehus,Sønderkær 405A,7190, Billund,875000 ,04-09-2010,Alm. Salg,77,11364,3,1986,-7%
530,Villa,Engsøparken 153,7200, Grindsted,3545000 ,04-09-2010,Alm. Salg,247,14352,6,2006,-5%
530,Villa,Løvlundvej 7,7190, Billund,1050000 ,02-09-2010,Alm. Salg,171,6140,4,1948,6%
530,Villa,Bakkevej 1,7250, Hejnsvig,615000 ,31-08-2010,Alm. Salg,89,6910,3,1961,
530,Villa,Sønderkær 152,7190, Billund,1250000 ,31-08-2010,Alm. Salg,141,8865,5,1977,
530,Villa,Bogfinkevej 7,7190, Billund,475000 ,31-08-2010,Alm. Salg,105,4524,4,1924,
530,Villa,Storegade 29,7200, Grindsted,740000 ,30-08-2010,Fam. Salg,125,5920,5,1948,
530,Villa,Præstevang 3,7190, Billund,1150000 ,29-08-2010,Alm. Salg,104,11058,4,1960,-4%
530,Villa,Havrevænget 9,7200, Grindsted,646000 ,26-08-2010,Fam. Salg,79,8177,3,1963,
530,Villa,Lupinvænget 31,7200, Grindsted,910000 ,25-08-2010,Alm. Salg,98,9286,4,1962,
530,Villa,Østergaardsvej 16,7200, Grindsted,333348 ,23-08-2010,Alm. Salg,121,2755,5,1940,
530,Villa,Primulavej 23,7200, Grindsted,497500 ,23-08-2010,Alm. Salg,121,4112,4,1964,
530,Villa,Smedegade 9,7260, Sønder Omme,777416 ,23-08-2010,Andet,189,4113,6,2008,
530,Villa,Skolegyden 3,7200, Grindsted,510000 ,22-08-2010,Alm. Salg,106,4811,3,1954,-7%
530,Villa,Sydtoften 31,7200, Grindsted,2125000 ,18-08-2010,Alm. Salg,182,11676,6,1984,-3%
530,Villa,Blåhøjvej 4,7200, Grindsted,795000 ,17-08-2010,Alm. Salg,120,6625,5,1965,
530,Villa,Søgårdvej 73,7250, Hejnsvig,581866 ,15-08-2010,Fam. Salg,141,4127,5,1979,
530,Villa,Grønnegade 15,6623, Vorbasse,850000 ,15-08-2010,Alm. Salg,169,5030,6,1960,-5%
530,Villa,Markskellet 71,7190, Billund,1670000 ,11-08-2010,Alm. Salg,152,10987,5,1993,-7%
530,Villa,Filsøvej 6,7200, Grindsted,1435000 ,11-08-2010,Alm. Salg,155,9258,6,1973,-4%
530,Villa,Enevej 10,7200, Grindsted,1700000 ,09-08-2010,Alm. Salg,195,8718,6,1977,-5%
530,Villa,Postgade 7,7200, Grindsted,650000 ,09-08-2010,Alm. Salg,85,7647,4,1963,-4%
530,Rækkehus,Granvej 4,7200, Grindsted,825000 ,05-08-2010,Alm. Salg,89,9270,3,1914,
530,Villa,Søllingdalvej 18,7250, Hejnsvig,1490000 ,05-08-2010,Alm. Salg,206,7233,4,1975,-7%
530,Villa,Engdraget 2,7200, Grindsted,510000 ,04-08-2010,Auktion,304,1678,10,1979,-66%
530,Villa,Nebelvej 15,6623, Vorbasse,900000 ,04-08-2010,Alm. Salg,97,9278,4,1953,
530,Villa,Kløvervænget 4,7200, Grindsted,890000 ,04-08-2010,Alm. Salg,141,6312,5,1964,-4%
530,Villa,Kirkehusvej 36,7200, Grindsted,370000 ,02-08-2010,Alm. Salg,300,1233,7,2011,
530,Villa,Hovedgaden 8,7260, Sønder Omme,2200000 ,01-08-2010,Alm. Salg,511,2153,22,1906,
530,Villa,Gammel Vejlevej 36,7200, Grindsted,585000 ,01-08-2010,Alm. Salg,89,6573,3,1951,-9%
530,Rækkehus,Lysningen 22,7190, Billund,1195000 ,30-07-2010,Alm. Salg,95,12579,4,1987,
530,Villa,Vibes Alle 3,7200, Grindsted,1200000 ,26-07-2010,Alm. Salg,152,7895,5,1934,-11%
530,Villa,Mølleparken 240,7190, Billund,750000 ,22-07-2010,Alm. Salg,200,3750,6,1975,
530,Rækkehus,Søndre Boulevard 337,7200, Grindsted,910000 ,19-07-2010,Alm. Salg,83,10964,3,1988,-9%
530,Villa,Søllingdalvej 2,7250, Hejnsvig,785000 ,16-07-2010,Alm. Salg,134,5858,4,1976,-12%
530,Villa,Skjoldbjergvej 35B,6623, Vorbasse,1000000 ,14-07-2010,Alm. Salg,176,5682,5,2001,
530,Villa,Sønderkær 236,7190, Billund,892500 ,14-07-2010,Fam. Salg,143,6241,5,1979,
530,Villa,Mølleparken 424,7190, Billund,1225000 ,12-07-2010,Alm. Salg,140,8750,6,1984,-5%
530,Villa,Nørager 14,7260, Sønder Omme,1050000 ,08-07-2010,Alm. Salg,117,8974,4,1987,-2%
530,Villa,Postgade 11,7200, Grindsted,995000 ,07-07-2010,Alm. Salg,213,4671,10,1928,
530,Rækkehus,Markskellet 19,7190, Billund,980000 ,06-07-2010,Alm. Salg,81,12099,3,1988,-2%
530,Villa,Bogfinkevej 14,7190, Billund,1425000 ,06-07-2010,Alm. Salg,150,9500,5,1963,
530,Villa,Højene 6,7250, Hejnsvig,900000 ,05-07-2010,Alm. Salg,179,5028,6,1973,-10%
530,Villa,Lillevang 143,7190, Billund,323900 ,05-07-2010,Alm. Salg,156,2076,4,2010,-84%
530,Rækkehus,Grønningen 32,7190, Billund,975000 ,04-07-2010,Alm. Salg,71,13732,2,1988,-2%
530,Villa,Glentevej 24,7200, Grindsted,1100000 ,04-07-2010,Alm. Salg,92,11957,4,1960,-15%
530,Villa,Tranevej 5,7200, Grindsted,2000000 ,04-07-2010,Alm. Salg,184,10870,7,1980,-5%
530,Villa,Brunbjergvej 1,7190, Billund,1019488 ,04-07-2010,Alm. Salg,186,5481,9,1911,
530,Villa,Engsøparken 199,7200, Grindsted,450000 ,04-07-2010,Alm. Salg,200,2250,7,2011,
530,Villa,Nørager 37,7260, Sønder Omme,430000 ,03-07-2010,Fam. Salg,131,3282,5,1980,
530,Villa,Brombærvej 1,7200, Grindsted,1400000 ,01-07-2010,Alm. Salg,162,8642,6,1968,-6%
530,Rækkehus,Grønningen 34,7190, Billund,1200000 ,30-06-2010,Alm. Salg,107,11215,4,1989,-7%
530,Villa,Dalbyvej 15,7200, Grindsted,795000 ,30-06-2010,Alm. Salg,143,5559,5,1951,
530,Villa,Åmarkvej 7,7200, Grindsted,1710000 ,29-06-2010,Alm. Salg,163,10491,6,1973,-5%
530,Villa,Stationsvej 15,7200, Grindsted,375000 ,29-06-2010,Alm. Salg,178,2107,6,1962,-29%
530,Villa,Sverrigsvej 6,7200, Grindsted,575000 ,26-06-2010,Alm. Salg,149,3859,4,1969,-56%
530,Villa,Sorgenfrivej 2,6623, Vorbasse,500000 ,26-06-2010,Alm. Salg,249,2008,5,2015,
530,Villa,Østervangsvej 4,7200, Grindsted,785000 ,25-06-2010,Alm. Salg,108,7269,3,1932,
530,Villa,Nørregade 39,6623, Vorbasse,785000 ,24-06-2010,Alm. Salg,135,5815,5,1974,-7%
530,Villa,Parkvej 11,6623, Vorbasse,850000 ,24-06-2010,Alm. Salg,171,4971,6,1977,
530,Villa,Vibevej 2,7190, Billund,850000 ,24-06-2010,Alm. Salg,166,5120,6,1966,-15%
530,Villa,Egeparken 6,7260, Sønder Omme,1750000 ,24-06-2010,Alm. Salg,164,10671,5,1997,-3%
530,Villa,Engvangen 29,7200, Grindsted,210000 ,23-06-2010,Auktion,123,1707,6,1966,
530,Villa,Daltoften 3,7200, Grindsted,1255000 ,22-06-2010,Alm. Salg,171,7339,5,1978,-3%
530,Villa,Dalsøvej 73,7200, Grindsted,1350000 ,21-06-2010,Alm. Salg,124,10887,4,1976,-3%
530,Rækkehus,Markskellet 31,7190, Billund,935000 ,20-06-2010,Alm. Salg,81,11543,3,1988,-15%
530,Villa,Plougslundvej 207,7190, Billund,1200000 ,20-06-2010,Alm. Salg,156,7692,5,1974,
530,Villa,Købmandsvej 3,6623, Vorbasse,950000 ,20-06-2010,Alm. Salg,104,9135,4,1995,
530,Villa,Fynsgade 27,7200, Grindsted,810000 ,20-06-2010,Alm. Salg,123,6585,4,1959,
530,Villa,Tranevej 12,7200, Grindsted,1385000 ,18-06-2010,Alm. Salg,153,9052,6,1976,
530,Villa,Herningvej 1,7260, Sønder Omme,603500 ,18-06-2010,Fam. Salg,128,4715,5,1957,
530,Rækkehus,Rønnebærvej 9,7200, Grindsted,700000 ,17-06-2010,Alm. Salg,86,8140,4,1967,-12%
530,Villa,Bygvænget 11,7200, Grindsted,815000 ,17-06-2010,Alm. Salg,115,7087,4,1963,-9%
530,Rækkehus,Borgergade 23C,7200, Grindsted,2250000 ,16-06-2010,Alm. Salg,260,8654,3,1904,
530,Villa,Sønderkær 385,7190, Billund,1245000 ,16-06-2010,Alm. Salg,130,9577,4,1985,-4%
530,Villa,Morsbøl Søvej 42,7200, Grindsted,295000 ,16-06-2010,Alm. Salg,233,1266,8,2011,
530,Villa,Mølleparken 134,7190, Billund,363027 ,15-06-2010,Fam. Salg,142,2557,5,1975,
530,Villa,Mølleparken 318,7190, Billund,1750000 ,15-06-2010,Fam. Salg,225,7778,6,1984,
530,Villa,Løvlundvej 1B,7190, Billund,1300000 ,14-06-2010,Alm. Salg,282,4610,6,2011,
530,Villa,Nollund Kirkevej 11,7200, Grindsted,880000 ,13-06-2010,Alm. Salg,135,6519,5,1960,
530,Villa,Søndervang 1,7200, Grindsted,310000 ,11-06-2010,Alm. Salg,119,2605,5,1950,-22%
530,Villa,Tingstedet 61,7190, Billund,1850000 ,10-06-2010,Alm. Salg,167,11078,6,1997,-2%
530,Villa,Købmandsvej 1,6623, Vorbasse,750000 ,09-06-2010,Alm. Salg,101,7426,4,1995,-6%
530,Villa,Engsøparken 181,7200, Grindsted,525000 ,09-06-2010,Alm. Salg,197,2665,6,2011,-6%
530,Villa,Mølleparken 182,7190, Billund,1735000 ,08-06-2010,Alm. Salg,193,8990,6,1977,-3%
530,Villa,Vesterled 18,7260, Sønder Omme,860000 ,06-06-2010,Alm. Salg,137,6277,4,1962,-9%
530,Villa,Kulsøvej 4,7200, Grindsted,900000 ,06-06-2010,Alm. Salg,163,5521,6,1974,-25%
530,Villa,Poppelvej 3,7200, Grindsted,1295000 ,06-06-2010,Alm. Salg,111,11667,4,1963,
530,Villa,Brinken 5,7200, Grindsted,816336 ,05-06-2010,Alm. Salg,218,3745,8,1966,
530,Villa,Møbjergvej 11,7260, Sønder Omme,1582600 ,05-06-2010,Alm. Salg,168,9420,6,1963,-1%
530,Villa,Østergaardsvej 18,7200, Grindsted,580000 ,03-06-2010,Alm. Salg,126,4603,4,1912,
530,Villa,Krogagergårdvej 7,7200, Grindsted,1450000 ,03-06-2010,Alm. Salg,120,12083,5,1942,
530,Villa,Østergaardsvej 2,7200, Grindsted,500000 ,02-06-2010,Alm. Salg,154,3247,5,1934,-16%
530,Villa,Gyvelvej 10,7200, Grindsted,951000 ,02-06-2010,Alm. Salg,73,13027,4,1960,6%
530,Villa,Solvangen 6,7200, Grindsted,790000 ,02-06-2010,Alm. Salg,137,5766,5,1972,
530,Villa,Søndervold 248,7200, Grindsted,1126049 ,02-06-2010,Alm. Salg,155,7265,5,2007,
530,Villa,Søgårdvej 58,7250, Hejnsvig,1250000 ,01-06-2010,Alm. Salg,134,9328,5,1992,-3%
530,Villa,Læsøvej 13,7200, Grindsted,1400000 ,01-06-2010,Alm. Salg,164,8537,5,1969,-3%
530,Ejerlejlighed,"Nørre Torv 4, 4. 1",7200, Grindsted,2360000 ,31-05-2010,Alm. Salg,156,15128,4,2011,
530,Villa,Søndervold 193,7200, Grindsted,1110000 ,31-05-2010,Alm. Salg,162,6852,5,2005,
530,Villa,Hovedgaden 50,7260, Sønder Omme,995000 ,31-05-2010,Alm. Salg,115,8652,4,1946,
530,Villa,Sydtoften 35,7200, Grindsted,1350000 ,31-05-2010,Alm. Salg,151,8940,5,1980,-8%
530,Villa,Markedsstien 1,6623, Vorbasse,1816550 ,30-05-2010,Alm. Salg,189,9611,6,1987,
530,Villa,Stationsvej 19,7200, Grindsted,160000 ,26-05-2010,Auktion,146,1096,6,1960,
530,Villa,Solbakken 28,7260, Sønder Omme,460802 ,26-05-2010,Alm. Salg,121,3808,4,1976,
530,Villa,Skjoldbjergvej 56,6623, Vorbasse,550000 ,26-05-2010,Alm. Salg,134,4104,7,1955,-8%
530,Villa,Postgade 5,7200, Grindsted,1050000 ,25-05-2010,Alm. Salg,116,9052,4,1935,
530,Villa,Ølgodvej 45,7200, Grindsted,385000 ,24-05-2010,Alm. Salg,90,4278,4,1950,-3%
530,Villa,Åhavevej 34,7200, Grindsted,1400000 ,24-05-2010,Andet,214,6542,8,1973,
530,Villa,Enghaven 26,7260, Sønder Omme,850000 ,23-05-2010,Alm. Salg,132,6439,5,1968,-5%
530,Ejerlejlighed,"Nørregade 16, 1",7200, Grindsted,30000 ,20-05-2010,Alm. Salg,88,341,3,1917,
530,Villa,Søndermarksvej 102,7190, Billund,1200000 ,20-05-2010,Alm. Salg,158,7595,5,1968,-7%
530,Villa,Østergade 48,6623, Vorbasse,700000 ,20-05-2010,Alm. Salg,75,9333,2,1935,
530,Villa,Elmelunden 211,7190, Billund,955000 ,19-05-2010,Alm. Salg,141,6773,5,1965,-4%
530,Villa,Hasselvej 13,7260, Sønder Omme,920000 ,19-05-2010,Alm. Salg,136,6765,4,1971,-2%
530,Villa,Dalgasvej 11,7200, Grindsted,625000 ,19-05-2010,Auktion,91,6868,3,1949,-46%
530,Villa,Nebelvej 43,6623, Vorbasse,1400000 ,19-05-2010,Alm. Salg,283,4947,8,1901,-6%
530,Villa,Løvlundvej 13B,7190, Billund,3250000 ,19-05-2010,Alm. Salg,263,12357,8,1965,-13%
530,Villa,Rugvænget 11,7200, Grindsted,950000 ,18-05-2010,Alm. Salg,105,9048,4,1964,-5%
530,Villa,Smedegårdsvej 7,7200, Grindsted,775000 ,18-05-2010,Alm. Salg,122,6352,5,1956,
530,Villa,Tingstedet 35,7190, Billund,2050000 ,16-05-2010,Alm. Salg,161,12733,6,1994,-7%
530,Villa,Morsbøl Søvej 46,7200, Grindsted,295000 ,11-05-2010,Alm. Salg,143,2063,5,2011,
530,Villa,Morsbøl Søvej 60,7200, Grindsted,350000 ,11-05-2010,Alm. Salg,181,1934,6,2012,
530,Villa,Engsøparken 229,7200, Grindsted,500000 ,11-05-2010,Alm. Salg,145,3448,4,2010,
530,Villa,Hovedgaden 71,7260, Sønder Omme,550000 ,10-05-2010,Alm. Salg,128,4297,5,1954,-8%
530,Villa,Lysningen 16,7190, Billund,1240000 ,28-04-2010,Alm. Salg,110,11273,4,1987,-4%
530,Villa,Solsortvej 1B,7190, Billund,1050000 ,28-04-2010,Auktion,170,6176,6,1959,-12%
530,Villa,Åvej 10,7260, Sønder Omme,385000 ,28-04-2010,Alm. Salg,82,4695,3,1930,-3%
530,Villa,Lupinvænget 13,7200, Grindsted,850000 ,27-04-2010,Alm. Salg,132,6439,5,1964,
530,Villa,Fittingvej 18,6623, Vorbasse,845000 ,27-04-2010,Alm. Salg,146,5788,6,1906,-6%
530,Villa,Vejlevej 21,7260, Sønder Omme,490000 ,26-04-2010,Alm. Salg,113,4336,5,1920,-7%
530,Villa,Dalbo 31,7200, Grindsted,965000 ,22-04-2010,Alm. Salg,119,8109,4,1979,-1%
530,Villa,Samsøvej 7,7200, Grindsted,950000 ,22-04-2010,Alm. Salg,108,8796,4,1968,
530,Villa,Lindevej 12,7190, Billund,2240191 ,19-04-2010,Andet,167,13414,5,1971,
530,Villa,Kirkehusvej 32,7200, Grindsted,346000 ,16-04-2010,Alm. Salg,175,1977,6,2011,
530,Villa,Søllingdalvej 6,7250, Hejnsvig,735000 ,15-04-2010,Alm. Salg,124,5927,5,1975,
530,Villa,Banegårdsvej 51,7200, Grindsted,800000 ,14-04-2010,Alm. Salg,139,5755,3,1926,-5%
530,Rækkehus,Sønderkær 335,7190, Billund,1100000 ,10-04-2010,Alm. Salg,91,12088,3,1980,
530,Villa,Dalsøvej 111,7200, Grindsted,1470000 ,09-04-2010,Alm. Salg,135,10889,6,1980,
530,Villa,Hjortlundvej 3,7200, Grindsted,655000 ,07-04-2010,Auktion,166,3946,6,1964,-33%
530,Ejerlejlighed,"Grønningen 23, 1. tv",7200, Grindsted,650000 ,06-04-2010,Alm. Salg,88,7386,3,1968,
530,Villa,Kærvej 201,7190, Billund,1195000 ,06-04-2010,Alm. Salg,224,5335,6,1972,-8%
530,Villa,Klosterhedevej 17,7200, Grindsted,1127340 ,31-03-2010,Fam. Salg,127,8877,4,1974,
530,Villa,Engsøparken 183,7200, Grindsted,2965227 ,31-03-2010,Alm. Salg,225,13179,5,2007,-1%
530,Villa,Søndervænget 6,6623, Vorbasse,550000 ,30-03-2010,Fam. Salg,119,4622,4,1989,
530,Villa,Klodhøjvej 10,7250, Hejnsvig,750000 ,29-03-2010,Alm. Salg,104,7212,3,1961,-2%
530,Villa,Solvej 5,7200, Grindsted,995000 ,24-03-2010,Alm. Salg,113,8805,3,1931,
530,Villa,Lillevang 107,7190, Billund,387600 ,24-03-2010,Alm. Salg,184,2107,5,2010,
530,Villa,Morsbøl Søvej 34,7200, Grindsted,300000 ,24-03-2010,Alm. Salg,242,1240,9,2010,
530,Ejerlejlighed,Vestergade 24C,7200, Grindsted,422333 ,23-03-2010,Alm. Salg,115,3672,3,2003,
530,Villa,Morsbøl Søvej 72,7200, Grindsted,365000 ,23-03-2010,Alm. Salg,209,1746,6,2011,
530,Villa,Klostervej 4C,7200, Grindsted,300000 ,21-03-2010,Alm. Salg,186,1613,5,2012,
530,Villa,Primulavej 16,7200, Grindsted,725000 ,18-03-2010,Alm. Salg,195,3718,7,1907,-19%
530,Villa,Morsbøl Søvej 40,7200, Grindsted,295000 ,16-03-2010,Alm. Salg,199,1482,5,2010,
530,Villa,Kirkehusvej 11,7200, Grindsted,231300 ,16-03-2010,Alm. Salg,154,1502,5,2010,
530,Villa,Tribinivej 9,6623, Vorbasse,220625 ,16-03-2010,Alm. Salg,127,1737,4,2010,
530,Villa,Morsbøl Søvej 38,7200, Grindsted,320000 ,16-03-2010,Alm. Salg,195,1641,6,2010,
530,Ejerlejlighed,"Nørre Torv 4, 5. 5",7200, Grindsted,2695000 ,14-03-2010,Alm. Salg,164,16433,4,2011,
530,Villa,Grønvang 5,7260, Sønder Omme,432700 ,14-03-2010,Alm. Salg,132,3278,5,1971,
530,Villa,Poppelvej 8,7200, Grindsted,1470000 ,14-03-2010,Alm. Salg,127,11575,4,1960,
530,Villa,Tyttebærvej 4,7200, Grindsted,430000 ,07-03-2010,Alm. Salg,209,2057,5,2011,-13%
530,Villa,Stationsvej 20,7200, Grindsted,315000 ,05-03-2010,Alm. Salg,80,3938,3,1942,
530,Rækkehus,Lysningen 32,7190, Billund,1185000 ,04-03-2010,Alm. Salg,95,12474,4,1986,-1%
530,Ejerlejlighed,"Nørre Torv 4, 5. 1",7200, Grindsted,2485000 ,04-03-2010,Alm. Salg,156,15929,4,2011,
530,Villa,Stationsvej 21,7200, Grindsted,525000 ,04-03-2010,Alm. Salg,105,5000,4,1963,
530,Villa,Smedegårdsvej 7,7200, Grindsted,350000 ,03-03-2010,Alm. Salg,122,2869,5,1956,
530,Rækkehus,Dalsvinget 20E,7200, Grindsted,860000 ,02-03-2010,Alm. Salg,96,8958,4,1978,
530,Villa,Norgesvej 12,7200, Grindsted,1200000 ,02-03-2010,Alm. Salg,132,9091,4,1969,
530,Ejerlejlighed,"Nørre Torv 4, 2. 5",7200, Grindsted,2520000 ,01-03-2010,Alm. Salg,164,15366,4,2011,
530,Ejerlejlighed,"Nørre Torv 4, 2. 1",7200, Grindsted,2310000 ,01-03-2010,Alm. Salg,156,14808,4,2011,
530,Ejerlejlighed,"Nørre Torv 4, 4. 5",7200, Grindsted,2570000 ,01-03-2010,Alm. Salg,164,15671,4,2011,
530,Villa,Plougslundvej 105,7190, Billund,1243500 ,01-03-2010,Alm. Salg,146,8517,4,1973,-1%
530,Villa,Hasselvej 14,7260, Sønder Omme,915000 ,28-02-2010,Alm. Salg,105,8714,4,1968,-5%
530,Villa,Vestergade 55,7200, Grindsted,1200000 ,28-02-2010,Alm. Salg,123,9756,4,1962,-4%
530,Villa,Enghaven 33,7260, Sønder Omme,1125000 ,25-02-2010,Alm. Salg,172,6541,5,1974,-4%
530,Villa,Billundvej 14,7250, Hejnsvig,645000 ,23-02-2010,Alm. Salg,153,4216,7,1927,-7%
530,Villa,Sønderkær 255,7190, Billund,1550000 ,23-02-2010,Alm. Salg,147,10544,5,1979,-3%
530,Villa,Elmelunden 215,7190, Billund,1012500 ,22-02-2010,Alm. Salg,99,10227,4,1964,
530,Villa,Kærvej 131,7190, Billund,1750000 ,22-02-2010,Alm. Salg,212,8255,9,1973,-5%
530,Villa,Morsbøl Søvej 74,7200, Grindsted,400000 ,22-02-2010,Alm. Salg,253,1581,6,2012,
530,Villa,Morsbølvej 1,7200, Grindsted,420000 ,22-02-2010,Alm. Salg,146,2877,5,2010,
530,Villa,Kirkehusvej 50,7200, Grindsted,900000 ,20-02-2010,Alm. Salg,175,5143,4,2009,
530,Villa,Elmelunden 217,7190, Billund,1075000 ,18-02-2010,Alm. Salg,97,11082,4,1963,-7%
530,Villa,Amtsvejen 61,7200, Grindsted,200000 ,17-02-2010,Alm. Salg,73,2740,4,1950,-32%
530,Villa,Lillevang 124,7190, Billund,291400 ,16-02-2010,Alm. Salg,177,1646,5,2010,
530,Villa,Elkærskovvej 7,7190, Billund,568220 ,15-02-2010,Alm. Salg,181,3139,5,1910,
530,Villa,Bøgelunden 5,7250, Hejnsvig,130000 ,12-02-2010,Alm. Salg,91,1429,6,1930,-19%
530,Villa,Grønvang 24,7260, Sønder Omme,835000 ,11-02-2010,Alm. Salg,137,6095,4,1959,-5%
530,Villa,Sønderkær 528,7190, Billund,1650000 ,09-02-2010,Alm. Salg,153,10784,6,1979,-8%
530,Villa,Simmelbrovej 24,7200, Grindsted,520213 ,07-02-2010,Alm. Salg,134,3882,4,1951,
530,Villa,Sønderkær 120,7190, Billund,1000000 ,07-02-2010,Alm. Salg,104,9615,4,1977,-2%
530,Villa,Sønderkær 279,7190, Billund,811027 ,04-02-2010,Alm. Salg,143,5672,5,1979,
530,Villa,Sjællandsgade 20,7200, Grindsted,795000 ,04-02-2010,Alm. Salg,137,5803,5,1960,
530,Villa,Markskellet 75,7190, Billund,1385000 ,02-02-2010,Alm. Salg,118,11737,4,1987,-4%
530,Villa,Vestergade 23,7200, Grindsted,1550000 ,01-02-2010,Alm. Salg,156,9936,7,1919,-23%
530,Villa,Mølleparken 252,7190, Billund,1106000 ,31-01-2010,Alm. Salg,127,8709,4,1974,-4%
530,Rækkehus,Rønnebærvej 7,7200, Grindsted,850000 ,30-01-2010,Fam. Salg,86,9884,4,1967,
530,Villa,Bogfinkevej 1,7190, Billund,870000 ,27-01-2010,Alm. Salg,105,8286,3,1954,
530,Villa,Skovgårdsvej 18,7200, Grindsted,375000 ,27-01-2010,Auktion,138,2717,5,1946,
530,Villa,Kirkehusvej 42,7200, Grindsted,275500 ,27-01-2010,Alm. Salg,159,1733,5,2010,
530,Rækkehus,Sønderkær 353,7190, Billund,1130000 ,24-01-2010,Alm. Salg,87,12989,3,1985,-2%
530,Rækkehus,Søndre Boulevard 351,7200, Grindsted,895000 ,22-01-2010,Alm. Salg,77,11623,3,1986,-5%
530,Villa,Tingstedet 21,7190, Billund,1750000 ,21-01-2010,Alm. Salg,141,12411,6,1997,-3%
530,Ejerlejlighed,"Banegårdsvej 23, 1",7200, Grindsted,650000 ,12-01-2010,Alm. Salg,62,10484,2,1987,
530,Villa,Jorden Rundt 31,7200, Grindsted,661625 ,12-01-2010,Alm. Salg,139,4760,3,1958,
530,Ejerlejlighed,"Urupvej 12, 1",7200, Grindsted,750000 ,11-01-2010,Alm. Salg,115,6522,3,1940,
530,Villa,Klodhøjvej 13,7250, Hejnsvig,850000 ,11-01-2010,Alm. Salg,121,7025,5,1967,-5%
530,Villa,Åhavevej 8,7200, Grindsted,1950000 ,11-01-2010,Alm. Salg,185,10541,5,1973,-2%
530,Villa,Østervænget 50,6623, Vorbasse,1200000 ,10-01-2010,Alm. Salg,130,9231,6,1986,
530,Villa,Sønderkær 103,7190, Billund,1210000 ,08-01-2010,Alm. Salg,152,7961,4,1977,-7%
530,Villa,Morsbøl Skolevej 28,7200, Grindsted,2185000 ,07-01-2010,Alm. Salg,196,11148,5,2017,
530,Villa,Klodhøjvej 7,7250, Hejnsvig,625000 ,04-01-2010,Alm. Salg,132,4735,5,1920,-10%
530,Villa,Holdgårdsvej 21A,7260, Sønder Omme,275000 ,04-01-2010,Alm. Salg,222,1239,7,2019,
530,Villa,Nørregade 31,7200, Grindsted,475000 ,03-01-2010,Alm. Salg,76,6250,2,1938,-26%
530,Villa,Kirkegade 1,6623, Vorbasse,1195000 ,03-01-2010,Alm. Salg,141,8475,3,1952,
530,Ejerlejlighed,"Banegårdsvej 3B, 1. tv",7200, Grindsted,600000 ,29-12-2009,Alm. Salg,71,8451,2,1988,
530,Villa,Markskellet 27,7190, Billund,1375000 ,22-12-2009,Alm. Salg,135,10185,5,1989,-5%
530,Villa,Solvangen 12,7200, Grindsted,700000 ,20-12-2009,Alm. Salg,135,5185,5,1969,
530,Ejerlejlighed,"Grønningen 23, 2. th",7200, Grindsted,500000 ,17-12-2009,Alm. Salg,52,9615,2,1968,
530,Villa,Langesøvej 6,7200, Grindsted,1060000 ,16-12-2009,Alm. Salg,118,8983,4,1975,-1%
530,Villa,Stationsvej 20,7200, Grindsted,267750 ,15-12-2009,Fam. Salg,80,3347,3,1942,
530,Villa,Engvangen 27,7200, Grindsted,930000 ,15-12-2009,Alm. Salg,151,6159,5,1979,-11%
530,Rækkehus,Søndervold 18,7200, Grindsted,715000 ,14-12-2009,Alm. Salg,59,12119,2,1989,
530,Villa,Grindstedvej 70,7260, Sønder Omme,720000 ,11-12-2009,Alm. Salg,88,8182,3,1962,-9%
530,Rækkehus,Sønderkær 355,7190, Billund,1170000 ,10-12-2009,Alm. Salg,87,13448,3,1985,-2%
530,Villa,Ølgodvej 34,7200, Grindsted,100000 ,10-12-2009,Auktion,66,1515,2,1954,
530,Villa,Åhavevej 28,7200, Grindsted,1450000 ,09-12-2009,Alm. Salg,168,8631,7,1972,-3%
530,Rækkehus,Nørre Alle 9,7200, Grindsted,850000 ,08-12-2009,Fam. Salg,98,8673,4,1910,
530,Rækkehus,Lysningen 30,7190, Billund,1150000 ,08-12-2009,Alm. Salg,95,12105,4,1986,-4%
530,Villa,Solbakken 48,7260, Sønder Omme,875000 ,08-12-2009,Alm. Salg,144,6076,5,1978,
530,Villa,Engsøparken 51,7200, Grindsted,2200000 ,07-12-2009,Alm. Salg,145,15172,5,2005,-7%
530,Villa,Ribersvej 144,7200, Grindsted,1075000 ,06-12-2009,Alm. Salg,112,9598,4,1979,-2%
530,Villa,Mølleparken 201,7190, Billund,1345000 ,01-12-2009,Alm. Salg,124,10847,4,1976,-4%
530,Villa,Ribe Landevej 34,7200, Grindsted,945000 ,01-12-2009,Alm. Salg,149,6342,4,1953,-10%
530,Villa,Engsøparken 225,7200, Grindsted,2275000 ,01-12-2009,Alm. Salg,166,13705,5,2008,-7%
530,Villa,Brombærvej 18,7200, Grindsted,1025000 ,30-11-2009,Alm. Salg,112,9152,5,1968,
530,Rækkehus,Søndervold 12,7200, Grindsted,1150000 ,29-11-2009,Alm. Salg,96,11979,4,1992,
530,Villa,Søndervold 185,7200, Grindsted,2225000 ,29-11-2009,Alm. Salg,163,13650,6,2001,-3%
530,Villa,Slaugvej 4,6623, Vorbasse,450000 ,27-11-2009,Alm. Salg,135,3333,4,1938,
530,Villa,Søndervænget 4,6623, Vorbasse,850000 ,25-11-2009,Alm. Salg,110,7727,4,1989,-10%
530,Villa,Vestervej 11,7200, Grindsted,1395000 ,24-11-2009,Alm. Salg,188,7420,6,1938,
530,Villa,Engsøparken 167,7200, Grindsted,2400000 ,24-11-2009,Alm. Salg,170,14118,5,2008,-4%
530,Villa,Markedsstien 4,6623, Vorbasse,140000 ,24-11-2009,Fam. Salg,241,581,7,2010,
530,Villa,Grønvang 17,7260, Sønder Omme,995000 ,20-11-2009,Alm. Salg,128,7773,4,1972,
530,Villa,Solvangen 7,7200, Grindsted,520000 ,18-11-2009,Alm. Salg,103,5049,4,1965,-13%
530,Villa,Engsøvænget 16,7200, Grindsted,875000 ,18-11-2009,Alm. Salg,253,3458,7,2010,
530,Villa,Syrenvej 6,7200, Grindsted,970000 ,17-11-2009,Alm. Salg,92,10543,3,1960,-3%
530,Villa,Engsøparken 51,7200, Grindsted,775319 ,16-11-2009,Alm. Salg,145,5347,5,2005,-67%
530,Villa,Elmelunden 111,7190, Billund,1195000 ,15-11-2009,Alm. Salg,103,11602,4,1963,-4%
530,Villa,Dalsvinget 5,7200, Grindsted,1695000 ,15-11-2009,Alm. Salg,162,10463,7,1976,
530,Villa,Kirkebyvej 75,7260, Sønder Omme,1750000 ,12-11-2009,Fam. Salg,175,10000,5,2010,
530,Villa,Egevej 4,7260, Sønder Omme,825000 ,11-11-2009,Alm. Salg,112,7366,4,1966,
530,Villa,Nollundvej 125,7200, Grindsted,675000 ,08-11-2009,Alm. Salg,136,4963,4,1954,
530,Villa,Østre Ringvej 3,7250, Hejnsvig,1160000 ,08-11-2009,Alm. Salg,148,7838,4,1976,-7%
530,Villa,Abildvej 6,7200, Grindsted,775000 ,08-11-2009,Alm. Salg,85,9118,3,1961,-3%
530,Villa,Møbjergvej 53,7260, Sønder Omme,558666 ,07-11-2009,Alm. Salg,91,6139,2,1965,
530,Ejerlejlighed,"Banegårdsvej 3B, 2. tv",7200, Grindsted,535000 ,06-11-2009,Alm. Salg,67,7985,2,1988,
530,Villa,Vestervej 8,7200, Grindsted,1195000 ,05-11-2009,Alm. Salg,135,8852,5,1924,
530,Villa,Stenderupvej 10,7200, Grindsted,369402 ,03-11-2009,Andet,104,3552,4,1963,
530,Villa,Tingstedet 97,7190, Billund,1800000 ,02-11-2009,Alm. Salg,139,12950,5,1999,-5%
530,Villa,Stationsvej 9,7200, Grindsted,650000 ,02-11-2009,Alm. Salg,116,5603,5,1963,-33%
530,Rækkehus,Rønnebærvej 21,7200, Grindsted,795000 ,01-11-2009,Fam. Salg,86,9244,4,1967,
530,Villa,Blåhøjvej 4,7200, Grindsted,400000 ,29-10-2009,Alm. Salg,120,3333,5,1965,
530,Villa,Østervej 7,7200, Grindsted,525000 ,28-10-2009,Alm. Salg,157,3344,5,1927,
530,Villa,Herningvej 11,7260, Sønder Omme,650000 ,28-10-2009,Auktion,87,7471,5,1951,
530,Villa,Langgade 56,7250, Hejnsvig,690000 ,26-10-2009,Alm. Salg,112,6161,3,1954,
530,Villa,Elmelunden 107,7190, Billund,825000 ,22-10-2009,Alm. Salg,88,9375,4,1963,-3%
530,Villa,Morsbøl Søvej 54,7200, Grindsted,1072500 ,21-10-2009,Alm. Salg,190,5645,5,2008,
530,Villa,Simmelbrovej 33,7260, Sønder Omme,925000 ,14-10-2009,Alm. Salg,181,5110,8,1840,
530,Rækkehus,Rosenvej 14B,7200, Grindsted,420963 ,13-10-2009,Alm. Salg,70,6014,3,1988,
530,Ejerlejlighed,"Grønningen 11, st. th",7200, Grindsted,795000 ,11-10-2009,Alm. Salg,100,7950,4,1967,
530,Villa,Mølleparken 348,7190, Billund,1250000 ,06-10-2009,Alm. Salg,125,10000,6,1981,-3%
530,Villa,Dalbo 37,7200, Grindsted,1025000 ,06-10-2009,Alm. Salg,164,6250,5,1977,-2%
530,Villa,Egevangen 2,7200, Grindsted,725000 ,05-10-2009,Alm. Salg,80,9063,3,1961,-3%
530,Villa,Lyngvej 3,7200, Grindsted,1235000 ,05-10-2009,Alm. Salg,124,9960,4,1967,-2%
530,Villa,Krohaven 2,7200, Grindsted,1121878 ,01-10-2009,Alm. Salg,250,4488,7,2008,
530,Villa,Floravej 9,7200, Grindsted,2250000 ,30-09-2009,Alm. Salg,171,12431,5,1960,
530,Villa,Bemsigvej 14,7200, Grindsted,450000 ,29-09-2009,Alm. Salg,125,3600,5,1956,-47%
530,Villa,Søndervold 126,7200, Grindsted,2225000 ,28-09-2009,Alm. Salg,152,14638,6,1999,-3%
530,Villa,Fanøvej 7,7200, Grindsted,1000000 ,27-09-2009,Alm. Salg,199,5025,6,1970,
530,Villa,Sønderkær 373,7190, Billund,2100000 ,27-09-2009,Alm. Salg,184,11413,6,1986,-8%
530,Villa,Skjoldbjergvej 2,6623, Vorbasse,450000 ,27-09-2009,Alm. Salg,119,3782,3,1928,
530,Villa,Ribersvej 194,7200, Grindsted,1175000 ,24-09-2009,Alm. Salg,142,8275,4,1980,-6%
530,Villa,Gammel Bøvlvej 48,7260, Sønder Omme,775000 ,24-09-2009,Alm. Salg,130,5962,5,1952,-8%
530,Villa,Egevænget 404,7190, Billund,995000 ,23-09-2009,Alm. Salg,120,8292,4,1972,
530,Villa,Toften 24,7190, Billund,1225000 ,22-09-2009,Alm. Salg,107,11449,4,1969,-5%
530,Villa,Nørager 27,7260, Sønder Omme,1175000 ,22-09-2009,Alm. Salg,145,8103,5,1980,-2%
530,Villa,Askjærvej 26,7250, Hejnsvig,1550000 ,17-09-2009,Alm. Salg,130,11923,6,1909,-9%
530,Villa,Nyvej 8,7250, Hejnsvig,1260000 ,16-09-2009,Alm. Salg,96,11667,4,1959,-8%
530,Villa,Vinkelvej 14,7250, Hejnsvig,520000 ,13-09-2009,Alm. Salg,129,4031,4,1958,-13%
530,Villa,Jyllandsgade 30,7200, Grindsted,885000 ,12-09-2009,Alm. Salg,85,10412,3,1957,
530,Villa,Stenbæksvej 4,7200, Grindsted,1200000 ,09-09-2009,Alm. Salg,118,10169,4,1953,-4%
530,Rækkehus,Jyllandsgade 35,7200, Grindsted,520000 ,07-09-2009,Alm. Salg,98,5306,4,2020,-13%
530,Villa,Nørager 16,7260, Sønder Omme,544000 ,07-09-2009,Alm. Salg,152,3579,5,1995,
530,Villa,Lyngvang 1,7260, Sønder Omme,870000 ,06-09-2009,Alm. Salg,122,7131,4,1973,-3%
530,Villa,Klosterhedevej 17,7200, Grindsted,985000 ,06-09-2009,Alm. Salg,127,7756,4,1974,-12%
530,Villa,Primulavej 28,7200, Grindsted,1350000 ,03-09-2009,Alm. Salg,123,10976,4,1965,-10%
530,Villa,Søndervold 309,7200, Grindsted,2325000 ,02-09-2009,Alm. Salg,158,14715,5,1997,-6%
530,Rækkehus,Grønningen 12B,7190, Billund,1115000 ,01-09-2009,Alm. Salg,103,10825,3,1987,-5%
530,Villa,Sjællandsgade 5,7200, Grindsted,1795000 ,29-08-2009,Alm. Salg,133,13496,5,1950,-5%
530,Villa,Svalevænget 1,6623, Vorbasse,1145000 ,28-08-2009,Alm. Salg,123,9309,5,1992,-4%
530,Villa,Primulavej 22,7200, Grindsted,900000 ,26-08-2009,Alm. Salg,118,7627,4,1965,-10%
530,Rækkehus,Markskellet 16,7190, Billund,1145000 ,24-08-2009,Alm. Salg,95,12053,3,1988,0%
530,Villa,Åvej 21,7260, Sønder Omme,1000000 ,24-08-2009,Alm. Salg,100,10000,4,1960,-5%
530,Villa,Søndergade 18,6623, Vorbasse,950000 ,23-08-2009,Alm. Salg,161,5901,7,1930,
530,Villa,Dalbo 49,7200, Grindsted,1200000 ,21-08-2009,Alm. Salg,124,9677,4,1978,-6%
530,Rækkehus,Rønnebærvej 25,7200, Grindsted,885000 ,20-08-2009,Alm. Salg,86,10291,4,1967,
530,Villa,Bygvænget 26,7200, Grindsted,714100 ,20-08-2009,Alm. Salg,91,7847,4,1962,
530,Rækkehus,Banegårdsvej 7,7200, Grindsted,1245000 ,19-08-2009,Alm. Salg,108,11528,4,1985,
530,Ejerlejlighed,"Banegårdsvej 3B, 1. mf",7200, Grindsted,530000 ,16-08-2009,Alm. Salg,65,8154,2,1988,
530,Villa,Jernbanegade 23,7200, Grindsted,2400000 ,15-08-2009,Alm. Salg,268,7547,12,1934,-6%
530,Villa,Glentevej 28,7200, Grindsted,945000 ,14-08-2009,Alm. Salg,101,9356,4,1959,
530,Villa,Hovedgaden 56,7190, Billund,453445 ,11-08-2009,Alm. Salg,155,2925,5,1949,
530,Villa,Møllegade 3,6623, Vorbasse,750000 ,11-08-2009,Alm. Salg,204,3676,5,1915,-19%
530,Villa,Mølleparken 344,7190, Billund,2000000 ,10-08-2009,Alm. Salg,203,9479,7,1984,-13%
530,Villa,Bygvænget 32,7200, Grindsted,820000 ,09-08-2009,Alm. Salg,102,8039,4,1965,
530,Villa,Kirkegade 8,6623, Vorbasse,850000 ,08-08-2009,Fam. Salg,97,8763,5,1957,
530,Villa,Lillevang 26,7190, Billund,275130 ,08-08-2009,Alm. Salg,166,1657,5,2010,
530,Villa,Vestervej 11,7200, Grindsted,940000 ,05-08-2009,Auktion,188,5000,6,1938,
530,Villa,Mølleparken 160,7190, Billund,1425000 ,03-08-2009,Alm. Salg,150,9500,5,1975,
530,Villa,Jørgen Glavinds Vej 16,7200, Grindsted,800000 ,01-08-2009,Alm. Salg,103,7767,4,1959,-5%
530,Villa,Morsbøl Skolevej 40,7200, Grindsted,1295000 ,31-07-2009,Alm. Salg,199,6508,5,1930,
530,Rækkehus,Sydtoften 21,7200, Grindsted,945000 ,28-07-2009,Alm. Salg,82,11524,2,1983,-5%
530,Ejerlejlighed,"Nygade 19A, 1",7200, Grindsted,975000 ,28-07-2009,Alm. Salg,79,12342,3,1988,-2%
530,Villa,Østervænget 50,6623, Vorbasse,1050000 ,27-07-2009,Fam. Salg,130,8077,6,1986,
530,Villa,Nollundvej 135,7200, Grindsted,850000 ,27-07-2009,Alm. Salg,104,8173,4,1969,-5%
530,Villa,Rosengårdsvej 8,7250, Hejnsvig,775000 ,27-07-2009,Alm. Salg,134,5784,5,1973,
530,Villa,Nebelvej 16,6623, Vorbasse,472189 ,26-07-2009,Alm. Salg,189,2498,6,1949,
530,Villa,Birkevej 1,7260, Sønder Omme,850000 ,23-07-2009,Alm. Salg,154,5519,5,1964,1%
530,Villa,Bygvænget 2,7200, Grindsted,1295000 ,23-07-2009,Alm. Salg,145,8931,5,1963,
530,Villa,Hørlycks Alle 7,7200, Grindsted,1350000 ,22-07-2009,Alm. Salg,118,11441,4,1961,-7%
530,Villa,Klodhøjvej 8,7250, Hejnsvig,1258500 ,22-07-2009,Alm. Salg,99,12712,2,2009,
530,Villa,Sydtoften 9,7200, Grindsted,1525000 ,21-07-2009,Alm. Salg,158,9652,6,1983,-10%
530,Villa,Krarupvej 7,7200, Grindsted,1295000 ,21-07-2009,Alm. Salg,113,11460,3,1963,
530,Villa,Sydtoften 285,7200, Grindsted,1600000 ,19-07-2009,Alm. Salg,118,13559,4,2005,
530,Rækkehus,Søndre Boulevard 361,7200, Grindsted,945000 ,16-07-2009,Alm. Salg,80,11813,3,1986,-2%
530,Villa,Mølleparken 410,7190, Billund,1300000 ,16-07-2009,Alm. Salg,120,10833,4,1985,-4%
530,Villa,Krogagervej 4,7200, Grindsted,1500000 ,16-07-2009,Alm. Salg,151,9934,6,1959,-6%
530,Villa,Østergade 60,6623, Vorbasse,1095000 ,16-07-2009,Alm. Salg,179,6117,3,1941,
530,Villa,Nørrevej 6,7200, Grindsted,545000 ,15-07-2009,Alm. Salg,116,4698,4,1932,
530,Villa,Engsøparken 223,7200, Grindsted,400000 ,15-07-2009,Alm. Salg,144,2778,5,2010,23%
530,Villa,Søgårdvej 67,7250, Hejnsvig,1140000 ,12-07-2009,Alm. Salg,154,7403,7,1981,
530,Villa,Engsøparken 201,7200, Grindsted,465000 ,12-07-2009,Alm. Salg,188,2473,4,2011,-15%
530,Villa,Morsbølvej 15,7200, Grindsted,295000 ,09-07-2009,Alm. Salg,178,1657,6,2010,
530,Villa,Fromssejervej 20A,6623, Vorbasse,3200000 ,07-07-2009,Alm. Salg,225,7711,14,1917,
530,Villa,Morsbølvej 43,7200, Grindsted,342000 ,07-07-2009,Alm. Salg,190,1800,5,2010,
530,Villa,Egevænget 103,7190, Billund,1620000 ,03-07-2009,Alm. Salg,304,5329,10,1972,-5%
530,Villa,Sønderkær 210,7190, Billund,862500 ,02-07-2009,Andet,170,5074,7,1978,
530,Rækkehus,Banegårdsvej 13,7200, Grindsted,1350000 ,01-07-2009,Alm. Salg,110,12273,4,1985,
530,Villa,A G Jensens Vej 3,7250, Hejnsvig,600000 ,01-07-2009,Alm. Salg,98,6122,3,1939,
530,Villa,Nørregade 47,7200, Grindsted,1800000 ,01-07-2009,Andet,156,11538,6,1944,
530,Villa,Ribersvej 124,7200, Grindsted,1335000 ,30-06-2009,Alm. Salg,148,9020,5,1980,-3%
530,Villa,Tingstedet 75,7190, Billund,2195000 ,30-06-2009,Alm. Salg,155,14161,6,1996,
530,Villa,Lyngvang 3A,7260, Sønder Omme,717500 ,30-06-2009,Alm. Salg,122,5881,4,1974,-1%
530,Villa,Tolvalenvej 6,7260, Sønder Omme,575000 ,30-06-2009,Alm. Salg,118,4873,3,1945,
530,Villa,Markskellet 47,7190, Billund,1265000 ,29-06-2009,Alm. Salg,108,11713,5,1988,-1%
530,Villa,Sønderkær 305,7190, Billund,1410000 ,28-06-2009,Alm. Salg,157,8981,7,1981,-2%
530,Villa,Krarupvej 10,7200, Grindsted,985000 ,25-06-2009,Alm. Salg,101,9752,3,1952,-1%
530,Villa,Åhavevej 22,7200, Grindsted,1800000 ,24-06-2009,Alm. Salg,209,8182,5,1972,-10%
530,Villa,Præstevang 9,7190, Billund,1150000 ,23-06-2009,Alm. Salg,141,8156,4,1959,
530,Villa,Fanøvej 14,7200, Grindsted,1125000 ,23-06-2009,Alm. Salg,125,9000,4,1970,-6%
530,Villa,Søndermarksvej 105,7190, Billund,1420000 ,21-06-2009,Alm. Salg,160,8875,6,1968,-5%
530,Villa,Præstevænget 4,7250, Hejnsvig,885000 ,19-06-2009,Alm. Salg,128,6914,5,1935,-1%
530,Villa,Krohaven 1,7200, Grindsted,1158000 ,17-06-2009,Andet,209,5541,6,2008,
530,Villa,Jørgen Glavinds Vej 1,7200, Grindsted,695000 ,15-06-2009,Alm. Salg,129,5388,4,1955,
530,Villa,Lindevej 10,7190, Billund,900000 ,14-06-2009,Alm. Salg,155,5806,6,1972,-29%
530,Villa,Dalsøvej 215,7200, Grindsted,980000 ,14-06-2009,Alm. Salg,117,8376,2,1963,
530,Rækkehus,Søndre Boulevard 339,7200, Grindsted,1150000 ,12-06-2009,Alm. Salg,103,11165,4,1988,
530,Villa,Sverrigsvej 6,7200, Grindsted,1240000 ,12-06-2009,Alm. Salg,149,8322,4,1969,-4%
530,Villa,Østergade 35,6623, Vorbasse,1120000 ,10-06-2009,Alm. Salg,127,8819,4,1942,
530,Villa,Skovvang 2,7260, Sønder Omme,675000 ,09-06-2009,Alm. Salg,126,5357,5,1960,-9%
530,Villa,Dalgasvej 5,6623, Vorbasse,1500000 ,09-06-2009,Alm. Salg,189,7937,6,1923,
530,Villa,Lyngvang 12,7260, Sønder Omme,700000 ,09-06-2009,Alm. Salg,116,6034,4,1972,-7%
530,Villa,Fynsgade 1,7200, Grindsted,1425000 ,09-06-2009,Alm. Salg,161,8851,6,1954,-5%
530,Villa,Østergade 50,6623, Vorbasse,190000 ,09-06-2009,Fam. Salg,136,1397,5,1932,
530,Villa,Egevænget 207,7190, Billund,1745000 ,09-06-2009,Alm. Salg,181,9641,6,1972,
530,Villa,Dalagervej 4,6623, Vorbasse,1395000 ,07-06-2009,Alm. Salg,134,10410,4,1998,
530,Villa,Mølleparken 380,7190, Billund,1250000 ,05-06-2009,Alm. Salg,122,10246,6,1980,
530,Villa,Grønvang 28,7260, Sønder Omme,850000 ,03-06-2009,Alm. Salg,116,7328,3,1953,-2%
530,Villa,Søndergade 6,6623, Vorbasse,275000 ,03-06-2009,Alm. Salg,103,2670,5,1933,-44%
530,Villa,Lillevang 109,7190, Billund,395000 ,03-06-2009,Alm. Salg,209,1890,5,2009,
530,Rækkehus,Østergaardsvej 8,7200, Grindsted,510000 ,02-06-2009,Alm. Salg,83,6145,2,1965,
530,Villa,Blåhøjvej 37,7200, Grindsted,195000 ,02-06-2009,Auktion,102,1912,4,1926,
530,Villa,Præstevænget 1,7250, Hejnsvig,900000 ,01-06-2009,Alm. Salg,173,5202,7,1927,-10%
530,Villa,Lillevang 53,7190, Billund,2050000 ,01-06-2009,Alm. Salg,148,13851,6,2007,-2%
530,Villa,Ølgodvej 12,7200, Grindsted,300000 ,01-06-2009,Alm. Salg,113,2655,6,1954,
530,Rækkehus,Grønningen 2A,7190, Billund,995000 ,28-05-2009,Alm. Salg,81,12284,3,1987,
530,Villa,Tranebærvej 9,7200, Grindsted,1200000 ,27-05-2009,Alm. Salg,133,9023,5,1966,
530,Villa,Møbjergvej 21,7260, Sønder Omme,1660000 ,27-05-2009,Alm. Salg,165,10061,5,1942,-8%
530,Rækkehus,Svinget 15,7200, Grindsted,1135000 ,26-05-2009,Alm. Salg,117,9701,3,0,-3%
530,Ejerlejlighed,"Østergade 6, 1",6623, Vorbasse,600000 ,26-05-2009,Alm. Salg,49,12245,2,1932,-20%
530,Villa,Søndre Boulevard 275,7200, Grindsted,1600000 ,26-05-2009,Alm. Salg,132,12121,6,1988,-3%
530,Villa,Højene 8,7250, Hejnsvig,900000 ,25-05-2009,Alm. Salg,149,6040,4,1970,-4%
530,Villa,Rosenvej 2,7200, Grindsted,745000 ,24-05-2009,Alm. Salg,144,5174,5,1974,-3%
530,Villa,Rosenvej 13,7200, Grindsted,683000 ,21-05-2009,Alm. Salg,119,5739,4,1980,
530,Villa,Østerbrogade 17,7200, Grindsted,720000 ,18-05-2009,Fam. Salg,137,5255,5,1920,
530,Villa,Morsbølvej 43,7200, Grindsted,340000 ,17-05-2009,Alm. Salg,190,1789,5,2010,
530,Villa,Dalsøvej 83,7200, Grindsted,1100000 ,15-05-2009,Alm. Salg,122,9016,4,1979,-4%
530,Villa,Nollundvej 184,7200, Grindsted,1395000 ,14-05-2009,Alm. Salg,235,5936,8,1961,
530,Villa,Vejlevej 41,7190, Billund,1975000 ,12-05-2009,Alm. Salg,150,13167,7,1911,
530,Villa,Lillevang 80,7190, Billund,2750000 ,11-05-2009,Alm. Salg,203,13547,5,2009,-8%
530,Ejerlejlighed,"Solvej 54, 3",7200, Grindsted,1750000 ,09-05-2009,Alm. Salg,107,16355,3,2003,
530,Villa,Lyngvej 8,7200, Grindsted,1345000 ,09-05-2009,Alm. Salg,108,12454,4,1967,
530,Villa,Storegade 9,7200, Grindsted,1200000 ,06-05-2009,Alm. Salg,162,7407,5,1935,-4%
530,Villa,Søndre Boulevard 255,7200, Grindsted,877000 ,06-05-2009,Andet,142,6176,5,1993,
530,Villa,Nørrevej 10,7200, Grindsted,450000 ,05-05-2009,Alm. Salg,124,3629,5,1939,
530,Villa,Møllevænget 19,7190, Billund,865000 ,05-05-2009,Alm. Salg,78,11090,3,1965,
530,Villa,Labrivej 4,6623, Vorbasse,1667500 ,05-05-2009,Alm. Salg,162,10293,6,1998,
530,Villa,Parkvej 18,6623, Vorbasse,537500 ,04-05-2009,Alm. Salg,142,3785,5,1975,
530,Villa,Parkvej 22,6623, Vorbasse,750000 ,04-05-2009,Alm. Salg,116,6466,4,1975,
530,Villa,Nørregade 52,7200, Grindsted,1275000 ,04-05-2009,Alm. Salg,123,10366,6,1937,-2%
530,Villa,Kærvej 215,7190, Billund,1325000 ,03-05-2009,Alm. Salg,169,7840,6,1973,-5%
530,Villa,Egebjerg Landevej 21,7200, Grindsted,825000 ,03-05-2009,Alm. Salg,102,8088,4,1964,-6%
530,Villa,Poppelvej 8,7200, Grindsted,1150000 ,02-05-2009,Alm. Salg,127,9055,4,1960,-4%
530,Villa,Nebelvej 14,6623, Vorbasse,985000 ,01-05-2009,Alm. Salg,220,4477,5,1943,-17%
530,Villa,Hyldevej 4,7260, Sønder Omme,700000 ,30-04-2009,Alm. Salg,181,3867,5,1914,
530,Villa,Tingstedet 107,7190, Billund,2100000 ,29-04-2009,Alm. Salg,159,13208,7,1998,-2%
530,Villa,Toften 17,7200, Grindsted,510000 ,29-04-2009,Auktion,113,4513,4,1974,
530,Villa,Jørgen Glavinds Vej 6,7200, Grindsted,1095000 ,29-04-2009,Alm. Salg,73,15000,3,1957,
530,Villa,Rønnebærvej 12,7200, Grindsted,995000 ,28-04-2009,Alm. Salg,180,5528,5,1968,
530,Villa,Søgårdparken 3,7250, Hejnsvig,457500 ,26-04-2009,Alm. Salg,177,2585,5,2009,
530,Villa,Langgade 49,7250, Hejnsvig,700000 ,25-04-2009,Alm. Salg,99,7071,3,1979,
530,Villa,Havrevænget 27,7200, Grindsted,1150000 ,24-04-2009,Alm. Salg,118,9746,4,1961,-4%
530,Villa,Bøvlvej 179,7260, Sønder Omme,490000 ,22-04-2009,Alm. Salg,110,4455,3,1949,-8%
530,Ejerlejlighed,"Grønningen 5, st. tv",7200, Grindsted,575000 ,21-04-2009,Alm. Salg,76,7566,2,1967,-12%
530,Villa,Søllingdalvej 12,7250, Hejnsvig,675000 ,19-04-2009,Fam. Salg,163,4141,5,1976,
530,Villa,Dalsøvej 113,7200, Grindsted,1085000 ,17-04-2009,Alm. Salg,112,9688,4,1980,-5%
530,Villa,Nebelvej 27,6623, Vorbasse,1755000 ,16-04-2009,Alm. Salg,144,12188,5,2004,
530,Villa,Langgade 39,7250, Hejnsvig,950000 ,15-04-2009,Alm. Salg,171,5556,7,1978,
530,Villa,Morsbølvej 59,7200, Grindsted,375000 ,15-04-2009,Alm. Salg,181,2072,6,2011,
530,Rækkehus,Søndervold 74,7200, Grindsted,795000 ,06-04-2009,Alm. Salg,61,13033,2,1992,
530,Villa,Daugårdvej 36,7250, Hejnsvig,135000 ,06-04-2009,Alm. Salg,176,767,5,1920,
530,Villa,Lupinvænget 26,7200, Grindsted,700000 ,05-04-2009,Alm. Salg,101,6931,3,1963,
530,Villa,Islandsvej 4,7200, Grindsted,1612500 ,02-04-2009,Alm. Salg,179,9008,5,1975,-4%
530,Villa,Engsøparken 69,7200, Grindsted,1140000 ,02-04-2009,Fam. Salg,173,6590,6,2005,
530,Rækkehus,Lysningen 28,7190, Billund,1025000 ,01-04-2009,Alm. Salg,95,10789,4,1986,-7%
530,Villa,Egevej 16,7260, Sønder Omme,545000 ,01-04-2009,Alm. Salg,111,4910,4,1965,-8%
530,Villa,Drivvejen 6,6623, Vorbasse,820000 ,01-04-2009,Alm. Salg,118,6949,4,1977,-8%
530,Villa,Boldingvej 3,7250, Hejnsvig,1300000 ,01-04-2009,Alm. Salg,129,10078,5,2004,-10%
530,Villa,Ribersvej 74,7200, Grindsted,822672 ,30-03-2009,Fam. Salg,169,4868,6,1978,
530,Villa,Tingstedet 118,7190, Billund,845000 ,30-03-2009,Alm. Salg,152,5559,6,1999,
530,Villa,Engvangen 14,7200, Grindsted,1000000 ,30-03-2009,Alm. Salg,145,6897,5,1977,-5%
530,Villa,Morsbøl Søvej 48,7200, Grindsted,295000 ,30-03-2009,Alm. Salg,166,1777,5,2010,
530,Ejerlejlighed,"Grønningen 15, st. tv",7200, Grindsted,375000 ,29-03-2009,Alm. Salg,52,7212,2,1968,-5%
530,Villa,Søndergade 14,7250, Hejnsvig,485000 ,29-03-2009,Auktion,88,5511,5,1958,
530,Villa,Dalbo 4,7200, Grindsted,1400000 ,26-03-2009,Alm. Salg,153,9150,6,1978,
530,Villa,Lyngvang 8,7260, Sønder Omme,815000 ,24-03-2009,Alm. Salg,112,7277,4,1972,-4%
530,Villa,Dalbyvej 24,7200, Grindsted,830000 ,23-03-2009,Alm. Salg,145,5724,4,1924,-2%
530,Villa,Storegade 56,7200, Grindsted,695000 ,22-03-2009,Alm. Salg,127,5472,6,1941,
530,Villa,Ravnsøvej 2,7200, Grindsted,875000 ,22-03-2009,Alm. Salg,235,3723,7,1974,-59%
530,Villa,Vesterled 14,7260, Sønder Omme,375000 ,22-03-2009,Alm. Salg,108,3472,4,1963,
530,Villa,Skolegyden 6,7200, Grindsted,625000 ,21-03-2009,Alm. Salg,72,8681,2,1954,
530,Villa,Nørrevej 17,7200, Grindsted,945000 ,19-03-2009,Alm. Salg,128,7383,4,1974,
530,Villa,Dalsøvej 103,7200, Grindsted,930000 ,19-03-2009,Alm. Salg,173,5376,6,1979,-7%
530,Villa,Parallelvej 4,7260, Sønder Omme,850000 ,19-03-2009,Alm. Salg,116,7328,4,1965,
530,Villa,Eg Mejerivej 1,7200, Grindsted,925000 ,18-03-2009,Alm. Salg,151,6126,6,1920,
530,Villa,Dalagervej 15,6623, Vorbasse,2600000 ,17-03-2009,Alm. Salg,234,11111,6,2006,
530,Villa,Refshøjvej 36,7200, Grindsted,330000 ,16-03-2009,Alm. Salg,87,3793,3,1950,-5%
530,Villa,Parallelvej 6,7260, Sønder Omme,740000 ,13-03-2009,Alm. Salg,116,6379,4,1969,-7%
530,Villa,Solvangen 9,7200, Grindsted,865000 ,12-03-2009,Alm. Salg,128,6758,5,1964,
530,Villa,Nebelvej 44,6623, Vorbasse,1360000 ,12-03-2009,Alm. Salg,191,7120,3,1932,-1%
530,Villa,Kolstrupvej 28,7200, Grindsted,356534 ,11-03-2009,Alm. Salg,103,3461,3,1958,
530,Villa,Fasanvej 10,7190, Billund,1100000 ,08-03-2009,Alm. Salg,151,7285,5,1960,-12%
530,Villa,Postgade 6,7200, Grindsted,550000 ,08-03-2009,Alm. Salg,130,4231,4,1925,-8%
530,Villa,Vestergade 106A,7200, Grindsted,550000 ,04-03-2009,Auktion,138,3986,4,2021,
530,Villa,Anemonevej 31,7200, Grindsted,1550000 ,04-03-2009,Alm. Salg,203,7635,7,1963,-14%
530,Villa,Højgårdsvej 2,6623, Vorbasse,1150000 ,04-03-2009,Alm. Salg,214,5374,7,1963,
530,Villa,Søndergade 10,7250, Hejnsvig,795000 ,03-03-2009,Alm. Salg,128,6211,5,2015,
530,Villa,Vilhelmsmindevej 23,7200, Grindsted,500000 ,02-03-2009,Alm. Salg,131,3817,5,1920,
530,Villa,Søndermarksvej 116,7190, Billund,1435000 ,01-03-2009,Alm. Salg,152,9441,5,1969,-1%
530,Villa,Dalbyvej 17,7200, Grindsted,575000 ,26-02-2009,Alm. Salg,96,5990,4,1952,
530,Villa,Engsøparken 71,7200, Grindsted,950000 ,26-02-2009,Fam. Salg,151,6291,5,2001,
530,Villa,Kærtoften 12,7200, Grindsted,675000 ,25-02-2009,Alm. Salg,120,5625,4,1972,
530,Villa,Dalsøvej 79,7200, Grindsted,1387500 ,23-02-2009,Alm. Salg,139,9982,5,1977,
530,Villa,Birkevej 7,7260, Sønder Omme,1300000 ,23-02-2009,Alm. Salg,137,9489,5,1971,-3%
530,Villa,Løvlundvej 13B,7190, Billund,2400000 ,23-02-2009,Alm. Salg,263,9125,8,1965,
530,Villa,Fanøvej 5,7200, Grindsted,1350000 ,20-02-2009,Alm. Salg,139,9712,5,1971,
530,Villa,Grindsted Landevej 7,7200, Grindsted,875000 ,20-02-2009,Alm. Salg,89,9831,3,1959,
530,Rækkehus,Sønderkær 427A,7190, Billund,990000 ,19-02-2009,Alm. Salg,77,12857,3,1986,-1%
530,Villa,Rogusavej 5,7250, Hejnsvig,845000 ,19-02-2009,Alm. Salg,99,8535,3,1975,
530,Villa,Kirkebyvej 144,7260, Sønder Omme,1330000 ,17-02-2009,Alm. Salg,173,7688,5,2001,
530,Villa,Løvlundvej 1B,7190, Billund,850000 ,17-02-2009,Alm. Salg,282,3014,6,2011,
530,Villa,Morsbølvej 55,7200, Grindsted,400000 ,17-02-2009,Alm. Salg,159,2516,5,2010,
530,Rækkehus,Sydtoften 155,7200, Grindsted,1100000 ,16-02-2009,Alm. Salg,86,12791,3,1984,-4%
530,Villa,Dalsvinget 25,7200, Grindsted,1190000 ,15-02-2009,Alm. Salg,118,10085,4,1976,-1%
530,Villa,Nørregade 30B,6623, Vorbasse,860000 ,10-02-2009,Auktion,58,14828,2,1915,
530,Villa,Krarupvej 10,7200, Grindsted,447500 ,10-02-2009,Andet,101,4431,3,1952,
530,Villa,Lillevang 29,7190, Billund,800000 ,09-02-2009,Alm. Salg,161,4969,5,2008,
530,Villa,Juellingsholmsvej 25,7200, Grindsted,950000 ,05-02-2009,Alm. Salg,228,4167,8,1950,-10%
530,Rækkehus,Meldhedevej 5,7200, Grindsted,850000 ,04-02-2009,Alm. Salg,100,8500,4,1986,-15%
530,Villa,Ølgodvej 49,7200, Grindsted,800000 ,02-02-2009,Alm. Salg,164,4878,5,1910,-6%
530,Ejerlejlighed,"Solvej 64, 4",7200, Grindsted,1675000 ,29-01-2009,Alm. Salg,103,16262,3,2003,
530,Villa,Fasanvej 8,7190, Billund,705243 ,28-01-2009,Alm. Salg,144,4898,6,1959,
530,Villa,Vejlevej 41,7190, Billund,300000 ,27-01-2009,Alm. Salg,150,2000,7,1911,-85%
530,Villa,Refshøjvej 27,7200, Grindsted,215000 ,26-01-2009,Auktion,291,739,7,1925,
530,Villa,Hovedgaden 6,7260, Sønder Omme,810000 ,25-01-2009,Alm. Salg,112,3682,4,1894,-2%
530,Villa,Vilhelmsmindevej 43,7260, Sønder Omme,2771835 ,25-01-2009,Alm. Salg,175,15839,5,1924,
530,Villa,Vinkelvej 10,7250, Hejnsvig,900000 ,22-01-2009,Alm. Salg,169,5325,7,1952,
530,Rækkehus,Sønderkær 485,7190, Billund,915000 ,21-01-2009,Alm. Salg,77,11883,3,1984,-3%
530,Villa,Abildvej 1,7200, Grindsted,835000 ,21-01-2009,Alm. Salg,94,8883,4,1962,-1%
530,Ejerlejlighed,"Grønningen 11, 2. th",7200, Grindsted,695000 ,20-01-2009,Alm. Salg,100,6950,4,1967,
530,Villa,Søgårdparken 19,7250, Hejnsvig,270000 ,20-01-2009,Alm. Salg,164,1646,5,2009,
530,Villa,Bredgade 42,7250, Hejnsvig,670000 ,19-01-2009,Alm. Salg,130,5154,6,1924,-8%
530,Villa,Ribersvej 90,7200, Grindsted,1330000 ,18-01-2009,Alm. Salg,121,10992,4,1979,-5%
530,Villa,Grønvang 24,7260, Sønder Omme,775000 ,16-01-2009,Alm. Salg,137,5657,4,1959,-9%
530,Villa,Engvej 11,7200, Grindsted,1000000 ,15-01-2009,Alm. Salg,84,11905,4,1948,-9%
530,Villa,Okslundvej 82,6623, Vorbasse,2425000 ,14-01-2009,Andet,228,10636,6,1995,
530,Villa,Østerbrogade 3,7200, Grindsted,925000 ,13-01-2009,Alm. Salg,140,6607,7,1946,-4%
530,Villa,Morsbølvej 55,7200, Grindsted,420000 ,13-01-2009,Alm. Salg,159,2642,5,2010,
530,Villa,Syrenvej 17,7200, Grindsted,850000 ,08-01-2009,Alm. Salg,123,6911,4,1960,
530,Villa,Nørregade 39,7200, Grindsted,875000 ,07-01-2009,Alm. Salg,123,7114,4,1962,
530,Villa,Søndervænget 6,6623, Vorbasse,1100000 ,07-01-2009,Alm. Salg,119,9244,4,1989,
530,Villa,Søndervold 103,7200, Grindsted,2220140 ,07-01-2009,Alm. Salg,155,14323,6,2009,
530,Villa,Lillevang 127,7190, Billund,557200 ,05-01-2009,Andet,209,2666,6,2015,
530,Villa,Lillevang 26,7190, Billund,315638 ,29-12-2008,Alm. Salg,166,1901,5,2010,
530,Villa,Åmarkvej 8,7200, Grindsted,1250000 ,22-12-2008,Alm. Salg,181,6906,7,1972,-6%
530,Villa,Hovedgaden 22,7260, Sønder Omme,419500 ,21-12-2008,Fam. Salg,167,2512,7,1900,
530,Villa,Tyttebærvej 2,7200, Grindsted,250000 ,21-12-2008,Alm. Salg,388,496,8,1967,
530,Ejerlejlighed,"Banegårdsvej 3A, 2. tv",7200, Grindsted,574000 ,19-12-2008,Alm. Salg,61,9410,2,1988,
530,Villa,Bredgade 15,7250, Hejnsvig,1036000 ,18-12-2008,Fam. Salg,222,4667,7,1902,
530,Villa,Skovstien 6,7200, Grindsted,836000 ,18-12-2008,Fam. Salg,74,11297,3,1951,
530,Villa,Plougslundvej 169,7190, Billund,722500 ,17-12-2008,Alm. Salg,167,4326,5,1973,
530,Villa,Rankenbjergvej 5,6623, Vorbasse,150000 ,15-12-2008,Alm. Salg,124,1210,3,1902,
530,Rækkehus,Grønningen 28,7190, Billund,454711 ,14-12-2008,Alm. Salg,71,6404,2,1988,
530,Villa,Lupinvænget 40,7200, Grindsted,1350000 ,14-12-2008,Alm. Salg,139,9712,5,1963,-3%
530,Villa,Ølgodvej 36,7200, Grindsted,785000 ,11-12-2008,Alm. Salg,149,5268,5,1948,-5%
530,Villa,Bygvænget 15,7200, Grindsted,915000 ,11-12-2008,Andet,153,5980,5,1963,
530,Villa,Krarupvej 5,7200, Grindsted,810000 ,10-12-2008,Alm. Salg,130,6231,4,1965,-5%
530,Villa,Jyllandsgade 5,7200, Grindsted,1378849 ,07-12-2008,Fam. Salg,127,10857,5,1952,
530,Rækkehus,Sønderkær 485,7190, Billund,800000 ,04-12-2008,Alm. Salg,77,10390,3,1984,-15%
530,Villa,Østre Ringvej 5,7250, Hejnsvig,695000 ,04-12-2008,Alm. Salg,113,6150,4,1968,
530,Villa,Morsbøl Søvej 62,7200, Grindsted,350000 ,04-12-2008,Alm. Salg,166,2108,6,2009,
530,Villa,Gyvelvej 2,7200, Grindsted,725000 ,03-12-2008,Auktion,115,6304,4,1949,
530,Ejerlejlighed,"Banegårdsvej 3A, 1. th",7200, Grindsted,550000 ,01-12-2008,Alm. Salg,64,8594,2,1988,
530,Ejerlejlighed,"Nygade 19E, st",7200, Grindsted,695000 ,01-12-2008,Alm. Salg,62,11210,2,1985,
530,Villa,Hovedgaden 42,7190, Billund,1000000 ,30-11-2008,Alm. Salg,110,9091,3,1932,
530,Villa,Sønderkær 357,7190, Billund,1300000 ,26-11-2008,Fam. Salg,194,6701,5,1984,
530,Villa,J P Jensens Vej 8,7200, Grindsted,2240000 ,25-11-2008,Alm. Salg,172,13023,8,1948,0%
530,Villa,Rugvænget 18,7200, Grindsted,1095000 ,23-11-2008,Alm. Salg,163,6718,6,1962,
530,Villa,Tværvej 4,7190, Billund,1725000 ,21-11-2008,Alm. Salg,220,7841,5,1974,
530,Ejerlejlighed,"Dalgasparken 10, st",7200, Grindsted,955000 ,19-11-2008,Alm. Salg,124,7702,4,1918,-4%
530,Villa,Lillevang 139,7190, Billund,2700000 ,19-11-2008,Alm. Salg,196,13776,6,2009,
530,Rækkehus,Markskellet 60,7190, Billund,1195000 ,18-11-2008,Alm. Salg,94,12713,4,1990,-4%
530,Villa,Markskellet 66,7190, Billund,2360000 ,14-11-2008,Alm. Salg,255,9255,7,1994,-11%
530,Villa,Fromssejervej 7,6623, Vorbasse,675000 ,13-11-2008,Fam. Salg,104,6490,4,1965,
530,Villa,Søndergade 8A,6623, Vorbasse,537500 ,11-11-2008,Fam. Salg,155,3468,6,1973,
530,Villa,Gammel Bøvlvej 5,7260, Sønder Omme,600000 ,11-11-2008,Fam. Salg,242,2479,6,1913,
530,Villa,Daugårdvej 3,7250, Hejnsvig,500000 ,10-11-2008,Andet,130,3846,3,1800,
530,Villa,Engsøparken 221,7200, Grindsted,325000 ,10-11-2008,Alm. Salg,194,1675,6,2010,
530,Villa,Søndervang 2,7200, Grindsted,675000 ,06-11-2008,Alm. Salg,114,5921,5,1956,
530,Villa,Engsøparken 209,7200, Grindsted,435000 ,06-11-2008,Alm. Salg,186,2071,6,2009,-20%
530,Ejerlejlighed,"Dalgasparken 10, 1",7200, Grindsted,795000 ,05-11-2008,Alm. Salg,101,7871,3,1918,
530,Villa,Gribsøvej 8,7200, Grindsted,920000 ,05-11-2008,Alm. Salg,127,7244,5,1974,
530,Villa,J P Jensens Vej 13,7200, Grindsted,1675000 ,04-11-2008,Alm. Salg,114,14693,6,1945,-7%
530,Villa,Tårngade 4,6623, Vorbasse,675000 ,04-11-2008,Alm. Salg,152,4441,6,1935,
530,Villa,Nørregade 37,6623, Vorbasse,499163 ,02-11-2008,Auktion,107,4665,4,1948,
530,Villa,Fyrrevænget 216,7190, Billund,1075000 ,02-11-2008,Alm. Salg,126,8532,4,1970,
530,Villa,Klosterhedevej 13,7200, Grindsted,1540000 ,02-11-2008,Alm. Salg,150,10267,6,1972,-4%
530,Rækkehus,Rahbæksparken 452,7260, Sønder Omme,200000 ,29-10-2008,Alm. Salg,140,1429,4,0,
530,Villa,Simmelbrovej 24,7200, Grindsted,518744 ,29-10-2008,Alm. Salg,134,3871,4,1951,
530,Villa,Engvangen 6,7200, Grindsted,1050100 ,27-10-2008,Alm. Salg,143,7343,5,1974,5%
530,Villa,Hasselvej 3,7260, Sønder Omme,1600000 ,26-10-2008,Alm. Salg,189,8466,8,1968,
530,Villa,Rosenvej 9,7200, Grindsted,960000 ,26-10-2008,Alm. Salg,151,6358,5,1977,-17%
530,Villa,Blåhøjvej 6,7200, Grindsted,720000 ,26-10-2008,Alm. Salg,116,6207,6,1910,
530,Villa,Fittingvej 27,6623, Vorbasse,1900000 ,25-10-2008,Alm. Salg,443,4289,12,1917,-5%
530,Villa,Vesterled 13,7260, Sønder Omme,845000 ,24-10-2008,Alm. Salg,93,9086,4,1964,4%
530,Villa,Vestervej 4,7200, Grindsted,575000 ,23-10-2008,Alm. Salg,172,3343,7,1915,
530,Villa,Dalbo 54,7200, Grindsted,1410000 ,23-10-2008,Fam. Salg,112,12589,4,1979,
530,Villa,Vandmosevej 22B,6623, Vorbasse,1000000 ,23-10-2008,Alm. Salg,146,6849,5,1961,
530,Villa,Vilhelmsmindevej 23,7200, Grindsted,195000 ,20-10-2008,Alm. Salg,131,1489,5,1920,
530,Villa,Nørregade 39,6623, Vorbasse,468000 ,15-10-2008,Auktion,135,3467,5,1974,
530,Villa,Fyrrevænget 106,7190, Billund,1650000 ,14-10-2008,Alm. Salg,271,6089,6,1969,-6%
530,Villa,Tværvej 4,7190, Billund,1275000 ,11-10-2008,Fam. Salg,220,5795,5,1974,
530,Villa,Søndervold 276,7200, Grindsted,2500000 ,08-10-2008,Alm. Salg,154,16234,5,2000,-2%
530,Villa,Søndre Boulevard 313,7200, Grindsted,1850000 ,07-10-2008,Alm. Salg,136,13603,6,1987,-2%
530,Villa,Krogagergårdvej 37,7200, Grindsted,46281 ,07-10-2008,Alm. Salg,144,321,4,2009,
530,Villa,Morsbøl Søvej 50,7200, Grindsted,295000 ,07-10-2008,Alm. Salg,211,1398,6,2010,
530,Villa,Nollundvej 84,7200, Grindsted,1070000 ,06-10-2008,Alm. Salg,242,4421,6,1948,
530,Villa,Svinget 5C,7190, Billund,2695000 ,06-10-2008,Alm. Salg,152,11371,7,1976,
530,Villa,Rømøvej 8,7200, Grindsted,1145000 ,06-10-2008,Alm. Salg,134,8545,5,1970,
530,Villa,Dalsøvej 24,7200, Grindsted,900000 ,04-10-2008,Alm. Salg,148,6081,5,1976,
530,Villa,Rugvænget 4,7200, Grindsted,1635000 ,03-10-2008,Alm. Salg,156,10481,6,1963,-3%
530,Villa,Hørlycks Alle 11,7200, Grindsted,612500 ,01-10-2008,Fam. Salg,103,5947,4,1947,
530,Villa,Dalbo 2,7200, Grindsted,1470000 ,30-09-2008,Alm. Salg,154,9545,5,1977,-2%
530,Villa,Møllebakken 2,7250, Hejnsvig,186910 ,30-09-2008,Fam. Salg,112,1669,4,1932,
530,Villa,Farvergade 19,7260, Sønder Omme,60000 ,29-09-2008,Alm. Salg,161,373,4,2020,-25%
530,Villa,Løvlundvej 13B,7190, Billund,3400000 ,28-09-2008,Alm. Salg,263,12928,8,1965,
530,Rækkehus,Søndervold 12,7200, Grindsted,1075000 ,27-09-2008,Alm. Salg,96,11198,4,1992,-7%
530,Villa,Søndervold 244,7200, Grindsted,1170200 ,25-09-2008,Fam. Salg,174,6725,5,2003,
530,Rækkehus,Banegårdsvej 13,7200, Grindsted,1150000 ,24-09-2008,Alm. Salg,110,10455,4,1985,
530,Villa,Morsbølvej 64B,7200, Grindsted,710000 ,22-09-2008,Alm. Salg,210,3381,6,2011,
530,Villa,Grindstedvej 36,7260, Sønder Omme,272000 ,21-09-2008,Alm. Salg,110,2473,5,1942,
530,Villa,Søndermarksvej 11,7200, Grindsted,3500000 ,21-09-2008,Fam. Salg,302,11589,8,2015,
530,Villa,Morsbølvej 59,7200, Grindsted,375000 ,18-09-2008,Alm. Salg,181,2072,6,2011,
530,Villa,Ølandsvej 6,7200, Grindsted,1050000 ,18-09-2008,Fam. Salg,150,7000,5,1971,
530,Villa,Dalbo 22,7200, Grindsted,1133000 ,17-09-2008,Alm. Salg,121,9364,4,1978,
530,Villa,Birkevangen 3,7200, Grindsted,1555000 ,17-09-2008,Alm. Salg,191,8141,8,1963,
530,Villa,Dalbo 16,7200, Grindsted,925000 ,16-09-2008,Alm. Salg,158,5854,6,1977,-2%
530,Villa,Rogusavej 1,7250, Hejnsvig,1100000 ,15-09-2008,Alm. Salg,153,7190,4,1962,-4%
530,Rækkehus,Søndre Boulevard 379,7200, Grindsted,975000 ,14-09-2008,Alm. Salg,81,12037,3,1987,
530,Villa,Grindstedvej 70,7260, Sønder Omme,800000 ,14-09-2008,Alm. Salg,88,9091,3,1962,
530,Villa,Borgergade 21,7200, Grindsted,1800000 ,11-09-2008,Alm. Salg,152,8867,9,1907,
530,Villa,Plagborgvej 6,7200, Grindsted,1000000 ,11-09-2008,Fam. Salg,185,5405,7,1904,
530,Villa,Sønderkær 149,7190, Billund,525000 ,11-09-2008,Alm. Salg,124,4234,4,1977,
530,Villa,Mølleparken 104,7190, Billund,1500000 ,09-09-2008,Alm. Salg,142,10563,4,1975,-3%
530,Villa,Engvangen 24,7200, Grindsted,1230000 ,09-09-2008,Alm. Salg,197,6244,5,1976,
530,Villa,Abildvej 19,7200, Grindsted,1075000 ,09-09-2008,Alm. Salg,138,7790,4,1974,
530,Villa,Aakjærsvej 2,7200, Grindsted,482317 ,08-09-2008,Alm. Salg,94,5131,2,1942,
530,Villa,Sønderkær 216,7190, Billund,1490000 ,08-09-2008,Alm. Salg,103,14466,4,1979,
530,Rækkehus,Mølleparken 302D,7190, Billund,895000 ,04-09-2008,Alm. Salg,77,11623,3,1985,-5%
530,Villa,Stenvej 13,7200, Grindsted,1250000 ,03-09-2008,Alm. Salg,132,9470,4,1961,-3%
530,Villa,Herningvej 13,7260, Sønder Omme,745000 ,02-09-2008,Alm. Salg,104,7163,3,1952,
530,Villa,Ansager Landevej 15,7200, Grindsted,700200 ,31-08-2008,Alm. Salg,119,5884,6,1949,
530,Villa,Fanøvej 15,7200, Grindsted,1770000 ,31-08-2008,Alm. Salg,181,9779,5,1970,-1%
530,Villa,Ribersvej 190,7200, Grindsted,512500 ,31-08-2008,Alm. Salg,100,5125,4,1981,
530,Villa,Rødsøvej 11,7200, Grindsted,1675000 ,31-08-2008,Alm. Salg,178,9410,6,1973,-6%
530,Villa,Toften 41,7190, Billund,1250000 ,28-08-2008,Alm. Salg,94,13298,3,1970,
530,Villa,Lillevang 100,7190, Billund,312800 ,28-08-2008,Alm. Salg,165,1896,4,2009,
530,Villa,Dalsøvej 33,7200, Grindsted,1100000 ,27-08-2008,Alm. Salg,116,9483,4,1976,-6%
530,Villa,Grindstedvej 10,7260, Sønder Omme,600000 ,26-08-2008,Alm. Salg,126,4762,3,1946,-7%
530,Villa,Søndervold 101,7200, Grindsted,2054348 ,26-08-2008,Alm. Salg,135,15217,4,2009,
530,Villa,Vejle Landevej 51,7200, Grindsted,525000 ,25-08-2008,Alm. Salg,58,9052,2,1955,
530,Villa,Tårnvej 2,7200, Grindsted,1195000 ,25-08-2008,Alm. Salg,140,8536,5,1955,
530,Villa,Havrevænget 33,7200, Grindsted,980000 ,24-08-2008,Alm. Salg,132,7424,5,1962,
530,Villa,Holdgårdsvej 32,7260, Sønder Omme,755000 ,24-08-2008,Alm. Salg,104,7260,3,1985,-3%
530,Villa,Lillevang 102,7190, Billund,312800 ,24-08-2008,Alm. Salg,162,1931,5,2009,
530,Villa,Langgade 30,7250, Hejnsvig,910000 ,21-08-2008,Alm. Salg,127,7165,4,1982,
530,Villa,Sønderhedevej 3,7200, Grindsted,1175000 ,20-08-2008,Alm. Salg,150,7833,4,1972,-8%
530,Ejerlejlighed,"Banegårdsvej 3C, 1. mf",7200, Grindsted,495000 ,19-08-2008,Alm. Salg,65,7615,2,1988,
530,Villa,Sydtoften 115,7200, Grindsted,1400000 ,19-08-2008,Alm. Salg,121,11570,4,1984,-6%
530,Villa,Engsøparken 129,7200, Grindsted,2995000 ,19-08-2008,Alm. Salg,190,15763,6,2005,-6%
530,Villa,Plougslundvej 165,7190, Billund,1860000 ,17-08-2008,Alm. Salg,166,9789,6,1973,-2%
530,Villa,Søndermarksvej 106,7190, Billund,1600000 ,14-08-2008,Alm. Salg,180,8889,4,1970,-6%
530,Villa,Dalsøvej 59,7200, Grindsted,995000 ,13-08-2008,Alm. Salg,97,10258,4,1976,
530,Villa,Østervangsvej 8,7200, Grindsted,1500000 ,11-08-2008,Alm. Salg,131,11450,3,1935,-49%
530,Villa,Kærvej 301,7190, Billund,1420000 ,10-08-2008,Alm. Salg,136,10441,4,1972,-5%
530,Ejerlejlighed,"Grønningen 17, 1. tv",7200, Grindsted,610000 ,06-08-2008,Alm. Salg,88,6932,3,1968,
530,Villa,Solbakken 55,7260, Sønder Omme,1425000 ,06-08-2008,Alm. Salg,135,10556,4,1978,-2%
530,Villa,Ådalen 21,7200, Grindsted,1700000 ,06-08-2008,Alm. Salg,200,8500,6,1912,
530,Villa,Brinken 3,7200, Grindsted,820000 ,04-08-2008,Alm. Salg,123,6667,3,1965,-18%
530,Villa,Østre Alle 20,7200, Grindsted,600000 ,04-08-2008,Alm. Salg,123,4878,4,2009,
530,Villa,Østerbo 2,7250, Hejnsvig,475000 ,31-07-2008,Alm. Salg,157,3025,6,1950,
530,Villa,Toften 9,7190, Billund,700000 ,30-07-2008,Alm. Salg,102,6863,4,1966,
530,Villa,Daltoften 45,7200, Grindsted,1545000 ,28-07-2008,Alm. Salg,162,9537,5,1977,
530,Villa,Sønderhedevej 10,6623, Vorbasse,775000 ,28-07-2008,Alm. Salg,158,4905,4,1942,
530,Villa,Vedbendvej 5,7200, Grindsted,1460000 ,28-07-2008,Alm. Salg,188,7766,7,1976,-2%
530,Villa,Bredsten Landevej 202,7200, Grindsted,1360000 ,28-07-2008,Alm. Salg,147,9252,5,1952,
530,Villa,Løvlundvej 13B,7190, Billund,750000 ,28-07-2008,Alm. Salg,263,2852,8,1965,
530,Ejerlejlighed,"Banegårdsvej 19, 1",7200, Grindsted,620000 ,27-07-2008,Alm. Salg,62,10000,2,1987,-1%
530,Villa,Sønderkær 205,7190, Billund,1457000 ,25-07-2008,Alm. Salg,118,12347,4,1977,4%
530,Villa,Rugbjergvej 15,7250, Hejnsvig,600247 ,24-07-2008,Fam. Salg,71,8454,3,1963,
530,Villa,Søndervold 109,7200, Grindsted,1750000 ,24-07-2008,Alm. Salg,135,12963,4,2008,-12%
530,Villa,Lærkevang 13,7200, Grindsted,1215000 ,22-07-2008,Alm. Salg,140,8679,3,1920,
530,Villa,Lillevang 26,7190, Billund,275130 ,21-07-2008,Alm. Salg,166,1657,5,2010,
530,Villa,Frodeslundvej 49,7250, Hejnsvig,1150000 ,20-07-2008,Alm. Salg,147,7823,5,1927,
530,Villa,Nebelvej 33D,6623, Vorbasse,475000 ,20-07-2008,Alm. Salg,189,2513,4,2009,
530,Villa,Havrevænget 29,7200, Grindsted,1090000 ,19-07-2008,Alm. Salg,145,7517,5,1962,-2%
530,Villa,Drosselvej 6,6623, Vorbasse,785000 ,17-07-2008,Alm. Salg,109,7202,3,1979,-1%
530,Villa,Elmevangen 2,7200, Grindsted,900000 ,16-07-2008,Alm. Salg,81,11111,4,1963,-10%
530,Villa,Hørlycks Alle 28,7200, Grindsted,980000 ,16-07-2008,Alm. Salg,80,12250,3,1961,-11%
530,Villa,Gammel Bøvlvej 52,7260, Sønder Omme,1200000 ,16-07-2008,Alm. Salg,176,6818,5,1972,
530,Villa,Nørrevej 25,7200, Grindsted,995000 ,15-07-2008,Alm. Salg,130,7654,4,1980,
530,Villa,Bogfinkevej 3,7190, Billund,1250000 ,15-07-2008,Alm. Salg,104,12019,4,1981,
530,Villa,Østervangsvej 13,7200, Grindsted,1600000 ,10-07-2008,Alm. Salg,145,11034,7,1943,
530,Villa,Gammel Hejnsvigvej 7,7190, Billund,1350000 ,10-07-2008,Alm. Salg,178,7584,7,1957,-3%
530,Villa,Simmelbrovej 25,7200, Grindsted,1020240 ,08-07-2008,Alm. Salg,133,7671,5,1932,-15%
530,Villa,Stenvej 19,7200, Grindsted,950000 ,07-07-2008,Fam. Salg,123,7724,5,1962,
530,Villa,Søndervold 116,7200, Grindsted,2250000 ,06-07-2008,Alm. Salg,146,15411,5,1996,-2%
530,Villa,Engvangen 29,7200, Grindsted,547559 ,06-07-2008,Alm. Salg,123,4452,6,1966,
530,Rækkehus,Søndervold 26,7200, Grindsted,745000 ,03-07-2008,Alm. Salg,60,12417,2,1989,
530,Villa,Løvlund Stationsvej 1,7190, Billund,975000 ,03-07-2008,Alm. Salg,142,6866,4,1916,-11%
530,Villa,Nollundvej 135,7200, Grindsted,875000 ,02-07-2008,Alm. Salg,104,8413,4,1969,
530,Villa,Kærvej 1,7200, Grindsted,1531000 ,02-07-2008,Alm. Salg,111,13793,6,1942,-1%
530,Villa,Nørrevej 5,7200, Grindsted,500000 ,02-07-2008,Alm. Salg,152,3289,5,1916,
530,Villa,Amtsvejen 29,7200, Grindsted,610000 ,30-06-2008,Alm. Salg,158,3861,6,1925,
530,Villa,Kløvermarken 7,7190, Billund,900000 ,29-06-2008,Fam. Salg,188,4787,5,1974,
530,Villa,Sønderkær 412,7190, Billund,1775000 ,27-06-2008,Alm. Salg,146,12158,6,1979,-6%
530,Villa,Åbrinken 10,7200, Grindsted,875000 ,25-06-2008,Alm. Salg,124,7056,4,1970,
530,Villa,Morsbøl Søvej 60,7200, Grindsted,350000 ,25-06-2008,Alm. Salg,181,1934,6,2012,
530,Villa,Dalsøvej 73,7200, Grindsted,1175000 ,24-06-2008,Alm. Salg,124,9476,4,1976,-6%
530,Villa,Markskellet 73,7190, Billund,1525000 ,24-06-2008,Alm. Salg,183,8333,7,1988,-4%
530,Villa,Skole Alle 10,7260, Sønder Omme,795000 ,24-06-2008,Alm. Salg,120,6625,4,1910,
530,Villa,Nebelvej 19,6623, Vorbasse,1015000 ,24-06-2008,Alm. Salg,92,11033,6,1953,-3%
530,Villa,Østergade 13,6623, Vorbasse,865000 ,24-06-2008,Alm. Salg,166,5211,7,1951,-1%
530,Villa,Søndervold 189,7200, Grindsted,1400000 ,23-06-2008,Alm. Salg,171,8187,5,2004,
530,Villa,Nørregade 54,7200, Grindsted,610000 ,23-06-2008,Alm. Salg,104,5865,3,1937,-12%
530,Villa,Jyllandsgade 2,7200, Grindsted,775000 ,23-06-2008,Alm. Salg,116,6681,4,1951,-10%
530,Villa,Østergade 22,7200, Grindsted,2575000 ,22-06-2008,Alm. Salg,277,9296,8,1919,
530,Villa,Grønnegade 3,6623, Vorbasse,895000 ,22-06-2008,Alm. Salg,152,5888,6,1961,
530,Villa,Søndervang 13,7200, Grindsted,226666 ,22-06-2008,Fam. Salg,118,1921,4,1960,
530,Villa,Morsbølvej 64B,7200, Grindsted,700000 ,22-06-2008,Alm. Salg,210,3333,6,2011,
530,Villa,Lillevang 117,7190, Billund,375000 ,22-06-2008,Alm. Salg,190,1974,7,2009,
530,Villa,Søndervold 137,7200, Grindsted,2600000 ,21-06-2008,Alm. Salg,161,16149,5,2004,
530,Villa,Østergade 14,6623, Vorbasse,615000 ,21-06-2008,Alm. Salg,225,2733,6,1909,
530,Villa,Søgårdvej 37,7250, Hejnsvig,1255000 ,19-06-2008,Alm. Salg,144,8715,5,1978,-5%
530,Villa,Hestkærvej 40,7200, Grindsted,485000 ,19-06-2008,Alm. Salg,109,4450,5,1953,-2%
530,Rækkehus,Søndervold 113,7200, Grindsted,1480000 ,17-06-2008,Alm. Salg,110,13455,3,2007,
530,Villa,Vilhelmsmindevej 11,7200, Grindsted,888251 ,16-06-2008,Alm. Salg,213,4170,8,1919,
530,Villa,Drosselvej 5,6623, Vorbasse,785000 ,15-06-2008,Alm. Salg,123,6382,5,1980,-1%
530,Rækkehus,Søndervold 12,7200, Grindsted,956622 ,12-06-2008,Fam. Salg,96,9965,4,1992,
530,Rækkehus,Søndervold 75,7200, Grindsted,1775000 ,12-06-2008,Alm. Salg,126,14087,4,2004,-1%
530,Villa,Hørlycks Alle 7,7200, Grindsted,1100000 ,12-06-2008,Alm. Salg,118,9322,4,1961,
530,Villa,Solsortvej 8,7200, Grindsted,730000 ,11-06-2008,Alm. Salg,105,6952,3,1955,-6%
530,Villa,Hasselvej 11,7260, Sønder Omme,875000 ,11-06-2008,Alm. Salg,128,6836,4,1969,
530,Villa,Ribersvej 20,7200, Grindsted,1115000 ,11-06-2008,Alm. Salg,159,7013,5,1979,-10%
530,Villa,Ribersvej 212,7200, Grindsted,625000 ,10-06-2008,Alm. Salg,139,4496,5,1981,-52%
530,Villa,Lillevang 84,7190, Billund,321100 ,10-06-2008,Alm. Salg,192,1672,5,2009,
530,Villa,Lillevang 119,7190, Billund,386500 ,10-06-2008,Alm. Salg,164,2357,5,2009,
530,Villa,Morsbølvej 41,7200, Grindsted,340000 ,10-06-2008,Alm. Salg,176,1932,5,2009,
530,Ejerlejlighed,"Solvej 62, 4",7200, Grindsted,1675000 ,09-06-2008,Alm. Salg,103,16262,3,2003,-6%
530,Villa,Engsøparken 199,7200, Grindsted,565000 ,09-06-2008,Alm. Salg,200,2825,7,2011,26%
530,Villa,Morsbølvej 49,7200, Grindsted,430000 ,09-06-2008,Alm. Salg,214,2009,7,2009,
530,Rækkehus,Grønningen 32,7190, Billund,1000000 ,08-06-2008,Alm. Salg,71,14085,2,1988,-5%
530,Villa,Sjællandsgade 2,7200, Grindsted,932021 ,08-06-2008,Alm. Salg,222,4198,5,0,
530,Villa,Langesøvej 6,7200, Grindsted,487500 ,08-06-2008,Alm. Salg,118,4131,4,1975,
530,Villa,Slåenvej 3,7200, Grindsted,100000 ,08-06-2008,Alm. Salg,119,840,2,2010,
530,Villa,Morsbølvej 43,7200, Grindsted,340000 ,08-06-2008,Alm. Salg,190,1789,5,2010,
530,Villa,Norgesvej 7,7200, Grindsted,1350000 ,05-06-2008,Alm. Salg,140,9643,5,1971,
530,Villa,Østerbyvej 7,7190, Billund,895000 ,03-06-2008,Alm. Salg,138,6486,3,1979,
530,Villa,Dalagervej 23,6623, Vorbasse,151200 ,03-06-2008,Alm. Salg,182,831,5,2010,
530,Villa,Herregårdsvej 17,7200, Grindsted,440000 ,02-06-2008,Fam. Salg,93,4731,4,1953,
530,Villa,Jørgen Glavinds Vej 2,7200, Grindsted,895000 ,02-06-2008,Alm. Salg,100,8950,4,1956,
530,Villa,Toften 26,7200, Grindsted,544000 ,02-06-2008,Fam. Salg,108,5037,4,1978,
530,Villa,Kirkehusvej 15,7200, Grindsted,220000 ,02-06-2008,Alm. Salg,143,1538,5,2009,
530,Villa,Lillevang 88,7190, Billund,361300 ,02-06-2008,Alm. Salg,196,1843,7,2009,
530,Villa,Rosengårdsvej 13,7250, Hejnsvig,1100000 ,01-06-2008,Alm. Salg,153,7190,5,1976,
530,Villa,Samsøvej 6,7200, Grindsted,810000 ,29-05-2008,Alm. Salg,122,6639,4,1968,-2%
530,Villa,Klinkvej 37,7250, Hejnsvig,1600000 ,29-05-2008,Alm. Salg,268,5970,3,1985,-6%
530,Villa,Simmelbrovej 25,7200, Grindsted,1200000 ,28-05-2008,Alm. Salg,133,9023,5,1932,
530,Villa,Grindstedvej 48,7260, Sønder Omme,1325000 ,28-05-2008,Alm. Salg,134,9888,6,1939,-1%
530,Villa,Vibes Alle 21,7200, Grindsted,1360000 ,28-05-2008,Alm. Salg,103,13204,4,1945,-1%
530,Villa,Sønderkær 122,7190, Billund,1785000 ,28-05-2008,Alm. Salg,145,12310,4,1977,
530,Rækkehus,Sønderkær 423A,7190, Billund,1000000 ,27-05-2008,Alm. Salg,77,12987,3,1986,
530,Rækkehus,Prærien 44,7200, Grindsted,1050000 ,27-05-2008,Alm. Salg,101,10396,4,1984,
530,Villa,Refshøjvej 106,7250, Hejnsvig,900000 ,25-05-2008,Alm. Salg,250,3600,6,1930,
530,Rækkehus,Vestergade 85,7200, Grindsted,995000 ,24-05-2008,Alm. Salg,110,9045,3,2015,
530,Villa,Langesøvej 5,7200, Grindsted,1545000 ,23-05-2008,Alm. Salg,165,9364,5,1975,
530,Villa,Mølleparken 308,7190, Billund,696928 ,23-05-2008,Alm. Salg,131,5320,5,1981,
530,Villa,Dalsøvej 133,7200, Grindsted,1495000 ,22-05-2008,Alm. Salg,159,9403,6,1987,
530,Villa,Lupinvænget 14,7200, Grindsted,785168 ,21-05-2008,Alm. Salg,143,5491,5,1963,-49%
530,Rækkehus,Grønningen 24,7190, Billund,1065000 ,20-05-2008,Alm. Salg,73,14589,2,1988,
530,Rækkehus,Åbrinken 24,7200, Grindsted,690000 ,19-05-2008,Alm. Salg,81,8519,3,1982,
530,Villa,Nebelvej 33E,6623, Vorbasse,550000 ,19-05-2008,Alm. Salg,182,3022,6,2012,
530,Villa,Mølleparken 408,7190, Billund,1615000 ,15-05-2008,Alm. Salg,128,12617,5,1986,-2%
530,Villa,Farvergade 4,7260, Sønder Omme,595000 ,15-05-2008,Alm. Salg,105,5667,5,1940,
530,Villa,Søndervold 197,7200, Grindsted,2495000 ,15-05-2008,Alm. Salg,161,15497,6,2006,
530,Villa,Drivvejen 18,6623, Vorbasse,962500 ,15-05-2008,Alm. Salg,155,6210,4,1978,
530,Villa,Østergade 27,6623, Vorbasse,950000 ,15-05-2008,Alm. Salg,185,5135,8,1973,
530,Villa,Glentevej 17,7200, Grindsted,850000 ,15-05-2008,Alm. Salg,114,7456,4,1960,
530,Villa,Vesterled 12,7260, Sønder Omme,970000 ,15-05-2008,Alm. Salg,111,8739,4,1963,-3%
530,Villa,Lyngvej 8,7200, Grindsted,1230000 ,15-05-2008,Alm. Salg,108,11389,4,1967,-2%
530,Villa,Nørrebyvej 14,6623, Vorbasse,775000 ,14-05-2008,Alm. Salg,141,5496,3,1933,-3%
530,Villa,Tolvalenvej 15,7260, Sønder Omme,580000 ,14-05-2008,Alm. Salg,142,4085,6,1965,-3%
530,Rækkehus,Jørgen Glavinds Vej 42,7200, Grindsted,695000 ,13-05-2008,Alm. Salg,71,9789,4,1955,
530,Villa,Simmelbrovej 49,7260, Sønder Omme,212076 ,13-05-2008,Alm. Salg,109,1946,4,2003,
530,Villa,Lillevang 64,7190, Billund,2395000 ,13-05-2008,Alm. Salg,163,14693,5,2008,
530,Villa,Laust Rasmussens Vej 1,7200, Grindsted,760000 ,13-05-2008,Alm. Salg,96,7917,4,1945,-4%
530,Villa,Tingstedet 13,7190, Billund,1775000 ,10-05-2008,Alm. Salg,135,13148,5,1994,-1%
530,Rækkehus,Sønderkær 491,7190, Billund,975000 ,09-05-2008,Alm. Salg,77,12662,3,1984,
530,Villa,Nørager 5,7260, Sønder Omme,1180000 ,09-05-2008,Alm. Salg,140,8429,6,1979,
530,Villa,Refshøjvej 20,7200, Grindsted,837000 ,08-05-2008,Alm. Salg,205,4083,5,1915,
530,Villa,Lillevang 123,7190, Billund,406100 ,08-05-2008,Alm. Salg,198,2051,5,2009,
530,Villa,Grønlandsvej 8,7200, Grindsted,1675000 ,07-05-2008,Alm. Salg,216,7412,9,1975,-7%
530,Villa,Fittingvej 7,6623, Vorbasse,1100000 ,06-05-2008,Alm. Salg,130,8462,3,1982,
530,Villa,Dalsvinget 15,7200, Grindsted,1420000 ,06-05-2008,Alm. Salg,154,9221,4,1976,-2%
530,Ejerlejlighed,"Amtsvejen 34, 1",7200, Grindsted,200000 ,05-05-2008,Alm. Salg,78,2564,3,1903,
530,Villa,Pilevej 6,7200, Grindsted,1712500 ,05-05-2008,Alm. Salg,150,11417,6,1961,-1%
530,Villa,Engsøparken 209,7200, Grindsted,545000 ,05-05-2008,Alm. Salg,186,2595,6,2009,
530,Villa,Krogagergårdvej 37,7200, Grindsted,185125 ,04-05-2008,Alm. Salg,144,1286,4,2009,
530,Villa,Dalagervej 6,6623, Vorbasse,165587 ,04-05-2008,Alm. Salg,235,705,5,2009,
530,Villa,Dalagervej 21,6623, Vorbasse,178887 ,04-05-2008,Alm. Salg,172,1040,6,2009,
530,Villa,Herningvej 9,7260, Sønder Omme,287500 ,01-05-2008,Alm. Salg,120,2396,4,1927,
530,Villa,Jorden Rundt 17,7200, Grindsted,2095000 ,29-04-2008,Alm. Salg,137,15292,5,1954,
530,Villa,Markskellet 30,7190, Billund,1265000 ,29-04-2008,Alm. Salg,100,12650,5,1987,
530,Rækkehus,Lysningen 48,7190, Billund,1150000 ,28-04-2008,Alm. Salg,86,13372,3,1988,
530,Villa,Solsortvej 3,7200, Grindsted,1375000 ,27-04-2008,Alm. Salg,135,10185,4,1959,-5%
530,Villa,Langesøvej 8,7200, Grindsted,1295000 ,27-04-2008,Alm. Salg,166,7801,6,1975,
530,Villa,Skovgårdsvej 22,7200, Grindsted,1350000 ,27-04-2008,Alm. Salg,228,5921,6,1909,
530,Villa,Holdgårdsvej 2,7260, Sønder Omme,775000 ,23-04-2008,Alm. Salg,97,7990,3,1956,
530,Villa,Østerbrogade 14,7200, Grindsted,1875000 ,23-04-2008,Alm. Salg,217,8641,8,1910,-4%
530,Villa,Sydtoften 243,7200, Grindsted,1607500 ,23-04-2008,Alm. Salg,118,13623,3,2007,-1%
530,Ejerlejlighed,"Nygade 19A, 1",7200, Grindsted,845000 ,22-04-2008,Alm. Salg,79,10696,3,1988,-3%
530,Villa,Tranebærvej 11,7200, Grindsted,925000 ,22-04-2008,Alm. Salg,103,8981,4,1966,
530,Villa,Engebækgårdvej 3,7260, Sønder Omme,975000 ,22-04-2008,Alm. Salg,134,7276,5,1911,
530,Villa,Østergade 13,7200, Grindsted,770000 ,21-04-2008,Alm. Salg,94,8191,3,1951,-3%
530,Villa,Søndervold 102,7200, Grindsted,2200000 ,21-04-2008,Alm. Salg,161,13665,5,1996,-4%
530,Villa,Finlandsvej 1,7200, Grindsted,1500000 ,21-04-2008,Alm. Salg,152,9868,6,1968,-3%
530,Villa,Almstokvej 35,6623, Vorbasse,547000 ,20-04-2008,Alm. Salg,68,8044,2,1944,-5%
530,Villa,Nørrevej 16,7200, Grindsted,450000 ,19-04-2008,Fam. Salg,100,4500,4,1941,
530,Villa,Billundvej 4,7250, Hejnsvig,1350000 ,16-04-2008,Alm. Salg,253,5336,10,1921,
530,Villa,Solsortvej 15,7200, Grindsted,750000 ,16-04-2008,Alm. Salg,144,5208,5,1959,-6%
530,Villa,Refshøjvej 64,7250, Hejnsvig,1995000 ,15-04-2008,Alm. Salg,278,7176,11,1800,
530,Villa,Lillevang 80,7190, Billund,283753 ,14-04-2008,Alm. Salg,203,1398,5,2009,
530,Villa,Gammel Hejnsvigvej 13,7190, Billund,507086 ,13-04-2008,Alm. Salg,104,4876,4,1961,
530,Villa,Mølleparken 284,7190, Billund,1987500 ,11-04-2008,Alm. Salg,200,9938,6,1976,-5%
530,Villa,Vejle Landevej 44,7200, Grindsted,650000 ,11-04-2008,Alm. Salg,252,2579,10,1952,
530,Villa,Syrenvej 16,7200, Grindsted,2600000 ,10-04-2008,Alm. Salg,314,8280,10,1974,-13%
530,Rækkehus,Nørager 30,7260, Sønder Omme,527000 ,09-04-2008,Fam. Salg,86,6128,2,1980,
530,Villa,Egevænget 414,7190, Billund,1325000 ,09-04-2008,Alm. Salg,116,11422,4,1972,-2%
530,Villa,Solsortvej 9B,7200, Grindsted,2195000 ,09-04-2008,Alm. Salg,210,10452,6,1972,
530,Villa,Kulsøvej 6,7200, Grindsted,1425000 ,08-04-2008,Alm. Salg,152,9375,6,1975,
530,Villa,Østergade 10,6623, Vorbasse,870000 ,08-04-2008,Alm. Salg,165,5273,5,2014,-3%
530,Villa,Sønderkær 124,7190, Billund,1220000 ,06-04-2008,Alm. Salg,120,10167,4,1977,-2%
530,Villa,Solsortvej 16,7200, Grindsted,829000 ,05-04-2008,Alm. Salg,106,7821,4,1956,7%
530,Villa,Glentevej 34,7200, Grindsted,995000 ,04-04-2008,Alm. Salg,111,8964,4,1959,
530,Villa,Engvangen 31,7200, Grindsted,630000 ,03-04-2008,Alm. Salg,97,6495,3,1950,-5%
530,Villa,Gilbjergvej 1,6623, Vorbasse,1095000 ,03-04-2008,Alm. Salg,163,6718,5,1957,
530,Rækkehus,Grønningen 4B,7190, Billund,985000 ,02-04-2008,Alm. Salg,79,12468,3,1987,-1%
530,Villa,Krarupvej 2,7200, Grindsted,384657 ,02-04-2008,Alm. Salg,102,3771,5,1944,
530,Villa,Gammel Bøvlvej 18,7260, Sønder Omme,595000 ,01-04-2008,Alm. Salg,106,5613,4,1920,
530,Villa,Morsbølvej 61,7200, Grindsted,375000 ,31-03-2008,Alm. Salg,183,2049,5,2009,
530,Villa,Plougslundvej 139,7190, Billund,1200000 ,30-03-2008,Alm. Salg,176,6818,5,1973,-4%
530,Rækkehus,Søndre Boulevard 353,7200, Grindsted,870000 ,28-03-2008,Alm. Salg,81,10741,3,1986,
530,Villa,Åvej 12,7260, Sønder Omme,710000 ,28-03-2008,Alm. Salg,96,7396,4,1937,
530,Ejerlejlighed,"Grønningen 13, 2. tv",7200, Grindsted,400000 ,27-03-2008,Alm. Salg,53,7547,2,1967,
530,Villa,Morsbølvej 19,7200, Grindsted,350000 ,27-03-2008,Alm. Salg,250,1400,6,2010,
530,Villa,Smedegade 9,7260, Sønder Omme,200000 ,26-03-2008,Alm. Salg,189,1058,6,2008,
530,Villa,Blåhøjvej 37,7200, Grindsted,469625 ,25-03-2008,Alm. Salg,102,4604,4,1926,
530,Villa,Søndermarksvej 210,7190, Billund,1395000 ,25-03-2008,Alm. Salg,168,8304,6,1972,
530,Villa,Frederikshåbvej 5,6623, Vorbasse,1400000 ,24-03-2008,Alm. Salg,173,8092,5,1918,
530,Villa,Bakkevej 2D,7250, Hejnsvig,1095000 ,24-03-2008,Alm. Salg,102,10735,4,1985,
530,Ejerlejlighed,"Grønningen 7, st. th",7200, Grindsted,685000 ,22-03-2008,Alm. Salg,88,7784,3,1967,
530,Villa,Primulavej 18,7200, Grindsted,525555 ,18-03-2008,Alm. Salg,138,3808,5,1966,
530,Ejerlejlighed,"Grønningen 9, 2. th",7200, Grindsted,645000 ,17-03-2008,Alm. Salg,88,7330,3,1967,
530,Villa,Sydtoften 241,7200, Grindsted,1630000 ,17-03-2008,Alm. Salg,118,13814,3,2007,
530,Villa,Brombærvej 10,7200, Grindsted,1420000 ,15-03-2008,Alm. Salg,145,9793,6,1968,
530,Villa,Søndermarksvej 405,7190, Billund,1330000 ,12-03-2008,Alm. Salg,137,9708,5,1971,
530,Villa,Vibes Alle 17,7200, Grindsted,815000 ,11-03-2008,Alm. Salg,94,8670,3,1939,-6%
530,Villa,Ølgodvej 45,7200, Grindsted,585000 ,11-03-2008,Alm. Salg,90,6500,4,1950,-2%
530,Villa,Vesterled 1,7260, Sønder Omme,775000 ,11-03-2008,Alm. Salg,76,10197,3,1952,-3%
530,Rækkehus,Lærkevang 17,7200, Grindsted,1395000 ,10-03-2008,Alm. Salg,115,12130,4,1996,
530,Villa,Blåbjergvej 8,7200, Grindsted,1150000 ,10-03-2008,Alm. Salg,207,5556,6,1923,-4%
530,Villa,Skødevej 5,6623, Vorbasse,240000 ,09-03-2008,Alm. Salg,79,3038,2,1947,-26%
530,Villa,Morsbølvej 37,7200, Grindsted,380000 ,09-03-2008,Alm. Salg,187,2032,5,2009,
530,Villa,Primulavej 4,7200, Grindsted,857500 ,08-03-2008,Alm. Salg,153,5605,5,1962,-4%
530,Rækkehus,Sønderkær 407B,7190, Billund,925000 ,07-03-2008,Alm. Salg,77,12013,3,1987,
530,Villa,Nollundvej 88,7200, Grindsted,895000 ,06-03-2008,Alm. Salg,149,6007,4,1957,
530,Villa,Lillevang 94,7190, Billund,568200 ,06-03-2008,Alm. Salg,227,2503,5,2009,
530,Villa,Sønderkær 136,7190, Billund,1375000 ,06-03-2008,Alm. Salg,160,8594,5,1976,
530,Villa,Morsbølvej 63,7200, Grindsted,460000 ,06-03-2008,Alm. Salg,248,1855,7,2012,
530,Villa,Morsbølvej 55,7200, Grindsted,420000 ,06-03-2008,Alm. Salg,159,2642,5,2010,
530,Villa,Morsbølvej 39,7200, Grindsted,415000 ,06-03-2008,Alm. Salg,208,1804,6,2009,
530,Villa,Morsbølvej 57,7200, Grindsted,441000 ,06-03-2008,Alm. Salg,220,2005,6,2009,
530,Villa,Plougslundvej 217,7190, Billund,1350000 ,05-03-2008,Alm. Salg,158,8544,5,1975,-5%
530,Villa,Morsbølvej 31,7200, Grindsted,435000 ,05-03-2008,Alm. Salg,219,1986,6,2009,
530,Rækkehus,Sønderkær 423A,7190, Billund,895000 ,04-03-2008,Alm. Salg,77,11623,3,1986,
530,Villa,Jørgen Glavinds Vej 5,7200, Grindsted,595000 ,04-03-2008,Alm. Salg,116,5129,5,1956,-5%
530,Villa,Skovvang 23,7260, Sønder Omme,2080000 ,04-03-2008,Alm. Salg,236,8814,7,1969,6%
530,Villa,Morsbøl Søvej 30,7200, Grindsted,330000 ,03-03-2008,Alm. Salg,200,1650,6,2009,
530,Villa,Sønderkær 387,7190, Billund,1200000 ,02-03-2008,Alm. Salg,114,10526,4,1987,-2%
530,Villa,Drivvejen 4,6623, Vorbasse,1595000 ,02-03-2008,Alm. Salg,148,10777,6,1996,
530,Villa,Nygade 32,7200, Grindsted,1525000 ,01-03-2008,Alm. Salg,120,12708,3,1949,-3%
530,Villa,Enghaven 32,7260, Sønder Omme,880000 ,29-02-2008,Alm. Salg,170,5176,6,1973,-7%
530,Villa,Engsøvænget 10,7200, Grindsted,900000 ,28-02-2008,Alm. Salg,255,3529,6,2010,
530,Villa,Stadion Alle 20B,7260, Sønder Omme,640000 ,27-02-2008,Alm. Salg,100,6400,3,1921,-2%
530,Villa,Holdgårdsvej 12,7260, Sønder Omme,120000 ,27-02-2008,Alm. Salg,165,727,5,0,
530,Villa,Rømøvej 5,7200, Grindsted,1365000 ,25-02-2008,Alm. Salg,149,9161,6,1970,
530,Villa,Ribersvej 128,7200, Grindsted,1245000 ,24-02-2008,Alm. Salg,142,8768,5,1979,
530,Villa,Rosengårdsvej 15,7250, Hejnsvig,1295000 ,24-02-2008,Alm. Salg,125,10360,5,1974,
530,Villa,Jyllandsgade 53,7200, Grindsted,995000 ,24-02-2008,Alm. Salg,86,11570,3,1959,
530,Villa,Holdgårdsvej 3,7260, Sønder Omme,910000 ,24-02-2008,Alm. Salg,70,13000,3,1937,-2%
530,Villa,Vestervangsvej 5,7200, Grindsted,415000 ,21-02-2008,Alm. Salg,96,4323,4,1970,-12%
530,Villa,Parallelvej 12,7260, Sønder Omme,520000 ,21-02-2008,Alm. Salg,118,4407,4,1969,
530,Villa,Læsøvej 11,7200, Grindsted,475000 ,21-02-2008,Alm. Salg,108,4398,4,1969,
530,Villa,Engsøparken 181,7200, Grindsted,545000 ,21-02-2008,Alm. Salg,197,2766,6,2011,
530,Villa,Vilhelmsmindevej 50,7260, Sønder Omme,930000 ,19-02-2008,Alm. Salg,120,7750,4,1922,
530,Villa,Lillevang 97,7190, Billund,278353 ,19-02-2008,Alm. Salg,251,1109,6,2011,
530,Villa,Floravej 3,7200, Grindsted,2700000 ,18-02-2008,Alm. Salg,182,14835,4,2011,
530,Villa,Sorgenfrivej 2,6623, Vorbasse,375000 ,18-02-2008,Alm. Salg,249,1506,5,2015,
530,Villa,Morsbøl Søvej 60,7200, Grindsted,350000 ,18-02-2008,Alm. Salg,181,1934,6,2012,
530,Villa,Herningvej 18,7260, Sønder Omme,500000 ,14-02-2008,Alm. Salg,207,2415,5,1950,-13%
530,Villa,Morsbølvej 3,7200, Grindsted,340000 ,14-02-2008,Alm. Salg,142,2394,4,2009,
530,Villa,Sydtoften 291,7200, Grindsted,1483000 ,13-02-2008,Alm. Salg,118,12568,4,2005,-1%
530,Villa,Juellingsholmsvej 25,7200, Grindsted,1275000 ,13-02-2008,Alm. Salg,228,5592,8,1950,-6%
530,Villa,Systemvej 26,7190, Billund,695000 ,11-02-2008,Alm. Salg,90,7722,4,1961,
530,Villa,Birksøvej 1,7200, Grindsted,1330000 ,11-02-2008,Alm. Salg,139,9568,5,1973,-1%
530,Villa,Elmelunden 110,7190, Billund,1350000 ,10-02-2008,Alm. Salg,157,8599,6,1965,
530,Villa,Holdgårdsvej 9,7260, Sønder Omme,750000 ,10-02-2008,Alm. Salg,123,6098,4,1934,
530,Villa,Grønlandsvej 3,7200, Grindsted,1195000 ,07-02-2008,Alm. Salg,164,7287,4,1971,
530,Villa,Fitting Stationsvej 12,6623, Vorbasse,575000 ,07-02-2008,Alm. Salg,180,3194,5,2015,-3%
530,Villa,Dalbo 64,7200, Grindsted,1425000 ,06-02-2008,Alm. Salg,157,9076,6,1979,
530,Villa,Jyllandsgade 11,7200, Grindsted,825000 ,06-02-2008,Alm. Salg,97,8505,4,1950,-13%
530,Villa,Ågeslundvej 4,7200, Grindsted,995000 ,06-02-2008,Alm. Salg,158,6297,5,1966,
530,Villa,Morsbøl Søvej 52,7200, Grindsted,350000 ,06-02-2008,Alm. Salg,224,1563,6,2010,
530,Villa,Tingstedet 34,7190, Billund,2180000 ,05-02-2008,Alm. Salg,144,15139,6,1998,-1%
530,Villa,Møllevænget 37,7190, Billund,1100000 ,05-02-2008,Alm. Salg,160,6875,7,1966,-4%
530,Villa,Præstevænget 12,7250, Hejnsvig,985000 ,04-02-2008,Alm. Salg,183,5383,6,1919,
530,Villa,Egeparken 1,7260, Sønder Omme,150050 ,04-02-2008,Alm. Salg,163,921,5,2017,
530,Rækkehus,Nørager 77,7260, Sønder Omme,640000 ,03-02-2008,Alm. Salg,88,7273,3,1982,
530,Villa,Spurvevej 9,7200, Grindsted,690000 ,31-01-2008,Alm. Salg,120,5750,2,1959,-3%
530,Rækkehus,Søndervold 14,7200, Grindsted,695000 ,30-01-2008,Alm. Salg,60,11583,2,1989,
530,Villa,Sønderkær 108,7190, Billund,1630000 ,30-01-2008,Alm. Salg,139,11727,5,1977,-2%
530,Villa,Engsøparken 79,7200, Grindsted,1750000 ,30-01-2008,Alm. Salg,125,14000,4,1998,
530,Rækkehus,Lysningen 38,7190, Billund,1095000 ,29-01-2008,Alm. Salg,95,11526,3,1986,
530,Villa,Søtoften 3,7200, Grindsted,3600000 ,29-01-2008,Alm. Salg,251,14343,7,2012,29%
530,Villa,Skovparken 312,7190, Billund,2290000 ,28-01-2008,Alm. Salg,232,9871,8,1967,
530,Villa,Lillevang 32,7190, Billund,292123 ,28-01-2008,Alm. Salg,186,1571,5,2009,
530,Ejerlejlighed,"Banegårdsvej 3A, 2. tv",7200, Grindsted,550000 ,27-01-2008,Alm. Salg,61,9016,2,1988,
530,Villa,Sønderkær 379,7190, Billund,715000 ,27-01-2008,Alm. Salg,143,5000,6,1984,
530,Villa,Lillevang 58,7190, Billund,371503 ,27-01-2008,Alm. Salg,192,1935,5,2008,
530,Villa,Nygade 14,7200, Grindsted,1465000 ,25-01-2008,Alm. Salg,166,8825,6,1910,-4%
530,Villa,Rolighedsvej 12,6623, Vorbasse,1800000 ,24-01-2008,Alm. Salg,179,10056,5,1827,
530,Rækkehus,Jørgen Glavinds Vej 34,7200, Grindsted,750000 ,23-01-2008,Fam. Salg,85,8824,4,1955,
530,Villa,Grindstedvej 32,7260, Sønder Omme,479000 ,23-01-2008,Alm. Salg,110,4355,2,1955,
530,Villa,Skole Alle 12,7260, Sønder Omme,1500000 ,23-01-2008,Alm. Salg,215,6977,6,1900,-3%
530,Villa,Solsortvej 11,7190, Billund,775000 ,23-01-2008,Alm. Salg,83,9337,4,1960,
530,Villa,Dalbo 37,7200, Grindsted,1095000 ,22-01-2008,Alm. Salg,164,6677,5,1977,
530,Villa,Anemonevej 22,7200, Grindsted,1875000 ,21-01-2008,Alm. Salg,137,13686,4,1963,-3%
530,Villa,Amtsvejen 13,7200, Grindsted,600000 ,21-01-2008,Fam. Salg,182,3297,7,1919,
530,Villa,Holdgårdsvej 31,7260, Sønder Omme,500000 ,21-01-2008,Alm. Salg,101,4950,5,1939,-16%
530,Villa,Østerbrogade 17,7200, Grindsted,1420000 ,21-01-2008,Alm. Salg,137,10365,5,1920,-2%
530,Villa,Engvej 16,7200, Grindsted,1775000 ,20-01-2008,Alm. Salg,153,11601,4,1918,-9%
530,Villa,Tingstedet 34,7190, Billund,1995000 ,20-01-2008,Alm. Salg,144,13854,6,1998,
530,Villa,Søndervold 141,7200, Grindsted,1995000 ,20-01-2008,Alm. Salg,149,13389,5,2004,
530,Rækkehus,Nørager 26,7260, Sønder Omme,680000 ,18-01-2008,Alm. Salg,115,5913,3,1980,-2%
530,Villa,Kronhedevej 5,7200, Grindsted,1500000 ,16-01-2008,Alm. Salg,183,8197,6,1973,-4%
530,Rækkehus,Markskellet 15,7190, Billund,1045000 ,15-01-2008,Alm. Salg,81,12901,3,1988,
530,Villa,Lysningen 8,7190, Billund,1435000 ,14-01-2008,Alm. Salg,134,10709,4,1987,-1%
530,Villa,Bygvænget 34,7200, Grindsted,1045000 ,14-01-2008,Alm. Salg,148,7061,6,1962,
530,Villa,Søndervang 2,7200, Grindsted,362500 ,14-01-2008,Alm. Salg,114,3180,5,1956,
530,Rækkehus,Granvej 4,7200, Grindsted,795000 ,13-01-2008,Alm. Salg,89,8933,3,1914,
530,Villa,Vejlevej 37,7260, Sønder Omme,795000 ,13-01-2008,Alm. Salg,127,6260,5,1955,
530,Villa,Nyvej 18,7250, Hejnsvig,530000 ,13-01-2008,Alm. Salg,71,7465,2,1963,-8%
530,Villa,Daugårdvej 71,7250, Hejnsvig,641885 ,13-01-2008,Andet,179,3586,7,1927,
530,Ejerlejlighed,"Amtsvejen 6, 1",7200, Grindsted,550000 ,10-01-2008,Alm. Salg,55,10000,2,1924,
530,Villa,Bogholdervej 2,6623, Vorbasse,900000 ,10-01-2008,Fam. Salg,225,4000,6,1950,
530,Villa,Tuen 21,7190, Billund,313273 ,10-01-2008,Alm. Salg,152,2061,5,2009,
530,Ejerlejlighed,"Banegårdsvej 3C, 2. mf",7200, Grindsted,495000 ,08-01-2008,Alm. Salg,61,8115,2,1988,
530,Villa,Nollundvej 191,7200, Grindsted,1000000 ,08-01-2008,Alm. Salg,132,7576,4,1902,-9%
530,Villa,Lindevej 20,7200, Grindsted,3500000 ,07-01-2008,Alm. Salg,252,13889,8,1991,
530,Villa,Egebjerg Landevej 73,7250, Hejnsvig,109340 ,06-01-2008,Alm. Salg,188,582,6,1914,
530,Villa,Markskellet 48,7190, Billund,646274 ,03-01-2008,Alm. Salg,135,4787,5,1996,
530,Villa,Søgårdparken 14,7250, Hejnsvig,159000 ,02-01-2008,Alm. Salg,165,964,5,2009,
530,Villa,Gribsøvej 3,7200, Grindsted,550000 ,01-01-2008,Fam. Salg,187,2941,7,1974,
530,Villa,Tårngade 7,6623, Vorbasse,750000 ,01-01-2008,Alm. Salg,171,4386,6,1900,
530,Villa,Mølleparken 312,7190, Billund,700000 ,31-12-2007,Alm. Salg,115,6087,4,1983,
530,Villa,Ansager Landevej 23,7200, Grindsted,675000 ,30-12-2007,Alm. Salg,128,5273,4,1915,
530,Villa,Gammel Hejnsvigvej 11,7190, Billund,1235000 ,28-12-2007,Alm. Salg,129,9574,5,1960,-5%
530,Villa,Jyllandsgade 33B,7200, Grindsted,2800000 ,27-12-2007,Alm. Salg,252,11111,6,1923,-3%
530,Rækkehus,Svinget 21,7200, Grindsted,775000 ,26-12-2007,Alm. Salg,117,6624,3,0,-3%
530,Villa,Holdgårdsvej 10,7260, Sønder Omme,690000 ,26-12-2007,Fam. Salg,118,5847,3,1971,
530,Villa,Daltoften 32,7200, Grindsted,2550000 ,26-12-2007,Alm. Salg,314,8121,5,1986,
530,Villa,Ågeslundvej 3,7200, Grindsted,1550000 ,22-12-2007,Alm. Salg,219,7078,7,1975,
530,Villa,Læsøvej 8,7200, Grindsted,935000 ,21-12-2007,Alm. Salg,108,8657,4,1969,-3%
530,Villa,Skrænten 12,7250, Hejnsvig,1100000 ,20-12-2007,Alm. Salg,233,4721,8,1982,-6%
530,Villa,Skovvang 3,7260, Sønder Omme,586500 ,19-12-2007,Fam. Salg,126,4655,4,1960,
530,Villa,Stakrogevej 64,7260, Sønder Omme,315000 ,19-12-2007,Alm. Salg,72,4375,3,1915,-21%
530,Villa,Holdgårdsvej 7,7260, Sønder Omme,620500 ,19-12-2007,Alm. Salg,143,4339,5,1934,
530,Villa,Lillevang 62,7190, Billund,346392 ,19-12-2007,Alm. Salg,186,1862,6,2008,
530,Rækkehus,Søndervold 74,7200, Grindsted,725000 ,18-12-2007,Alm. Salg,61,11885,2,1992,
530,Villa,Nørrevej 30,7200, Grindsted,456082 ,17-12-2007,Alm. Salg,154,2962,5,1979,
530,Villa,Kolstrupvej 20,7200, Grindsted,350000 ,17-12-2007,Alm. Salg,91,3846,3,1966,
530,Villa,Jørgen Glavinds Vej 9,7200, Grindsted,965000 ,16-12-2007,Alm. Salg,98,9847,3,1956,-3%
530,Villa,Nørregade 26,6623, Vorbasse,500000 ,14-12-2007,Alm. Salg,124,4032,5,1934,
530,Villa,Ølgodvej 36,7200, Grindsted,454688 ,14-12-2007,Fam. Salg,149,3052,5,1948,
530,Ejerlejlighed,"Grønningen 7, 1. th",7200, Grindsted,625000 ,13-12-2007,Alm. Salg,88,7102,3,1967,
530,Villa,Lindevej 14,7190, Billund,995000 ,13-12-2007,Alm. Salg,122,8156,5,1961,
530,Villa,Pilealle 5,7200, Grindsted,975000 ,13-12-2007,Alm. Salg,134,7276,5,1963,-2%
530,Villa,Toften 31,7190, Billund,1255000 ,13-12-2007,Alm. Salg,141,8901,5,1968,-3%
530,Villa,Toften 8,7200, Grindsted,995000 ,12-12-2007,Alm. Salg,171,5819,6,1977,
530,Villa,Lillevang 29,7190, Billund,353503 ,12-12-2007,Alm. Salg,161,2196,5,2008,
530,Ejerlejlighed,"Banegårdsvej 3A, 2. th",7200, Grindsted,525000 ,11-12-2007,Alm. Salg,59,8898,2,1988,
530,Villa,Lillevang 66,7190, Billund,278264 ,09-12-2007,Alm. Salg,173,1608,5,2008,
530,Villa,Lillevang 76,7190, Billund,278353 ,09-12-2007,Alm. Salg,180,1546,7,2009,
530,Villa,Blåbærvej 7,7200, Grindsted,1055000 ,09-12-2007,Alm. Salg,105,10048,4,1965,-4%
530,Villa,Morsbøl Søvej 44,7200, Grindsted,295000 ,09-12-2007,Alm. Salg,183,1612,5,2008,
530,Villa,Stenbæksvej 5,7200, Grindsted,1215000 ,06-12-2007,Alm. Salg,166,7319,8,1966,-3%
530,Villa,Postgade 12,7200, Grindsted,562500 ,06-12-2007,Alm. Salg,148,3801,6,1955,
530,Villa,Ågeslundvej 13,7200, Grindsted,1150000 ,05-12-2007,Alm. Salg,150,7667,6,1956,-6%
530,Villa,Sønderkær 164,7190, Billund,581441 ,05-12-2007,Alm. Salg,118,4927,4,1977,
530,Villa,Morsbøl Søvej 56,7200, Grindsted,350000 ,04-12-2007,Alm. Salg,177,1977,6,2008,
530,Villa,Egebjerg Landevej 26,7200, Grindsted,229493 ,30-11-2007,Alm. Salg,209,1098,6,1921,
530,Villa,Bygvænget 37,7200, Grindsted,1250000 ,30-11-2007,Alm. Salg,184,6793,7,1963,-2%
530,Villa,Nollundvej 121,7200, Grindsted,500000 ,29-11-2007,Alm. Salg,141,3546,5,1954,-9%
530,Villa,Lillevang 54,7190, Billund,338563 ,29-11-2007,Alm. Salg,221,1532,6,2008,
530,Villa,Fasanvej 2,7190, Billund,850000 ,28-11-2007,Alm. Salg,189,4497,6,1960,-15%
530,Ejerlejlighed,"Hovedgaden 44, 1",7260, Sønder Omme,785000 ,27-11-2007,Alm. Salg,64,12266,3,1908,
530,Villa,Vejle Landevej 46,7200, Grindsted,1245000 ,27-11-2007,Alm. Salg,202,6163,7,1932,
530,Villa,Bredgade 58,7250, Hejnsvig,970000 ,25-11-2007,Alm. Salg,208,4663,6,1925,-3%
530,Villa,Nebelvej 23,6623, Vorbasse,1050000 ,25-11-2007,Fam. Salg,161,6522,6,1967,
530,Villa,Sognegårdsvej 1,7200, Grindsted,850000 ,25-11-2007,Alm. Salg,119,7143,3,1960,-3%
530,Villa,Morsbølvej 9,7200, Grindsted,310000 ,25-11-2007,Alm. Salg,100,3100,3,2008,
530,Villa,Elmelunden 218,7190, Billund,602091 ,24-11-2007,Alm. Salg,175,3441,6,1964,
530,Villa,Daugårdvej 42,7250, Hejnsvig,375000 ,24-11-2007,Alm. Salg,98,3827,4,1956,
530,Villa,Storegade 20,7200, Grindsted,650000 ,22-11-2007,Alm. Salg,87,7471,3,1947,-4%
530,Ejerlejlighed,"Sjællandsgade 1B, 1. th",7200, Grindsted,1650100 ,21-11-2007,Alm. Salg,113,14603,2,2008,
530,Villa,Nyvej 15,7250, Hejnsvig,1095000 ,21-11-2007,Alm. Salg,155,7065,4,1956,
530,Villa,Nymarksvej 6,7200, Grindsted,1900000 ,20-11-2007,Alm. Salg,203,9360,8,1969,
530,Ejerlejlighed,"Sjællandsgade 1B, 2. th",7200, Grindsted,1673725 ,19-11-2007,Alm. Salg,113,14812,2,2008,
530,Villa,Toften 3,7190, Billund,1495000 ,18-11-2007,Alm. Salg,129,11589,4,1969,
530,Villa,Blåbjergvej 15,7200, Grindsted,1250000 ,18-11-2007,Alm. Salg,229,5459,8,1973,-3%
530,Villa,Lillevang 95,7190, Billund,272054 ,18-11-2007,Alm. Salg,190,1432,5,2009,
530,Villa,Søndervang 7,7200, Grindsted,850000 ,17-11-2007,Alm. Salg,152,5592,5,1950,
530,Villa,Tingstedet 116,7190, Billund,2342500 ,16-11-2007,Alm. Salg,183,12801,6,1998,-2%
530,Rækkehus,Vestergade 29A,7200, Grindsted,1900000 ,15-11-2007,Alm. Salg,117,16239,3,2006,
530,Villa,Søndergade 4,6623, Vorbasse,875000 ,15-11-2007,Alm. Salg,139,6295,4,1934,
530,Villa,Jorden Rundt 11,7200, Grindsted,1325000 ,14-11-2007,Alm. Salg,98,13520,4,1961,-7%
530,Rækkehus,Grønningen 10A,7190, Billund,800000 ,13-11-2007,Alm. Salg,79,10127,3,1987,
530,Villa,Søndervold 116,7200, Grindsted,1995000 ,11-11-2007,Alm. Salg,146,13664,5,1996,
530,Villa,Daltoften 16,7200, Grindsted,1175000 ,11-11-2007,Alm. Salg,121,9711,4,1980,
530,Villa,Møllestien 2,7200, Grindsted,100000 ,10-11-2007,Alm. Salg,138,725,4,1920,-79%
530,Villa,Møllestien 2,7200, Grindsted,470000 ,09-11-2007,Alm. Salg,138,3406,4,1920,
530,Villa,Markskellet 108,7190, Billund,1475000 ,08-11-2007,Alm. Salg,130,11346,5,1988,
530,Villa,Utoftvej 1A,7190, Billund,1950000 ,08-11-2007,Alm. Salg,220,8864,7,1935,
530,Villa,Bogfinkevej 2,7190, Billund,800000 ,08-11-2007,Alm. Salg,112,7143,4,1959,2%
530,Rækkehus,Nørager 83,7260, Sønder Omme,650000 ,07-11-2007,Alm. Salg,77,8442,2,1980,
530,Villa,Tingstedet 58,7190, Billund,1595000 ,07-11-2007,Alm. Salg,164,9726,7,1994,
530,Villa,Solsortvej 6,7200, Grindsted,956000 ,07-11-2007,Alm. Salg,135,7081,4,1950,
530,Villa,Dalsvinget 21,7200, Grindsted,1325000 ,07-11-2007,Alm. Salg,135,9815,5,1976,
530,Villa,Egebjerg Landevej 14,7200, Grindsted,500000 ,07-11-2007,Alm. Salg,216,2315,5,1988,
530,Rækkehus,Markskellet 60,7190, Billund,1175000 ,06-11-2007,Alm. Salg,94,12500,4,1990,
530,Villa,Gammel Bøvlvej 48,7260, Sønder Omme,880000 ,05-11-2007,Alm. Salg,130,6769,5,1952,-1%
530,Villa,Storegade 36,7200, Grindsted,495000 ,04-11-2007,Alm. Salg,121,4091,5,1955,
530,Villa,Grønnegade 6,6623, Vorbasse,750000 ,04-11-2007,Alm. Salg,108,6944,4,1981,-3%
530,Rækkehus,Sydtoften 157,7200, Grindsted,844967 ,01-11-2007,Alm. Salg,86,9825,3,1984,
530,Villa,Gammel Bøvlvej 9,7260, Sønder Omme,462500 ,31-10-2007,Alm. Salg,128,3613,5,1910,
530,Villa,Ahornvej 16,7200, Grindsted,1125000 ,30-10-2007,Alm. Salg,88,12784,4,1965,
530,Villa,Grindsted Landevej 16,7200, Grindsted,870000 ,30-10-2007,Alm. Salg,115,7565,3,1920,
530,Villa,Grindstedvej 72,7260, Sønder Omme,695000 ,29-10-2007,Alm. Salg,98,7092,3,1959,
530,Rækkehus,Lillevang 30,7190, Billund,260533 ,28-10-2007,Alm. Salg,117,2227,3,2008,
530,Rækkehus,Lillevang 28,7190, Billund,290233 ,28-10-2007,Alm. Salg,117,2481,3,2009,
530,Villa,Rogusavej 5,7250, Hejnsvig,730000 ,28-10-2007,Alm. Salg,99,7374,3,1975,
530,Villa,Søndervold 250,7200, Grindsted,2375000 ,28-10-2007,Alm. Salg,221,10747,7,1997,-1%
530,Villa,Nyvej 7,7250, Hejnsvig,400000 ,27-10-2007,Alm. Salg,88,4545,3,1947,-10%
530,Villa,Æblevej 7,7250, Hejnsvig,895000 ,26-10-2007,Alm. Salg,127,7047,5,1968,
530,Villa,Skjoldbjergvej 32,6623, Vorbasse,450000 ,25-10-2007,Alm. Salg,104,4327,3,1947,
530,Villa,Puggårdsvej 5,7190, Billund,377404 ,24-10-2007,Fam. Salg,140,2696,6,1910,
530,Villa,Egevænget 102,7190, Billund,1400000 ,24-10-2007,Alm. Salg,168,8333,5,1972,
530,Villa,Læsøvej 14,7200, Grindsted,925000 ,23-10-2007,Alm. Salg,119,7773,4,1969,-3%
530,Villa,Grønningen 14A,7190, Billund,1490000 ,22-10-2007,Alm. Salg,115,12957,5,1998,
530,Ejerlejlighed,"Grønningen 13, 1. th",7200, Grindsted,590000 ,21-10-2007,Alm. Salg,88,6705,3,1967,
530,Villa,Tranebærvej 10,7200, Grindsted,1090000 ,21-10-2007,Alm. Salg,105,10381,4,1966,
530,Villa,Præstevang 11,7190, Billund,700000 ,21-10-2007,Alm. Salg,105,6667,3,1959,
530,Villa,Nørager 23,7260, Sønder Omme,925000 ,21-10-2007,Alm. Salg,127,7283,4,1979,
530,Villa,Glentevej 32,7200, Grindsted,775000 ,17-10-2007,Alm. Salg,79,9810,3,1958,
530,Villa,Bygvænget 3,7200, Grindsted,1595000 ,15-10-2007,Alm. Salg,177,9011,5,1965,
530,Villa,Stenvej 17,7200, Grindsted,735000 ,14-10-2007,Alm. Salg,103,7136,3,1961,-8%
530,Villa,Ahornvej 5,7200, Grindsted,1270000 ,14-10-2007,Alm. Salg,135,9407,4,1965,
530,Villa,Nørremarksvej 5,7200, Grindsted,1075000 ,14-10-2007,Alm. Salg,250,4300,6,1924,
530,Rækkehus,Sydtoften 143,7200, Grindsted,850000 ,12-10-2007,Alm. Salg,86,9884,3,1984,
530,Villa,Donslundvej 15,7250, Hejnsvig,925000 ,12-10-2007,Alm. Salg,102,9069,4,1957,
530,Villa,Julsøvej 7,7200, Grindsted,1300000 ,12-10-2007,Alm. Salg,208,6250,6,1973,
530,Villa,Nørreled 35,7200, Grindsted,820000 ,11-10-2007,Alm. Salg,128,6406,4,1953,-5%
530,Villa,Søgårdparken 12,7250, Hejnsvig,149000 ,11-10-2007,Alm. Salg,172,866,6,2008,
530,Villa,Dalsvinget 31,7200, Grindsted,1497500 ,11-10-2007,Alm. Salg,138,10851,4,1977,
530,Ejerlejlighed,"Grønningen 15, st. th",7200, Grindsted,622500 ,09-10-2007,Alm. Salg,88,7074,3,1968,-4%
530,Villa,Lillevang 93,7190, Billund,279433 ,09-10-2007,Alm. Salg,162,1725,5,2008,
530,Villa,Søndermarksvej 303,7190, Billund,1595000 ,08-10-2007,Alm. Salg,149,10705,6,1971,
530,Villa,Lillevang 68,7190, Billund,287532 ,08-10-2007,Alm. Salg,141,2039,5,2008,
530,Villa,Lillevang 103,7190, Billund,298063 ,08-10-2007,Alm. Salg,171,1743,5,2008,
530,Villa,Systemvej 35,7190, Billund,1285000 ,07-10-2007,Alm. Salg,147,8741,7,1960,
530,Villa,Vandværksvej 9,7260, Sønder Omme,700000 ,07-10-2007,Alm. Salg,130,5385,4,1968,-3%
530,Villa,Blødstøvlvej 2,7200, Grindsted,1000000 ,07-10-2007,Fam. Salg,311,3215,6,1935,
530,Villa,Morsbøl Søvej 68,7200, Grindsted,350000 ,07-10-2007,Alm. Salg,215,1628,8,2008,
530,Villa,Nygade 27,7200, Grindsted,1150000 ,04-10-2007,Alm. Salg,120,9583,3,1938,
530,Villa,Mølleparken 153,7190, Billund,1595000 ,04-10-2007,Alm. Salg,159,10031,5,1976,
530,Villa,Herningvej 14,7260, Sønder Omme,725000 ,04-10-2007,Alm. Salg,90,8056,4,1950,
530,Villa,Søndermarksvej 208,7190, Billund,1700000 ,04-10-2007,Andet,171,5329,6,1980,
530,Villa,Dalsvinget 54,7200, Grindsted,1055000 ,04-10-2007,Alm. Salg,128,8242,4,1977,-4%
530,Villa,Ribe Landevej 81,7250, Hejnsvig,2000000 ,04-10-2007,Alm. Salg,293,6826,8,1925,
530,Villa,Ribersvej 24,7200, Grindsted,1095000 ,03-10-2007,Alm. Salg,116,9440,4,1978,
530,Villa,Nørager 25,7260, Sønder Omme,1050000 ,03-10-2007,Alm. Salg,138,7609,5,1980,
530,Villa,Åglimt 9,7200, Grindsted,725000 ,03-10-2007,Alm. Salg,102,7108,2,1952,-3%
530,Villa,Ribersvej 184,7200, Grindsted,915000 ,02-10-2007,Alm. Salg,145,6310,6,1981,
530,Villa,Gyvelvænget 12,7200, Grindsted,1050000 ,02-10-2007,Alm. Salg,97,10825,2,2007,
530,Rækkehus,Grønningen 12B,7190, Billund,850000 ,01-10-2007,Alm. Salg,103,8252,3,1987,
530,Villa,Engsøparken 155,7200, Grindsted,2400000 ,01-10-2007,Alm. Salg,156,15385,6,2006,
530,Villa,Vejle Landevej 63,7200, Grindsted,1295000 ,01-10-2007,Alm. Salg,272,4761,8,1954,
530,Villa,Grindstedvej 11,7260, Sønder Omme,310000 ,30-09-2007,Auktion,100,3100,3,1936,
530,Villa,Østermosevej 7,6623, Vorbasse,90000 ,30-09-2007,Alm. Salg,165,545,5,2009,
530,Villa,Nollundvej 166,7200, Grindsted,700000 ,29-09-2007,Alm. Salg,111,6306,3,1958,-6%
530,Villa,Holdgårdsvej 28,7260, Sønder Omme,830000 ,28-09-2007,Alm. Salg,162,5123,4,1934,
530,Villa,Bygvænget 16,7200, Grindsted,885000 ,28-09-2007,Alm. Salg,92,9620,3,1963,-1%
530,Villa,Kirkehusvej 3,7200, Grindsted,900000 ,27-09-2007,Andet,165,5455,4,2004,
530,Villa,Parallelvej 8,7260, Sønder Omme,900000 ,27-09-2007,Alm. Salg,133,6767,4,1971,-5%
530,Rækkehus,Vesterled 4,7260, Sønder Omme,565000 ,26-09-2007,Alm. Salg,56,10089,1,1948,
530,Villa,Amtsvejen 25B,7200, Grindsted,821746 ,26-09-2007,Alm. Salg,144,5707,4,2020,
530,Villa,Morsbøl Søvej 66,7200, Grindsted,385000 ,26-09-2007,Alm. Salg,247,1559,6,2008,
530,Villa,Stationsvej 16,7200, Grindsted,1175840 ,26-09-2007,Alm. Salg,96,12248,3,2007,0%
530,Villa,Søndervold 135,7200, Grindsted,2020000 ,25-09-2007,Alm. Salg,149,13557,5,2004,-3%
530,Villa,Skjoldbjergvej 42,6623, Vorbasse,600000 ,25-09-2007,Fam. Salg,112,5357,2,1956,
530,Villa,Lillevang 13,7190, Billund,2390000 ,24-09-2007,Alm. Salg,190,12579,7,2003,
530,Villa,Vinkelvej 78,7250, Hejnsvig,775000 ,24-09-2007,Alm. Salg,62,12500,3,1959,
530,Villa,Hovborgvej 10C,6623, Vorbasse,469875 ,24-09-2007,Alm. Salg,137,3430,4,1975,
530,Villa,Lillevang 38,7190, Billund,315400 ,24-09-2007,Alm. Salg,228,1383,6,2012,
530,Villa,Morsbøl Søvej 58,7200, Grindsted,350000 ,24-09-2007,Alm. Salg,189,1852,5,2008,
530,Rækkehus,Dalsvinget 20G,7200, Grindsted,955000 ,23-09-2007,Alm. Salg,125,7640,5,1978,
530,Villa,Nollundvej 163,7200, Grindsted,698000 ,23-09-2007,Alm. Salg,128,5453,3,1957,
530,Villa,Tingstedet 44,7190, Billund,1760000 ,23-09-2007,Alm. Salg,163,10798,7,1995,
530,Rækkehus,Søndre Boulevard 343,7200, Grindsted,850000 ,21-09-2007,Alm. Salg,88,9659,3,1988,
530,Villa,Stationsvej 12,7200, Grindsted,400000 ,20-09-2007,Alm. Salg,52,7692,3,1947,
530,Villa,Sønderkær 419,7190, Billund,1250000 ,19-09-2007,Alm. Salg,116,10776,4,1986,
530,Villa,Svinget 13,7200, Grindsted,1050000 ,19-09-2007,Alm. Salg,90,11667,3,1952,-4%
530,Villa,Birkevej 8,7260, Sønder Omme,1000000 ,17-09-2007,Alm. Salg,176,5682,6,1970,
530,Villa,Jernbanegade 16,7200, Grindsted,1530000 ,17-09-2007,Alm. Salg,110,13909,6,1930,-1%
530,Villa,Bredgade 3,7250, Hejnsvig,993515 ,17-09-2007,Alm. Salg,201,4943,6,1872,
530,Villa,Lillevang 56,7190, Billund,352873 ,16-09-2007,Alm. Salg,179,1971,6,2008,
530,Villa,Brinken 5,7200, Grindsted,1500000 ,14-09-2007,Alm. Salg,218,6881,8,1966,-6%
530,Villa,Brombærvej 4,7200, Grindsted,1150000 ,14-09-2007,Alm. Salg,122,9426,4,1967,
530,Villa,Åglimt 1A,7200, Grindsted,1720000 ,14-09-2007,Alm. Salg,159,10818,5,1964,-9%
530,Villa,Ågeslundvej 19,7200, Grindsted,695000 ,14-09-2007,Alm. Salg,252,2758,7,2009,
530,Villa,Eg Mejerivej 10,7200, Grindsted,617500 ,13-09-2007,Alm. Salg,184,3356,4,1920,13%
530,Villa,Kærvej 417,7190, Billund,1450000 ,13-09-2007,Alm. Salg,142,10211,5,1973,
530,Villa,Løvlundvej 2,7250, Hejnsvig,995000 ,12-09-2007,Alm. Salg,156,6378,5,1951,
530,Villa,Egevænget 415,7190, Billund,1285000 ,11-09-2007,Alm. Salg,149,8624,5,1971,
530,Villa,Jorden Rundt 13,7200, Grindsted,950000 ,10-09-2007,Alm. Salg,124,7661,5,1959,
530,Villa,Søllingdalvej 22,7250, Hejnsvig,1600000 ,07-09-2007,Alm. Salg,144,11111,5,1975,
530,Villa,Skolegyden 7,7200, Grindsted,460000 ,06-09-2007,Alm. Salg,63,7302,3,1963,
530,Villa,Tuen 17,7190, Billund,313273 ,06-09-2007,Alm. Salg,146,2146,4,2008,
530,Villa,Grindsted Landevej 30,7200, Grindsted,140000 ,05-09-2007,Fam. Salg,77,1818,3,1950,
530,Villa,Lupinvænget 4,7200, Grindsted,1200000 ,05-09-2007,Alm. Salg,107,11215,4,1964,
530,Villa,Løvlundvej 35,7190, Billund,1000000 ,04-09-2007,Alm. Salg,86,11628,2,1962,
530,Villa,Markskellet 44,7190, Billund,1895000 ,03-09-2007,Alm. Salg,153,12386,6,1993,
530,Villa,Sydtoften 13,7200, Grindsted,1060000 ,02-09-2007,Alm. Salg,124,8548,5,1981,-3%
530,Villa,Sønderkær 279,7190, Billund,1540000 ,31-08-2007,Alm. Salg,143,10769,5,1979,
530,Villa,Markskellet 96,7190, Billund,2000000 ,31-08-2007,Alm. Salg,216,9259,6,1988,
530,Villa,Lupinvænget 11,7200, Grindsted,750000 ,30-08-2007,Alm. Salg,98,7653,4,1963,
530,Villa,Vejlevej 26B,7260, Sønder Omme,700000 ,30-08-2007,Alm. Salg,114,6140,3,1972,
530,Villa,Nørrevej 41B,7200, Grindsted,1250000 ,30-08-2007,Alm. Salg,217,5760,8,1998,
530,Villa,Tuen 23,7190, Billund,313273 ,30-08-2007,Alm. Salg,148,2117,5,2008,
530,Villa,Abildvej 17,7200, Grindsted,1350000 ,30-08-2007,Alm. Salg,167,8084,6,1972,
530,Villa,Vestre Boulevard 30,7200, Grindsted,1100000 ,29-08-2007,Alm. Salg,149,7383,5,1957,
530,Villa,Gammel Bøvlvej 20,7260, Sønder Omme,625000 ,29-08-2007,Alm. Salg,104,6010,4,1964,
530,Villa,Egeparken 11,7260, Sønder Omme,178520 ,26-08-2007,Alm. Salg,167,1069,5,2008,
530,Villa,Lillevang 49,7190, Billund,340000 ,26-08-2007,Alm. Salg,171,1988,6,2008,
530,Villa,Ågeslundvej 26,7200, Grindsted,1450000 ,25-08-2007,Alm. Salg,163,8896,4,1975,-3%
530,Rækkehus,Søndervold 111B,7200, Grindsted,527500 ,24-08-2007,Andet,109,4839,3,2007,
530,Rækkehus,Sønderkær 449,7190, Billund,980000 ,23-08-2007,Alm. Salg,82,11951,5,1983,
530,Ejerlejlighed,Vestergade 24E,7200, Grindsted,1235000 ,23-08-2007,Alm. Salg,117,10556,3,2003,
530,Villa,Tingvejen 431,7200, Grindsted,1600000 ,22-08-2007,Alm. Salg,108,14815,4,1965,
530,Villa,Lyngvej 3,7200, Grindsted,895000 ,22-08-2007,Alm. Salg,124,7218,4,1967,
530,Villa,Tronsø Parkvej 7,7200, Grindsted,800000 ,21-08-2007,Alm. Salg,89,8989,4,1950,
530,Villa,Labrivej 4,6623, Vorbasse,1635000 ,21-08-2007,Alm. Salg,162,10093,6,1998,
530,Villa,Nørregade 33,7200, Grindsted,1595000 ,20-08-2007,Alm. Salg,134,11903,5,1936,
530,Villa,Lundhedevej 21,7200, Grindsted,950000 ,20-08-2007,Andet,88,10795,2,1956,
530,Villa,Dalsøvej 55,7200, Grindsted,1285000 ,17-08-2007,Alm. Salg,160,8031,5,1976,
530,Villa,Engsøparken 151,7200, Grindsted,2995000 ,16-08-2007,Alm. Salg,195,15359,6,2007,
530,Villa,Hasselvej 13,7260, Sønder Omme,695000 ,15-08-2007,Alm. Salg,136,5110,4,1971,
530,Villa,Lillevang 101,7190, Billund,278892 ,15-08-2007,Alm. Salg,165,1690,6,2014,
530,Rækkehus,Lærkevang 16A,7200, Grindsted,1200000 ,14-08-2007,Alm. Salg,80,15000,3,1999,
530,Villa,Nebelvej 44,6623, Vorbasse,1200000 ,14-08-2007,Alm. Salg,191,6283,3,1932,
530,Villa,Gilbjergvej 27,7250, Hejnsvig,570000 ,14-08-2007,Alm. Salg,155,3677,5,1918,
530,Villa,Stilbjergvej 1,7190, Billund,1125000 ,13-08-2007,Alm. Salg,176,6392,6,1965,
530,Villa,Flintemarken 2,7190, Billund,1495000 ,12-08-2007,Alm. Salg,157,9522,5,1987,
530,Villa,Hovborgvej 8,6623, Vorbasse,935000 ,12-08-2007,Alm. Salg,163,5736,4,1981,4%
530,Villa,Langgade 57,7250, Hejnsvig,625000 ,09-08-2007,Alm. Salg,108,5787,4,1979,
530,Villa,Lillevang 54,7190, Billund,338563 ,09-08-2007,Alm. Salg,221,1532,6,2008,
530,Villa,Daugårdvej 64,7250, Hejnsvig,1050000 ,08-08-2007,Alm. Salg,171,6140,6,1912,
530,Rækkehus,Sønderkær 479,7190, Billund,945000 ,07-08-2007,Alm. Salg,77,12273,3,1984,
530,Villa,Langesøvej 7,7200, Grindsted,955000 ,06-08-2007,Alm. Salg,122,7828,5,1975,-4%
530,Villa,Ågeslundvej 15,7200, Grindsted,1075000 ,06-08-2007,Alm. Salg,115,9348,3,1958,
530,Rækkehus,Søndervold 2,7200, Grindsted,1175000 ,05-08-2007,Alm. Salg,102,11520,4,1989,
530,Villa,Præstevang 5,7190, Billund,1595000 ,05-08-2007,Alm. Salg,141,11312,6,1961,
530,Villa,Kærvej 15,7200, Grindsted,2000000 ,05-08-2007,Alm. Salg,205,9756,6,1938,
530,Villa,Færøvej 8,7200, Grindsted,1420000 ,02-08-2007,Alm. Salg,169,8402,5,1971,
530,Villa,Vilhelmsmindevej 38,7260, Sønder Omme,1845000 ,01-08-2007,Alm. Salg,171,10789,5,1916,
530,Villa,Simmelbrovej 33,7260, Sønder Omme,1195000 ,31-07-2007,Alm. Salg,181,6602,8,1840,
530,Villa,Sønderkær 416,7190, Billund,1710000 ,30-07-2007,Alm. Salg,202,8465,8,1979,
530,Villa,Søndergaardsvej 3,7200, Grindsted,675000 ,27-07-2007,Alm. Salg,144,4688,6,1933,
530,Ejerlejlighed,"Hovedgaden 12, 1",7260, Sønder Omme,1375000 ,26-07-2007,Alm. Salg,104,13221,3,1919,
530,Ejerlejlighed,"Hovedgaden 12, 2",7260, Sønder Omme,1375000 ,26-07-2007,Alm. Salg,150,9167,6,1919,
530,Ejerlejlighed,"Kirke Alle 1, 1",7260, Sønder Omme,1375000 ,26-07-2007,Alm. Salg,90,15278,3,1919,
530,Villa,Nørhedevej 8,7200, Grindsted,1265000 ,25-07-2007,Alm. Salg,155,8161,6,1976,
530,Villa,Brombærvej 14,7200, Grindsted,1425000 ,25-07-2007,Alm. Salg,150,9500,4,1970,-1%
530,Villa,Egeparken 7,7260, Sønder Omme,183360 ,25-07-2007,Alm. Salg,170,1079,6,2009,
530,Villa,Skolegade 11,7200, Grindsted,1600000 ,24-07-2007,Alm. Salg,148,10811,4,1923,
530,Rækkehus,Nørre Alle 9,7200, Grindsted,825000 ,23-07-2007,Alm. Salg,98,8418,4,1910,-6%
530,Rækkehus,Grønningen 36,7190, Billund,1150000 ,23-07-2007,Alm. Salg,107,10748,4,1989,
530,Rækkehus,Lysningen 36,7190, Billund,1095000 ,23-07-2007,Alm. Salg,95,11526,4,1986,
530,Villa,Ribersvej 90,7200, Grindsted,1245000 ,23-07-2007,Alm. Salg,121,10289,4,1979,
530,Villa,Solsortvej 9A,7200, Grindsted,1180000 ,23-07-2007,Alm. Salg,123,9593,4,1959,-1%
530,Villa,Plougslundvej 169,7190, Billund,1545000 ,23-07-2007,Alm. Salg,167,9251,5,1973,
530,Villa,Laust Rasmussens Vej 1,7200, Grindsted,700000 ,23-07-2007,Alm. Salg,96,7292,4,1945,
530,Villa,Søndre Boulevard 313,7200, Grindsted,1487500 ,22-07-2007,Alm. Salg,136,10938,6,1987,
530,Villa,Sydtoften 5,7200, Grindsted,1375000 ,22-07-2007,Alm. Salg,115,11957,4,1983,
530,Villa,Engvej 16,7200, Grindsted,677441 ,20-07-2007,Alm. Salg,153,4428,4,1918,-65%
530,Rækkehus,Bekkasinvej 10E,7200, Grindsted,1185000 ,17-07-2007,Alm. Salg,88,13466,3,2001,
530,Villa,Håndværkervej 1,6623, Vorbasse,560000 ,17-07-2007,Alm. Salg,197,2843,6,1980,
530,Villa,Engsøparken 81,7200, Grindsted,2300000 ,16-07-2007,Alm. Salg,151,15232,5,2005,
530,Villa,Søndervang 19,7200, Grindsted,825000 ,16-07-2007,Alm. Salg,126,6548,5,1955,
530,Villa,Tranebærvej 9,7200, Grindsted,1200000 ,15-07-2007,Alm. Salg,133,9023,5,1966,
530,Villa,Abildvej 5,7200, Grindsted,783919 ,15-07-2007,Fam. Salg,148,5297,5,1972,
530,Villa,Lundhedevej 32,7200, Grindsted,2350000 ,15-07-2007,Alm. Salg,303,7756,5,1934,
530,Villa,Langgade 43,7250, Hejnsvig,645000 ,13-07-2007,Alm. Salg,135,4778,6,1977,
530,Villa,Solvangen 9,7200, Grindsted,725000 ,12-07-2007,Alm. Salg,128,5664,5,1964,
530,Villa,Nedergårdsvej 12,7260, Sønder Omme,1645000 ,12-07-2007,Alm. Salg,149,11040,5,1996,
530,Villa,Lærkevej 18,7190, Billund,1465000 ,11-07-2007,Alm. Salg,143,10245,4,1961,
530,Rækkehus,Sønderkær 451,7190, Billund,995000 ,10-07-2007,Alm. Salg,90,11056,3,1983,
530,Villa,Syrenvej 7,7200, Grindsted,835000 ,10-07-2007,Alm. Salg,92,9076,4,1960,
530,Villa,Grindstedvej 64,7260, Sønder Omme,30000 ,10-07-2007,Alm. Salg,269,112,6,1954,
530,Villa,Søndre Boulevard 219,7200, Grindsted,1695000 ,10-07-2007,Alm. Salg,129,13140,5,1994,
530,Villa,Kolding Landevej 41,7250, Hejnsvig,1350000 ,10-07-2007,Alm. Salg,125,10800,5,1924,
530,Villa,Grønvang 28,7260, Sønder Omme,825000 ,09-07-2007,Alm. Salg,116,7112,3,1953,
530,Villa,Jernbanegade 23,7200, Grindsted,2400000 ,08-07-2007,Alm. Salg,268,7547,12,1934,-14%
530,Villa,Flintemarken 83,7190, Billund,1595000 ,08-07-2007,Alm. Salg,128,12461,5,1988,
530,Villa,Møbjergvej 77,7260, Sønder Omme,1160000 ,08-07-2007,Alm. Salg,173,6705,5,1900,-1%
530,Villa,Søgårdparken 8,7250, Hejnsvig,974862 ,05-07-2007,Alm. Salg,165,5908,4,2007,
530,Villa,Skovparken 406,7190, Billund,1495000 ,05-07-2007,Alm. Salg,171,8743,5,1966,
530,Villa,Dalsøvej 30,7200, Grindsted,1095000 ,05-07-2007,Alm. Salg,128,8555,4,1976,
530,Villa,Kærvej 129,7190, Billund,1075000 ,04-07-2007,Alm. Salg,117,9188,4,1973,
530,Villa,Engsøparken 145,7200, Grindsted,2850000 ,03-07-2007,Alm. Salg,176,16193,4,2007,
530,Villa,Daltoften 1,7200, Grindsted,950000 ,02-07-2007,Fam. Salg,153,6209,6,1979,
530,Villa,Lillevang 64,7190, Billund,282132 ,02-07-2007,Alm. Salg,163,1731,5,2008,
530,Villa,Tuen 15,7190, Billund,372273 ,02-07-2007,Alm. Salg,226,1647,7,2007,
530,Villa,Engsøparken 215,7200, Grindsted,425000 ,01-07-2007,Alm. Salg,150,2833,4,2008,
530,Villa,Hejnsvigvej 14,7190, Billund,200000 ,01-07-2007,Alm. Salg,147,1361,4,2009,
530,Villa,Sønderkær 202,7190, Billund,1150000 ,01-07-2007,Alm. Salg,131,8779,4,1977,
530,Villa,Krarupvej 3,7200, Grindsted,795000 ,30-06-2007,Alm. Salg,186,4274,4,1963,
530,Villa,Stenbæksvej 13,7200, Grindsted,1000000 ,28-06-2007,Fam. Salg,136,7353,6,1974,
530,Villa,Skovparken 208,7190, Billund,1500000 ,28-06-2007,Alm. Salg,138,10870,4,1966,
530,Rækkehus,Nørager 79,7260, Sønder Omme,665000 ,27-06-2007,Alm. Salg,89,7472,3,1981,-5%
530,Rækkehus,Søndre Boulevard 355,7200, Grindsted,925000 ,27-06-2007,Alm. Salg,81,11420,3,1987,
530,Villa,Østervænget 50,6623, Vorbasse,1150000 ,27-06-2007,Alm. Salg,130,8846,6,1986,
530,Villa,Grindstedvej 38,7260, Sønder Omme,147564 ,27-06-2007,Fam. Salg,77,1916,3,1956,
530,Villa,Engsøparken 169,7200, Grindsted,350000 ,27-06-2007,Alm. Salg,180,1944,6,2008,
530,Villa,Jyllandsgade 15,7200, Grindsted,840000 ,26-06-2007,Alm. Salg,133,6316,5,1949,
530,Villa,Postgade 1,7200, Grindsted,650000 ,26-06-2007,Alm. Salg,103,6311,4,1965,
530,Villa,Solbakken 55,7260, Sønder Omme,1200000 ,25-06-2007,Alm. Salg,135,8889,4,1978,
530,Villa,Gyvelvænget 29,7200, Grindsted,225000 ,24-06-2007,Alm. Salg,176,1278,6,2007,
530,Villa,Bøgelunden 3,7250, Hejnsvig,565000 ,22-06-2007,Alm. Salg,76,7434,3,1959,
530,Villa,Katrinebjergvej 3,7250, Hejnsvig,2095000 ,22-06-2007,Alm. Salg,170,12324,6,1931,
530,Villa,Kløvervænget 16,7200, Grindsted,995000 ,21-06-2007,Alm. Salg,115,8652,5,1964,
530,Villa,Klosterhedevej 9,7200, Grindsted,1375000 ,21-06-2007,Alm. Salg,144,9549,5,1972,
530,Villa,Lupinvænget 14,7200, Grindsted,1495000 ,20-06-2007,Alm. Salg,143,10455,5,1963,
530,Villa,Lillevang 53,7190, Billund,1995000 ,20-06-2007,Alm. Salg,148,13480,6,2007,
530,Villa,Lillevang 79,7190, Billund,358452 ,20-06-2007,Alm. Salg,206,1740,7,2009,
530,Villa,Skovvang 8,7260, Sønder Omme,825000 ,19-06-2007,Alm. Salg,148,5574,5,1978,
530,Villa,Lyngvej 8,7200, Grindsted,775000 ,19-06-2007,Alm. Salg,108,7176,4,1967,
530,Villa,Dalsøvej 20,7200, Grindsted,1100000 ,18-06-2007,Alm. Salg,174,6322,6,1978,
530,Villa,Engsøparken 213,7200, Grindsted,400000 ,18-06-2007,Alm. Salg,176,2273,6,2008,
530,Villa,Skovparken 222,7190, Billund,2500000 ,16-06-2007,Alm. Salg,185,13514,8,1965,
530,Villa,Tranebærvej 20,7200, Grindsted,1125000 ,15-06-2007,Alm. Salg,160,7031,6,1966,
530,Villa,Skovparken 110,7190, Billund,1875000 ,14-06-2007,Alm. Salg,191,9817,5,1964,
530,Villa,Tårngade 4,6623, Vorbasse,360000 ,14-06-2007,Alm. Salg,152,2368,6,1935,-27%
530,Villa,Gyvelvej 2,7200, Grindsted,700000 ,13-06-2007,Alm. Salg,115,6087,4,1949,
530,Villa,Grindstedvej 30,7260, Sønder Omme,650000 ,13-06-2007,Alm. Salg,102,6373,4,1965,
530,Ejerlejlighed,Vestergade 24B,7200, Grindsted,1235000 ,12-06-2007,Alm. Salg,116,10647,3,2003,
530,Villa,Østergade 17,6623, Vorbasse,705000 ,12-06-2007,Alm. Salg,147,4796,5,1937,
530,Villa,Toften 33,7200, Grindsted,685000 ,12-06-2007,Alm. Salg,113,6062,4,1979,
530,Villa,Lillevang 105,7190, Billund,345583 ,11-06-2007,Alm. Salg,179,1931,5,2008,
530,Villa,Nygade 15,7200, Grindsted,1100000 ,10-06-2007,Alm. Salg,123,8943,5,1938,
530,Villa,Juellingsholmsvej 24,7200, Grindsted,1995000 ,10-06-2007,Alm. Salg,263,7586,8,1951,
530,Villa,Hørlycks Alle 14,7200, Grindsted,900000 ,10-06-2007,Alm. Salg,82,10976,3,1958,
530,Villa,Billundvej 8,7250, Hejnsvig,860000 ,08-06-2007,Alm. Salg,123,6992,4,1952,
530,Villa,Toften 63,7190, Billund,1295000 ,08-06-2007,Alm. Salg,142,9120,5,1967,
530,Villa,Ribersvej 152,7200, Grindsted,925000 ,07-06-2007,Alm. Salg,120,7708,4,1980,-3%
530,Villa,Storegade 20,7200, Grindsted,700000 ,05-06-2007,Alm. Salg,87,8046,3,1947,
530,Villa,Fyrrevænget 310,7190, Billund,1275000 ,04-06-2007,Alm. Salg,177,7203,6,1970,
530,Villa,Ådalen 27,7200, Grindsted,1250000 ,03-06-2007,Alm. Salg,148,8446,4,1962,
530,Villa,Grønningen 14B,7190, Billund,1665000 ,03-06-2007,Alm. Salg,125,13320,5,1997,
530,Villa,Lillevang 74,7190, Billund,279450 ,03-06-2007,Alm. Salg,173,1615,6,2008,
530,Rækkehus,Søndervold 117,7200, Grindsted,1255000 ,01-06-2007,Alm. Salg,101,12426,3,2007,
530,Villa,J P Jensens Vej 27,7200, Grindsted,1195000 ,31-05-2007,Alm. Salg,95,12579,4,1949,
530,Villa,Søndervold 126,7200, Grindsted,1995000 ,31-05-2007,Alm. Salg,152,13125,6,1999,
530,Villa,Herningvej 81,7260, Sønder Omme,970000 ,31-05-2007,Alm. Salg,164,5915,6,1918,
530,Villa,Høstvej 1,7250, Hejnsvig,790000 ,31-05-2007,Alm. Salg,134,5896,6,1967,
530,Villa,Hjortlundvej 3,7200, Grindsted,945000 ,31-05-2007,Alm. Salg,166,5693,6,1964,
530,Villa,Aakjærsvej 12,7200, Grindsted,1245000 ,31-05-2007,Alm. Salg,134,9291,5,1973,
530,Villa,Ribersvej 28,7200, Grindsted,995000 ,31-05-2007,Alm. Salg,137,7263,5,1978,
530,Ejerlejlighed,"Hovedgaden 2, 1",7260, Sønder Omme,1200000 ,30-05-2007,Alm. Salg,109,11009,3,1913,
530,Ejerlejlighed,"Grønningen 23, 2. th",7200, Grindsted,385000 ,30-05-2007,Alm. Salg,52,7404,2,1968,-4%
530,Villa,Solbakken 2,7260, Sønder Omme,995000 ,30-05-2007,Alm. Salg,146,6815,6,1979,
530,Villa,Tværvej 6,7260, Sønder Omme,1250000 ,30-05-2007,Alm. Salg,141,8865,4,1936,
530,Villa,Vilhelmsmindevej 50,7260, Sønder Omme,1265000 ,29-05-2007,Alm. Salg,120,10542,4,1922,
530,Villa,Omme Landevej 6,7200, Grindsted,665000 ,27-05-2007,Alm. Salg,77,8636,3,1950,
530,Villa,Arresøvej 7,7200, Grindsted,1400000 ,25-05-2007,Alm. Salg,170,8235,5,1973,
530,Villa,Ølgodvej 45,7200, Grindsted,525000 ,25-05-2007,Alm. Salg,90,5833,4,1950,
530,Rækkehus,Lysningen 22,7190, Billund,1050000 ,24-05-2007,Alm. Salg,95,11053,4,1987,
530,Villa,Almstokvej 29,6623, Vorbasse,1185000 ,23-05-2007,Alm. Salg,148,8007,5,1936,
530,Villa,Mølleparken 278,7190, Billund,1525000 ,23-05-2007,Alm. Salg,174,8764,4,1975,
530,Villa,Morsbølvej 64A,7200, Grindsted,900000 ,23-05-2007,Alm. Salg,289,3114,5,2008,
530,Villa,Egebjerg Landevej 50,7250, Hejnsvig,272000 ,22-05-2007,Fam. Salg,102,2667,3,1960,
530,Villa,Daugårdvej 64,7250, Hejnsvig,636487 ,22-05-2007,Alm. Salg,171,3722,6,1912,
530,Villa,Toften 43,7190, Billund,1025000 ,21-05-2007,Alm. Salg,215,4767,10,1970,
530,Villa,Møllevej 81,7190, Billund,765000 ,20-05-2007,Alm. Salg,143,5350,5,1965,
530,Villa,Markskellet 73,7190, Billund,1295000 ,17-05-2007,Alm. Salg,183,7077,7,1988,
530,Villa,Ole Kirks Vej 8,7190, Billund,1975000 ,17-05-2007,Alm. Salg,228,8662,6,1952,
530,Villa,Vestervang 30,7190, Billund,2465000 ,17-05-2007,Alm. Salg,215,11465,7,1986,
530,Villa,Sønderkær 165,7190, Billund,1125000 ,17-05-2007,Alm. Salg,134,8396,5,1976,
530,Villa,Egeparken 5,7260, Sønder Omme,1500000 ,17-05-2007,Alm. Salg,142,10563,4,2001,
530,Villa,Egebjerg Landevej 73,7250, Hejnsvig,1043660 ,15-05-2007,Alm. Salg,188,5551,6,1914,
530,Villa,Lillevang 78,7190, Billund,229500 ,15-05-2007,Alm. Salg,168,1366,5,2008,
530,Villa,Grønvang 8,7260, Sønder Omme,680000 ,14-05-2007,Alm. Salg,98,6939,3,1952,
530,Villa,Skolegade 15,7200, Grindsted,1212500 ,14-05-2007,Alm. Salg,131,9256,6,1927,-3%
530,Villa,Mølleparken 145,7190, Billund,1480000 ,14-05-2007,Alm. Salg,200,7400,7,1976,
530,Villa,Åbrinken 11,7200, Grindsted,230000 ,14-05-2007,Alm. Salg,95,2421,4,1970,
530,Villa,Morsbøl Søvej 64,7200, Grindsted,375000 ,14-05-2007,Alm. Salg,172,2180,6,2008,
530,Villa,Lærkevang 8,7200, Grindsted,950000 ,14-05-2007,Alm. Salg,127,7480,2,1939,
530,Villa,Elmelunden 107,7190, Billund,745000 ,11-05-2007,Alm. Salg,88,8466,4,1963,
530,Villa,Langgade 20B,7250, Hejnsvig,2050000 ,11-05-2007,Alm. Salg,203,10099,7,2002,
530,Rækkehus,Lærkevang 16B,7200, Grindsted,1225000 ,10-05-2007,Alm. Salg,80,15313,3,1999,
530,Villa,Kærtoften 6,7200, Grindsted,680000 ,10-05-2007,Alm. Salg,106,6415,4,1949,
530,Villa,Tingstedet 105,7190, Billund,1850000 ,09-05-2007,Alm. Salg,142,13028,6,1998,
530,Villa,Lillesøvej 3,7200, Grindsted,1495000 ,09-05-2007,Alm. Salg,173,8642,6,1976,
530,Villa,Østerbrogade 11,7200, Grindsted,550000 ,08-05-2007,Andet,148,3716,6,1923,
530,Ejerlejlighed,Vestergade 24C,7200, Grindsted,1220000 ,07-05-2007,Alm. Salg,115,10609,3,2003,
530,Villa,Krogagervej 20,7200, Grindsted,1275000 ,07-05-2007,Alm. Salg,139,9173,5,1954,
530,Villa,Egevænget 401,7190, Billund,1395000 ,06-05-2007,Alm. Salg,184,7582,5,1972,
530,Villa,Morsbøl Søvej 54,7200, Grindsted,410000 ,06-05-2007,Alm. Salg,190,2158,5,2008,
530,Rækkehus,Sønderkær 341,7190, Billund,855000 ,04-05-2007,Alm. Salg,80,10688,4,1985,
530,Villa,Tjørnevej 17,7200, Grindsted,950000 ,04-05-2007,Alm. Salg,164,5793,4,1966,
530,Villa,Lillevang 18,7190, Billund,2265000 ,02-05-2007,Alm. Salg,161,14068,6,2001,
530,Villa,Annexvej 4,7190, Billund,675000 ,02-05-2007,Alm. Salg,164,4116,7,1960,
530,Villa,Vestergade 106A,7200, Grindsted,600000 ,01-05-2007,Alm. Salg,138,4348,4,2021,
530,Villa,Tingstedet 100,7190, Billund,1000000 ,01-05-2007,Andet,192,5208,5,1999,
530,Villa,Lillevang 52,7190, Billund,323983 ,01-05-2007,Alm. Salg,201,1612,5,2008,
530,Villa,Morsbøl Søvej 70,7200, Grindsted,365000 ,01-05-2007,Alm. Salg,183,1995,5,2008,
530,Villa,Toften 3,7200, Grindsted,805000 ,01-05-2007,Alm. Salg,156,5160,5,1967,16%
530,Ejerlejlighed,"Hovedgaden 43, st",7260, Sønder Omme,1025000 ,30-04-2007,Alm. Salg,73,14041,2,1930,
530,Ejerlejlighed,"Sønderbro 4, 1",7260, Sønder Omme,1025000 ,30-04-2007,Alm. Salg,67,15299,2,1930,
530,Ejerlejlighed,"Sønderbro 2, 1",7260, Sønder Omme,1025000 ,30-04-2007,Alm. Salg,96,10677,3,1930,
530,Ejerlejlighed,"Sønderbro 6, st",7260, Sønder Omme,1025000 ,30-04-2007,Alm. Salg,74,13851,2,1930,
530,Villa,Mølleparken 406,7190, Billund,1330000 ,30-04-2007,Alm. Salg,130,10231,6,1985,
530,Villa,Ribersvej 46,7200, Grindsted,1100000 ,30-04-2007,Alm. Salg,127,8661,5,1978,
530,Villa,Grønvang 14,7260, Sønder Omme,550000 ,29-04-2007,Alm. Salg,88,6250,4,1950,
530,Villa,Stationsvej 16,7200, Grindsted,90000 ,29-04-2007,Alm. Salg,96,938,3,2007,
530,Villa,Bredgade 46,7250, Hejnsvig,615000 ,26-04-2007,Alm. Salg,145,4241,6,1924,-9%
530,Villa,Kolding Landevej 41,7250, Hejnsvig,190000 ,26-04-2007,Alm. Salg,125,1520,5,1924,
530,Villa,Mølleparken 268,7190, Billund,575000 ,26-04-2007,Alm. Salg,280,2054,10,1975,
530,Villa,Knækvej 14,7200, Grindsted,1832050 ,26-04-2007,Alm. Salg,122,15017,4,1915,105%
530,Villa,Gråhedevej 9,7250, Hejnsvig,1500000 ,25-04-2007,Alm. Salg,195,7692,7,1932,
530,Villa,Hørlycks Alle 28,7200, Grindsted,298537 ,25-04-2007,Fam. Salg,80,3732,3,1961,
530,Villa,Prærien 23,7200, Grindsted,1200000 ,24-04-2007,Alm. Salg,174,6897,5,1988,
530,Rækkehus,Søndervold 111A,7200, Grindsted,1295000 ,23-04-2007,Alm. Salg,101,12822,3,2007,
530,Villa,Amtsvejen 47,7200, Grindsted,520000 ,23-04-2007,Alm. Salg,71,7324,2,1957,
530,Villa,Lillevang 50,7190, Billund,318583 ,23-04-2007,Alm. Salg,200,1593,5,2007,
530,Villa,Morsbølvej 7,7200, Grindsted,340000 ,23-04-2007,Alm. Salg,192,1771,6,2008,
530,Villa,Lillevang 6,7190, Billund,2379000 ,22-04-2007,Alm. Salg,170,13994,6,2000,
530,Villa,Ølgodvej 21,7200, Grindsted,1145000 ,22-04-2007,Alm. Salg,177,6469,7,1956,-4%
530,Villa,Kolstrupvej 27,7200, Grindsted,620000 ,22-04-2007,Alm. Salg,77,8052,3,1946,
530,Villa,Ribersvej 18,7200, Grindsted,1050000 ,19-04-2007,Alm. Salg,189,5556,7,1978,
530,Villa,Kastanie Alle 3,7200, Grindsted,795000 ,19-04-2007,Alm. Salg,124,6411,4,1933,
530,Villa,Sydtoften 241,7200, Grindsted,1500000 ,19-04-2007,Alm. Salg,118,12712,3,2007,-8%
530,Rækkehus,Nørager 28,7260, Sønder Omme,675000 ,18-04-2007,Alm. Salg,86,7849,2,1980,
530,Villa,Krarupvej 7,7200, Grindsted,1200000 ,18-04-2007,Alm. Salg,113,10619,3,1963,
530,Villa,Østermosevej 7,6623, Vorbasse,82037 ,18-04-2007,Andet,165,497,5,2009,
530,Villa,Løvlundvej 1B,7190, Billund,850000 ,17-04-2007,Alm. Salg,282,3014,6,2011,
530,Villa,Stadion Alle 24,7260, Sønder Omme,645000 ,17-04-2007,Alm. Salg,72,8958,3,1954,
530,Villa,Almstokvej 6,7190, Billund,995000 ,16-04-2007,Alm. Salg,238,4181,5,1902,
530,Villa,Bredgade 95,7250, Hejnsvig,342500 ,15-04-2007,Alm. Salg,91,3764,3,1912,
530,Villa,Gammel Bøvlvej 12,7260, Sønder Omme,600000 ,14-04-2007,Alm. Salg,87,6897,3,1921,
530,Villa,Tingstedet 15,7190, Billund,1885000 ,12-04-2007,Alm. Salg,182,10357,7,1995,
530,Villa,Grønvang 5,7260, Sønder Omme,705000 ,12-04-2007,Alm. Salg,132,5341,5,1971,
530,Villa,Åbakkevej 8,7200, Grindsted,1390000 ,12-04-2007,Alm. Salg,156,8910,5,1978,-4%
530,Villa,Ågeslundvej 2,7200, Grindsted,1325000 ,12-04-2007,Alm. Salg,184,7201,6,1955,
530,Villa,Morsbølvej 58,7200, Grindsted,1750000 ,11-04-2007,Fam. Salg,211,8294,6,1966,
530,Villa,Daltoften 35,7200, Grindsted,990000 ,10-04-2007,Alm. Salg,127,7795,5,1977,
530,Villa,Vestervangsvej 5,7200, Grindsted,395000 ,09-04-2007,Alm. Salg,96,4115,4,1970,
530,Villa,Morsbølvej 17,7200, Grindsted,350000 ,09-04-2007,Alm. Salg,174,2011,5,2008,
530,Villa,Sydtoften 245,7200, Grindsted,1425000 ,06-04-2007,Alm. Salg,118,12076,3,2007,
530,Villa,Skovgårdsvej 18,7200, Grindsted,540000 ,03-04-2007,Alm. Salg,138,3913,5,1946,
530,Rækkehus,Nørager 75,7260, Sønder Omme,670000 ,02-04-2007,Alm. Salg,88,7614,3,1982,-10%
530,Villa,Markskellet 48,7190, Billund,646274 ,31-03-2007,Alm. Salg,135,4787,5,1996,
530,Villa,Sønderkær 241,7190, Billund,1470000 ,30-03-2007,Alm. Salg,172,8547,6,1979,
530,Villa,Blåbærvej 5,7200, Grindsted,1125000 ,30-03-2007,Alm. Salg,109,10321,4,1966,
530,Rækkehus,Rønnebærvej 25,7200, Grindsted,775000 ,29-03-2007,Alm. Salg,86,9012,4,1967,
530,Villa,Elmevangen 7,7200, Grindsted,965000 ,29-03-2007,Alm. Salg,105,9190,4,1962,
530,Villa,Tårngade 1,6623, Vorbasse,575000 ,29-03-2007,Alm. Salg,99,5808,3,1911,-3%
530,Villa,Storegade 66,7200, Grindsted,1810000 ,29-03-2007,Alm. Salg,110,16455,6,1900,
530,Villa,Skole Alle 6,7260, Sønder Omme,750000 ,28-03-2007,Alm. Salg,129,5814,5,1915,
530,Villa,Grindstedvej 64,7260, Sønder Omme,770000 ,28-03-2007,Alm. Salg,269,2862,6,1954,
530,Rækkehus,Rønnebærvej 19,7200, Grindsted,895000 ,27-03-2007,Alm. Salg,109,8211,4,1000,
530,Villa,Jørgen Glavinds Vej 22,7200, Grindsted,830000 ,27-03-2007,Alm. Salg,138,6014,4,1957,
530,Villa,Farvergade 19,7260, Sønder Omme,60000 ,27-03-2007,Alm. Salg,161,373,4,2020,-25%
530,Rækkehus,Grønningen 28,7190, Billund,755000 ,26-03-2007,Alm. Salg,71,10634,2,1988,-2%
530,Villa,Morsbølvej 5,7200, Grindsted,340000 ,25-03-2007,Alm. Salg,169,2012,4,2008,
530,Villa,Højene 17,7250, Hejnsvig,1395000 ,25-03-2007,Alm. Salg,212,6580,8,1971,
530,Villa,Almstokvej 14,7190, Billund,495000 ,23-03-2007,Alm. Salg,111,4459,4,1971,
530,Villa,Vestervej 11,7200, Grindsted,1395000 ,22-03-2007,Alm. Salg,188,7420,6,1938,
530,Villa,Ølgodvej 59,7200, Grindsted,450000 ,21-03-2007,Alm. Salg,116,3879,4,1947,
530,Villa,Sønderkær 110,7190, Billund,1495000 ,20-03-2007,Alm. Salg,186,8038,6,1977,
530,Villa,Østergaardsvej 7,7200, Grindsted,675000 ,19-03-2007,Alm. Salg,73,9247,3,1954,
530,Villa,Dalsøvej 183,7200, Grindsted,1175000 ,16-03-2007,Alm. Salg,155,7581,6,1981,
530,Rækkehus,Rønnebærvej 1,7200, Grindsted,810000 ,15-03-2007,Alm. Salg,86,9419,4,1967,
530,Villa,Østre Alle 14,7200, Grindsted,558752 ,15-03-2007,Alm. Salg,105,5321,4,1932,
530,Villa,Fælledvej 5,7200, Grindsted,1250000 ,15-03-2007,Alm. Salg,120,10417,5,1970,
530,Villa,Dalsøvej 113,7200, Grindsted,950000 ,13-03-2007,Alm. Salg,112,8482,4,1980,
530,Villa,Nollundvej 88,7200, Grindsted,725000 ,11-03-2007,Alm. Salg,149,4866,4,1957,-12%
530,Villa,Kirkevænget 9,6623, Vorbasse,1340000 ,09-03-2007,Alm. Salg,156,8590,5,1990,
530,Villa,Ahornvej 22,7200, Grindsted,1275000 ,08-03-2007,Alm. Salg,161,7919,6,1964,
530,Villa,Vesterled 10,7260, Sønder Omme,1015000 ,07-03-2007,Alm. Salg,196,5179,7,1959,-3%
530,Villa,Lillevang 60,7190, Billund,344233 ,07-03-2007,Alm. Salg,180,1912,5,2007,
530,Villa,Parkvej 5,6623, Vorbasse,875000 ,05-03-2007,Alm. Salg,127,6890,4,1977,
530,Villa,Jernbanegade 12B,7200, Grindsted,635000 ,05-03-2007,Fam. Salg,123,5163,5,1923,
530,Villa,Stenhøjvej 13,7250, Hejnsvig,1095000 ,04-03-2007,Alm. Salg,139,7878,6,1976,
530,Villa,Rugbjergvej 15,7250, Hejnsvig,495000 ,04-03-2007,Alm. Salg,71,6972,3,1963,
530,Villa,Lillevang 87,7190, Billund,325873 ,03-03-2007,Alm. Salg,197,1654,6,2007,
530,Villa,Jernbanegade 23,7200, Grindsted,350000 ,01-03-2007,Alm. Salg,268,1101,12,1934,-87%
530,Rækkehus,Søndre Boulevard 369,7200, Grindsted,900000 ,28-02-2007,Alm. Salg,83,10843,3,1987,
530,Ejerlejlighed,"Bredgade 52, 1",7250, Hejnsvig,1350000 ,28-02-2007,Alm. Salg,126,10714,5,1917,
530,Rækkehus,Søndervold 123,7200, Grindsted,1295000 ,27-02-2007,Alm. Salg,110,11773,3,2007,
530,Villa,Sydtoften 71,7200, Grindsted,1412500 ,26-02-2007,Alm. Salg,131,10782,5,1984,
530,Villa,Sydtoften 247,7200, Grindsted,1425000 ,26-02-2007,Alm. Salg,118,12076,3,2007,
530,Ejerlejlighed,"Borgergade 32, 1",7200, Grindsted,550000 ,25-02-2007,Fam. Salg,97,5670,4,1908,
530,Villa,Nørbovej 7,7200, Grindsted,1500000 ,25-02-2007,Alm. Salg,137,10949,6,1900,
530,Villa,Søndergade 8,6623, Vorbasse,300000 ,25-02-2007,Alm. Salg,146,2055,4,2008,
530,Villa,Kærbækvej 14,7200, Grindsted,1300000 ,22-02-2007,Alm. Salg,261,4981,11,1956,
530,Villa,Fyrrevænget 209,7190, Billund,930000 ,22-02-2007,Alm. Salg,123,7561,5,1969,
530,Villa,Åbrinken 9,7200, Grindsted,850000 ,22-02-2007,Alm. Salg,113,7522,4,1971,
530,Villa,Julsøvej 10,7200, Grindsted,1365000 ,22-02-2007,Alm. Salg,157,8694,5,1974,
530,Villa,Vestergade 47,7200, Grindsted,1250000 ,22-02-2007,Alm. Salg,131,9542,3,1954,
530,Villa,Engsøparken 203,7200, Grindsted,745000 ,21-02-2007,Alm. Salg,252,2956,6,2008,
530,Villa,Skjoldbjergvej 31,6623, Vorbasse,1095000 ,20-02-2007,Alm. Salg,136,8051,4,1954,
530,Villa,Birksøvej 1,7200, Grindsted,1200000 ,20-02-2007,Alm. Salg,139,8633,5,1973,
530,Villa,Knækvej 14,7200, Grindsted,885000 ,20-02-2007,Alm. Salg,122,7254,4,1915,-1%
530,Villa,Sydtoften 243,7200, Grindsted,1425000 ,19-02-2007,Alm. Salg,118,12076,3,2007,
530,Villa,Engsøparken 175,7200, Grindsted,625000 ,18-02-2007,Alm. Salg,203,3079,5,2008,
530,Villa,Gyvelvænget 27,7200, Grindsted,1050000 ,16-02-2007,Alm. Salg,97,10825,2,2007,
530,Villa,Simmelbrovej 24,7200, Grindsted,600000 ,15-02-2007,Alm. Salg,134,4478,4,1951,
530,Villa,Pilealle 6,7200, Grindsted,450000 ,15-02-2007,Alm. Salg,125,3600,4,1965,
530,Villa,Søndervold 199,7200, Grindsted,1059158 ,14-02-2007,Alm. Salg,161,6579,6,2005,
530,Villa,Ågeslundvej 1,7200, Grindsted,1100000 ,14-02-2007,Alm. Salg,190,5789,6,1975,
530,Villa,Filsøvej 1,7200, Grindsted,1200000 ,13-02-2007,Alm. Salg,121,9917,5,1973,
530,Rækkehus,Søndervold 111B,7200, Grindsted,1366193 ,11-02-2007,Alm. Salg,109,12534,3,2007,
530,Villa,Almstokvej 14,7190, Billund,244256 ,11-02-2007,Andet,111,2201,4,1971,
530,Rækkehus,Nørre Alle 7,7200, Grindsted,625000 ,09-02-2007,Alm. Salg,84,7440,2,1913,-3%
530,Villa,Odinsvej 30,7200, Grindsted,800000 ,08-02-2007,Alm. Salg,153,5229,4,1912,
530,Villa,Mølleparken 117,7190, Billund,1225000 ,08-02-2007,Alm. Salg,169,7249,7,1976,
530,Villa,Storegade 42,7200, Grindsted,655000 ,08-02-2007,Alm. Salg,118,5551,5,1954,-3%
530,Villa,Lærkevej 2,7190, Billund,1995000 ,08-02-2007,Alm. Salg,158,12627,5,1960,
530,Villa,Nørregade 47,7200, Grindsted,1025000 ,08-02-2007,Alm. Salg,156,6571,6,1944,
530,Villa,Daltoften 23,7200, Grindsted,1280000 ,07-02-2007,Alm. Salg,132,9697,4,1977,
530,Villa,Daugårdvej 71,7250, Hejnsvig,1100000 ,07-02-2007,Alm. Salg,179,6145,7,1927,
530,Villa,Lillevang 50,7190, Billund,351031 ,07-02-2007,Alm. Salg,200,1755,5,2007,
530,Rækkehus,Dalsvinget 18C,7200, Grindsted,735000 ,06-02-2007,Alm. Salg,96,7656,4,1978,
530,Villa,Daugårdvej 16,7250, Hejnsvig,355000 ,06-02-2007,Alm. Salg,120,2958,3,1949,-10%
530,Villa,Lillevang 54,7190, Billund,290790 ,04-02-2007,Alm. Salg,221,1316,6,2008,
530,Villa,Lillevang 99,7190, Billund,234360 ,04-02-2007,Alm. Salg,158,1483,4,2007,
530,Villa,Lillevang 19,7190, Billund,2195000 ,03-02-2007,Alm. Salg,151,14536,6,1999,
530,Villa,Kirkegade 7,6623, Vorbasse,800000 ,02-02-2007,Alm. Salg,110,7273,4,1955,
530,Villa,Brombærvej 7,7200, Grindsted,1465000 ,31-01-2007,Alm. Salg,168,8720,6,1967,
530,Villa,Blåhøjvej 11,7200, Grindsted,650000 ,31-01-2007,Alm. Salg,113,5752,3,1942,
530,Villa,Østerbo 11,7250, Hejnsvig,400000 ,31-01-2007,Alm. Salg,137,2920,5,1965,
530,Villa,Trøllundvej 19,7250, Hejnsvig,1825000 ,30-01-2007,Alm. Salg,179,10196,6,1930,-5%
530,Villa,Søllingdalvej 24,7250, Hejnsvig,679000 ,30-01-2007,Alm. Salg,124,5476,5,1976,
530,Villa,Søndergaardsvej 5,7200, Grindsted,640000 ,30-01-2007,Alm. Salg,122,4885,5,1961,
530,Rækkehus,Søndervold 58,7200, Grindsted,1450000 ,28-01-2007,Fam. Salg,104,13942,2,2005,
530,Ejerlejlighed,"Vestre Boulevard 11B, st",7200, Grindsted,2100000 ,28-01-2007,Fam. Salg,164,12805,4,2007,
530,Villa,Flintemarken 5,7190, Billund,1125000 ,25-01-2007,Alm. Salg,99,11364,4,1989,
530,Villa,Lupinvænget 17,7200, Grindsted,413882 ,24-01-2007,Alm. Salg,98,4223,4,1963,
530,Villa,Slåenvej 2,7200, Grindsted,155000 ,24-01-2007,Alm. Salg,155,1000,3,2008,
530,Villa,Dalsøvej 139,7200, Grindsted,1565000 ,22-01-2007,Alm. Salg,171,9152,8,1984,
530,Villa,Søndervold 109,7200, Grindsted,1807739 ,21-01-2007,Alm. Salg,135,13391,4,2008,
530,Villa,Hovedgaden 20,7260, Sønder Omme,1600000 ,19-01-2007,Alm. Salg,164,6015,8,1890,
530,Rækkehus,Krogagervej 44,7200, Grindsted,970000 ,18-01-2007,Alm. Salg,99,9798,4,1957,
530,Villa,Kirkehusvej 21,7200, Grindsted,256100 ,18-01-2007,Alm. Salg,179,1431,6,2008,
530,Ejerlejlighed,"Amtsvejen 6, 1",7200, Grindsted,540000 ,16-01-2007,Alm. Salg,55,9818,2,1924,
530,Villa,Grindsted Landevej 98,7200, Grindsted,850000 ,16-01-2007,Alm. Salg,143,5944,6,1878,
530,Villa,Storegade 19,7200, Grindsted,700000 ,15-01-2007,Alm. Salg,134,5224,4,1969,
530,Villa,Plougslundvej 135,7190, Billund,1285000 ,10-01-2007,Alm. Salg,162,7932,5,1973,
530,Villa,Teglgaardsvej 10,7200, Grindsted,480000 ,09-01-2007,Alm. Salg,108,4444,3,1961,
530,Villa,Gammel Bøvlvej 32,7260, Sønder Omme,412500 ,09-01-2007,Alm. Salg,222,1858,5,1970,
530,Villa,Lillevang 89,7190, Billund,385326 ,08-01-2007,Alm. Salg,265,1454,9,2008,
530,Villa,Søndre Boulevard 243,7200, Grindsted,2225000 ,07-01-2007,Alm. Salg,175,12714,6,1995,
530,Villa,J P Jensens Vej 8,7200, Grindsted,1735000 ,05-01-2007,Alm. Salg,172,10087,8,1948,
530,Villa,Brunbjergvej 7,7190, Billund,1725000 ,04-01-2007,Alm. Salg,203,8498,6,1934,
530,Villa,Gyvelvænget 14,7200, Grindsted,1050000 ,04-01-2007,Alm. Salg,97,10825,2,2007,
530,Villa,Kirkevænget 2,6623, Vorbasse,1195000 ,04-01-2007,Alm. Salg,176,6790,5,1973,
530,Villa,Sydtoften 239,7200, Grindsted,1425000 ,03-01-2007,Alm. Salg,118,12076,3,2007,
530,Villa,Stationsvej 24,7200, Grindsted,1475000 ,02-01-2007,Alm. Salg,216,5830,8,1916,
530,Villa,Færøvej 9,7200, Grindsted,1195000 ,01-01-2007,Alm. Salg,134,8918,4,1970,
530,Villa,Bøvlvej 170,7260, Sønder Omme,407500 ,01-01-2007,Alm. Salg,103,3956,3,1950,
530,Villa,Herningvej 9,7260, Sønder Omme,270000 ,31-12-2006,Alm. Salg,120,2250,4,1927,
530,Villa,Præstevang 11,7190, Billund,700000 ,30-12-2006,Fam. Salg,105,6667,3,1959,
530,Villa,Tjørnevej 12,7200, Grindsted,709500 ,28-12-2006,Alm. Salg,138,5141,6,1965,
530,Villa,Sverrigsvej 18,7200, Grindsted,1650000 ,26-12-2006,Alm. Salg,157,10510,6,1970,
530,Villa,Præstevang 3,7190, Billund,975000 ,21-12-2006,Alm. Salg,104,9375,4,1960,
530,Villa,Præstevang 7,7190, Billund,1100000 ,21-12-2006,Alm. Salg,109,10092,4,1968,
530,Villa,Krog Skolevej 1,7190, Billund,1500000 ,21-12-2006,Alm. Salg,177,8475,5,1939,
530,Villa,Tusborgvej 14,7200, Grindsted,332574 ,20-12-2006,Alm. Salg,143,2326,4,2016,
530,Villa,Rankenbjergvej 2,6623, Vorbasse,675000 ,18-12-2006,Alm. Salg,174,3879,5,1998,
530,Villa,Torvegade 3,7250, Hejnsvig,995000 ,18-12-2006,Alm. Salg,209,4761,7,1966,
530,Villa,Nørregade 18,6623, Vorbasse,530000 ,17-12-2006,Alm. Salg,182,2912,2,1899,
530,Villa,Amtsvejen 25B,7200, Grindsted,800000 ,16-12-2006,Auktion,144,5556,4,2020,
530,Villa,Tingstedet 65,7190, Billund,1850000 ,14-12-2006,Alm. Salg,198,9343,8,1997,
530,Villa,Søndervold 141,7200, Grindsted,1850000 ,14-12-2006,Alm. Salg,149,12416,5,2004,
530,Villa,Ribersvej 102,7200, Grindsted,1250000 ,13-12-2006,Alm. Salg,153,8170,6,1979,
530,Villa,Tusborgvej 17,7200, Grindsted,1095000 ,12-12-2006,Alm. Salg,163,6718,5,1935,
530,Villa,Gammel Bøvlvej 50,7260, Sønder Omme,460000 ,12-12-2006,Alm. Salg,104,4423,5,1952,
530,Villa,Holdgårdsvej 34,7260, Sønder Omme,820000 ,10-12-2006,Fam. Salg,160,5125,5,1974,
530,Villa,Rolighedsvej 1,6623, Vorbasse,400000 ,07-12-2006,Alm. Salg,130,3077,5,1900,
530,Villa,Herregårdsvej 17,7200, Grindsted,440000 ,07-12-2006,Alm. Salg,93,4731,4,1953,
530,Villa,Toften 57,7190, Billund,1000000 ,07-12-2006,Alm. Salg,144,6944,4,1968,
530,Villa,Tolvalenvej 13,7260, Sønder Omme,790000 ,06-12-2006,Alm. Salg,100,7900,4,1965,
530,Villa,Engebækgårdvej 58,7260, Sønder Omme,850000 ,04-12-2006,Alm. Salg,100,8500,3,1984,
530,Villa,Nyvej 16B,7250, Hejnsvig,775000 ,03-12-2006,Alm. Salg,111,6982,4,1968,
530,Villa,Søgårdparken 14,7250, Hejnsvig,177700 ,03-12-2006,Alm. Salg,165,1077,5,2009,
530,Rækkehus,Lysningen 50,7190, Billund,898500 ,29-11-2006,Alm. Salg,86,10448,3,1988,
530,Ejerlejlighed,"Grønningen 23, st. th",7200, Grindsted,385000 ,29-11-2006,Alm. Salg,52,7404,2,1968,
530,Villa,Vestervej 10,7200, Grindsted,1095000 ,29-11-2006,Alm. Salg,136,8051,5,1942,
530,Villa,Tingstedet 20,7190, Billund,1800000 ,28-11-2006,Alm. Salg,167,10778,6,1994,
530,Villa,Løvlundvej 1B,7190, Billund,500000 ,28-11-2006,Alm. Salg,282,1773,6,2011,
530,Villa,Sønderkær 256,7190, Billund,1077777 ,27-11-2006,Alm. Salg,164,6572,5,1978,
530,Villa,Sydtoften 249,7200, Grindsted,1425000 ,27-11-2006,Alm. Salg,118,12076,3,2007,
530,Villa,Stationsvej 19,7200, Grindsted,780000 ,26-11-2006,Alm. Salg,146,5342,6,1960,
530,Villa,Lillevang 24,7190, Billund,2570000 ,26-11-2006,Alm. Salg,175,14686,6,2006,
530,Villa,Bøgevej 1,6623, Vorbasse,995000 ,24-11-2006,Alm. Salg,154,6461,5,1976,
530,Villa,Kløvervænget 5,7200, Grindsted,1545000 ,24-11-2006,Alm. Salg,224,6897,6,1964,
530,Villa,Dalbo 74,7200, Grindsted,1495000 ,21-11-2006,Alm. Salg,191,7827,6,1978,
530,Villa,Jyllandsgade 10,7200, Grindsted,518500 ,20-11-2006,Fam. Salg,86,6029,4,1958,
530,Villa,Spurvevej 8,7200, Grindsted,995000 ,19-11-2006,Alm. Salg,155,6419,7,1959,
530,Villa,Dalbo 54,7200, Grindsted,970000 ,16-11-2006,Alm. Salg,112,8661,4,1979,
530,Villa,Engsøparken 81,7200, Grindsted,2250000 ,16-11-2006,Alm. Salg,151,14901,5,2005,
530,Villa,Østerbo 2,7190, Billund,1372500 ,16-11-2006,Alm. Salg,124,11069,5,1955,
530,Villa,Primulavej 28,7200, Grindsted,1200000 ,15-11-2006,Alm. Salg,123,9756,4,1965,
530,Villa,Holdgårdsvej 13,7260, Sønder Omme,400000 ,14-11-2006,Alm. Salg,89,4494,3,1958,
530,Villa,Krogagergårdvej 35,7200, Grindsted,190125 ,14-11-2006,Alm. Salg,175,1086,6,2008,
530,Villa,Blåbjergvej 20,7200, Grindsted,350000 ,12-11-2006,Alm. Salg,214,1636,5,2012,
530,Villa,Grindsted Landevej 89,7200, Grindsted,318914 ,12-11-2006,Alm. Salg,135,2362,6,1934,
530,Villa,Koldingvej 9,7190, Billund,1325000 ,10-11-2006,Alm. Salg,139,9532,3,1907,
530,Villa,Skjoldbjergvej 28,6623, Vorbasse,925000 ,09-11-2006,Alm. Salg,212,4363,7,1953,
530,Villa,Søndervold 248,7200, Grindsted,2100000 ,09-11-2006,Alm. Salg,155,13548,5,2007,
530,Villa,Glentevej 24,7200, Grindsted,850000 ,08-11-2006,Alm. Salg,92,9239,4,1960,
530,Villa,Dalbo 5,7200, Grindsted,1325000 ,08-11-2006,Alm. Salg,153,8660,6,1978,
530,Villa,Engsøparken 193,7200, Grindsted,325000 ,08-11-2006,Alm. Salg,177,1836,4,2009,
530,Villa,Havrevænget 10,7200, Grindsted,1400000 ,07-11-2006,Alm. Salg,171,8187,5,1962,
530,Villa,Lillevang 72,7190, Billund,439121 ,07-11-2006,Alm. Salg,245,1792,5,2008,
530,Villa,Urupvej 10,7200, Grindsted,650000 ,06-11-2006,Alm. Salg,180,3611,6,1954,
530,Villa,Systemvej 33,7190, Billund,915000 ,01-11-2006,Alm. Salg,123,7439,5,1959,
530,Villa,Sjællandsgade 11,7200, Grindsted,1173825 ,31-10-2006,Alm. Salg,180,6521,5,1922,
530,Villa,Skjoldbjergvej 8,6623, Vorbasse,1619500 ,31-10-2006,Alm. Salg,242,6181,7,2020,
530,Villa,Enghaven 21,7260, Sønder Omme,735000 ,30-10-2006,Alm. Salg,87,8448,4,1935,
530,Villa,Billundvej 12,7250, Hejnsvig,625000 ,29-10-2006,Alm. Salg,115,5435,4,1989,
530,Villa,Nørager 16,7260, Sønder Omme,500000 ,29-10-2006,Alm. Salg,152,3289,5,1995,
530,Villa,Fuglsøvej 3,7200, Grindsted,950000 ,26-10-2006,Alm. Salg,123,7724,4,1974,
530,Villa,Dalsøvej 83,7200, Grindsted,935000 ,24-10-2006,Alm. Salg,122,7664,4,1979,
530,Villa,Boldingvej 15,7250, Hejnsvig,85000 ,23-10-2006,Alm. Salg,136,625,6,1923,
530,Villa,Toften 17,7200, Grindsted,734000 ,23-10-2006,Alm. Salg,113,6496,4,1974,
530,Villa,Nollundvej 92,7200, Grindsted,830000 ,22-10-2006,Alm. Salg,194,4278,8,1959,
530,Villa,Dalsøvej 60,7200, Grindsted,1535000 ,22-10-2006,Alm. Salg,185,8297,6,1977,
530,Villa,Skødebjergvej 10,6623, Vorbasse,935000 ,22-10-2006,Alm. Salg,193,4845,5,1948,
530,Villa,Buen 1,7200, Grindsted,575000 ,22-10-2006,Alm. Salg,141,4078,4,1962,
530,Villa,Kærvej 18,7200, Grindsted,615000 ,19-10-2006,Alm. Salg,52,11827,2,1946,
530,Villa,Engsøparken 233,7200, Grindsted,745000 ,19-10-2006,Alm. Salg,176,4233,4,2009,
530,Rækkehus,Bekkasinvej 10H,7200, Grindsted,1395000 ,18-10-2006,Alm. Salg,102,13676,3,2001,
530,Villa,Sverrigsvej 5,7200, Grindsted,1095000 ,17-10-2006,Alm. Salg,139,7878,5,1969,
530,Villa,Elmelunden 218,7190, Billund,1125000 ,16-10-2006,Alm. Salg,175,6429,6,1964,
530,Villa,Vinkelvej 4,7250, Hejnsvig,675000 ,16-10-2006,Alm. Salg,103,6553,5,1947,
530,Villa,Blichersvej 10,7200, Grindsted,735000 ,16-10-2006,Alm. Salg,124,5927,4,1941,
530,Villa,Hybenvej 5,7200, Grindsted,1400000 ,16-10-2006,Fam. Salg,161,8696,6,1967,
530,Villa,Sydtoften 235,7200, Grindsted,1425000 ,16-10-2006,Alm. Salg,118,12076,3,2007,
530,Villa,Gl. Dalagervej 14,6623, Vorbasse,800000 ,15-10-2006,Alm. Salg,83,9639,5,1938,
530,Villa,Sønderbro 10,7260, Sønder Omme,2550000 ,15-10-2006,Alm. Salg,162,14167,7,1865,
530,Rækkehus,Sydtoften 153,7200, Grindsted,925000 ,14-10-2006,Alm. Salg,87,10632,3,1984,
530,Villa,Blichersvej 9,7200, Grindsted,865000 ,13-10-2006,Alm. Salg,113,7655,2,1948,
530,Villa,Østervænget 40,6623, Vorbasse,1195000 ,12-10-2006,Alm. Salg,144,8299,5,1987,
530,Villa,Refshøjvej 27,7200, Grindsted,1250000 ,09-10-2006,Alm. Salg,291,4296,7,1925,
530,Villa,Præstevang 5,7190, Billund,1095000 ,08-10-2006,Alm. Salg,141,7766,6,1961,
530,Villa,Ribersvej 128,7200, Grindsted,1160000 ,08-10-2006,Alm. Salg,142,8169,5,1979,
530,Villa,Bækkevej 30,6623, Vorbasse,165000 ,08-10-2006,Alm. Salg,144,1146,5,2006,
530,Villa,Dalsvinget 8,7200, Grindsted,1302383 ,08-10-2006,Alm. Salg,159,7706,6,1977,
530,Villa,Engsøparken 195,7200, Grindsted,325000 ,08-10-2006,Alm. Salg,166,1958,4,2007,
530,Villa,Postgade 1,7200, Grindsted,506466 ,05-10-2006,Fam. Salg,103,4917,4,1965,
530,Ejerlejlighed,"Banegårdsvej 3B, 2. mf",7200, Grindsted,517500 ,04-10-2006,Alm. Salg,61,8484,2,1988,
530,Villa,Storegade 20,7200, Grindsted,352000 ,04-10-2006,Auktion,87,4046,3,1947,
530,Villa,Sydtoften 291,7200, Grindsted,1410000 ,04-10-2006,Alm. Salg,118,11949,4,2005,
530,Villa,Bogfinkevej 6A,7190, Billund,795000 ,04-10-2006,Alm. Salg,63,12619,3,1960,
530,Villa,Toften 32,7200, Grindsted,675000 ,04-10-2006,Alm. Salg,113,5973,4,1976,
530,Villa,Lillevang 44,7190, Billund,240606 ,04-10-2006,Alm. Salg,170,1415,5,2007,
530,Villa,Lillevang 81,7190, Billund,310500 ,04-10-2006,Alm. Salg,200,1553,5,2007,
530,Villa,Møllevej 2,7190, Billund,1100000 ,02-10-2006,Alm. Salg,161,6832,5,1974,
530,Villa,Sydtoften 237,7200, Grindsted,1425000 ,29-09-2006,Alm. Salg,118,12076,3,2007,
530,Villa,J P Jensens Vej 15,7200, Grindsted,695000 ,28-09-2006,Alm. Salg,68,10221,3,1947,
530,Villa,Sønderkær 411,7190, Billund,1300000 ,28-09-2006,Alm. Salg,158,8228,6,1986,
530,Villa,Nymarksvej 8,7200, Grindsted,1675000 ,28-09-2006,Alm. Salg,105,15952,4,1965,
530,Villa,Søndergade 9,6623, Vorbasse,620000 ,27-09-2006,Alm. Salg,70,8857,3,1990,
530,Villa,Stenhøjvej 1A,7250, Hejnsvig,500000 ,26-09-2006,Alm. Salg,170,2941,6,1967,
530,Villa,Nørhedevej 1,7200, Grindsted,1200000 ,25-09-2006,Alm. Salg,129,9302,4,1974,
530,Villa,Bredgade 45,7250, Hejnsvig,262500 ,25-09-2006,Fam. Salg,150,1750,4,1908,
530,Villa,Søgårdvej 67,7250, Hejnsvig,1160000 ,25-09-2006,Alm. Salg,154,7532,7,1981,
530,Villa,Jorden Rundt 27,7200, Grindsted,2000000 ,24-09-2006,Alm. Salg,202,9901,8,1957,
530,Ejerlejlighed,"Grønningen 23, st. mf",7200, Grindsted,295000 ,22-09-2006,Alm. Salg,40,7375,1,1968,
530,Villa,Lillevang 9,7190, Billund,2660000 ,21-09-2006,Alm. Salg,200,13300,7,2004,
530,Villa,Tingstedet 59,7190, Billund,1900000 ,21-09-2006,Alm. Salg,158,12025,6,1997,
530,Villa,Æblevej 10,7250, Hejnsvig,345000 ,21-09-2006,Fam. Salg,111,3108,4,1960,
530,Villa,Flintemarken 83,7190, Billund,1250000 ,21-09-2006,Alm. Salg,128,9766,5,1988,
530,Villa,Bredgade 42,7250, Hejnsvig,635000 ,20-09-2006,Alm. Salg,130,4885,6,1924,
530,Villa,Vibes Alle 13,7200, Grindsted,1240000 ,20-09-2006,Alm. Salg,181,6851,6,1927,
530,Villa,Åhavevej 34,7200, Grindsted,1538556 ,20-09-2006,Andet,214,7190,8,1973,
530,Villa,Hovborgvej 5,6623, Vorbasse,1210000 ,20-09-2006,Alm. Salg,135,8963,5,1997,
530,Villa,Holdgårdsvej 8,7260, Sønder Omme,945000 ,20-09-2006,Alm. Salg,146,6473,5,1972,
530,Villa,Østerbrogade 3,7200, Grindsted,675000 ,20-09-2006,Alm. Salg,140,4821,7,1946,
530,Villa,Rugbjergvej 27,7250, Hejnsvig,340000 ,20-09-2006,Alm. Salg,79,4304,3,1940,
530,Villa,Lillevang 23,7190, Billund,1970000 ,19-09-2006,Alm. Salg,154,12792,6,2000,
530,Villa,Østergaardsvej 2,7200, Grindsted,675000 ,18-09-2006,Alm. Salg,154,4383,5,1934,
530,Villa,Herningvej 81,7260, Sønder Omme,1857000 ,18-09-2006,Alm. Salg,164,11323,6,1918,
530,Villa,Rugvænget 21,7200, Grindsted,850000 ,18-09-2006,Alm. Salg,95,8947,4,1963,
530,Villa,Urupvej 20,7200, Grindsted,1165000 ,17-09-2006,Alm. Salg,169,6893,5,1928,
530,Villa,Lillevang 85,7190, Billund,371100 ,17-09-2006,Alm. Salg,157,2364,5,2008,
530,Rækkehus,Søndre Boulevard 383,7200, Grindsted,850000 ,16-09-2006,Alm. Salg,81,10494,3,1987,
530,Ejerlejlighed,"Grønningen 11, st. tv",7200, Grindsted,525000 ,16-09-2006,Alm. Salg,76,6908,2,1967,
530,Villa,Abildvej 19,7200, Grindsted,350480 ,16-09-2006,Fam. Salg,138,2540,4,1974,
530,Villa,Egeparken 4,7260, Sønder Omme,1125000 ,15-09-2006,Alm. Salg,124,9073,5,1997,
530,Villa,Gammel Bøvlvej 41,7260, Sønder Omme,660000 ,14-09-2006,Alm. Salg,135,4889,5,1964,
530,Villa,Lillevang 83,7190, Billund,357516 ,13-09-2006,Alm. Salg,226,1582,7,2007,
530,Villa,Søndervold 313,7200, Grindsted,1930000 ,12-09-2006,Alm. Salg,140,13786,5,1995,
530,Villa,Blødstøvlvej 2,7200, Grindsted,3200000 ,12-09-2006,Alm. Salg,311,10289,6,1935,
530,Villa,Vesterhedevej 38,7250, Hejnsvig,690000 ,12-09-2006,Alm. Salg,103,6699,5,1923,
530,Villa,Lillevang 48,7190, Billund,241110 ,11-09-2006,Alm. Salg,200,1206,6,2007,
530,Rækkehus,Sønderkær 483,7190, Billund,700000 ,10-09-2006,Alm. Salg,77,9091,3,1984,
530,Villa,Lupinvænget 33,7200, Grindsted,737500 ,10-09-2006,Alm. Salg,174,4239,6,1962,
530,Villa,Hovedgaden 56,7190, Billund,915000 ,09-09-2006,Alm. Salg,155,5903,5,1949,
530,Villa,Søndre Boulevard 311,7200, Grindsted,1325000 ,08-09-2006,Alm. Salg,121,10950,4,1987,
530,Villa,Engsøparken 211,7200, Grindsted,400000 ,08-09-2006,Alm. Salg,139,2878,4,2007,
530,Villa,Dalsvej 19,7200, Grindsted,1235000 ,07-09-2006,Alm. Salg,164,7530,5,1962,
530,Villa,Flintemarken 25,7190, Billund,1245000 ,07-09-2006,Alm. Salg,121,10289,4,1988,
530,Villa,Færøvej 3,7200, Grindsted,1305000 ,06-09-2006,Alm. Salg,160,8156,6,1971,
530,Villa,Vestervang 23,7190, Billund,1575000 ,06-09-2006,Alm. Salg,168,9375,7,1986,
530,Villa,Knuden 5,6623, Vorbasse,875000 ,06-09-2006,Alm. Salg,112,7813,4,1985,
530,Rækkehus,Rønnebærvej 7,7200, Grindsted,900000 ,05-09-2006,Alm. Salg,86,10465,4,1967,
530,Villa,Lysningen 4,7190, Billund,1140000 ,05-09-2006,Alm. Salg,122,9344,4,1986,
530,Villa,Poppelvej 8,7200, Grindsted,1020000 ,05-09-2006,Alm. Salg,127,8031,4,1960,
530,Villa,Stadion Alle 30,7260, Sønder Omme,640000 ,04-09-2006,Alm. Salg,100,6400,4,1947,
530,Villa,Egeparken 23,7260, Sønder Omme,153640 ,04-09-2006,Alm. Salg,145,1060,3,2008,
530,Rækkehus,Sønderkær 345,7190, Billund,835000 ,03-09-2006,Alm. Salg,80,10438,4,1985,
530,Ejerlejlighed,"Grønningen 15, 1. tv",7200, Grindsted,395000 ,03-09-2006,Alm. Salg,52,7596,2,1968,
530,Villa,Søndervold 137,7200, Grindsted,2195000 ,03-09-2006,Alm. Salg,161,13634,5,2004,
530,Villa,Søndervold 105,7200, Grindsted,475000 ,03-09-2006,Alm. Salg,161,2950,5,2006,
530,Villa,Ribersvej 110,7200, Grindsted,1460000 ,02-09-2006,Alm. Salg,216,6759,5,1992,
530,Villa,Ribersvej 66,7200, Grindsted,843000 ,01-09-2006,Alm. Salg,123,6854,4,1978,
530,Villa,Gammel Vejlevej 22,7200, Grindsted,785000 ,01-09-2006,Alm. Salg,135,5815,5,1928,
530,Villa,Møllegade 2,6623, Vorbasse,252453 ,31-08-2006,Andet,153,1650,8,1930,
530,Villa,Blåbjergvej 15,7200, Grindsted,1050000 ,31-08-2006,Alm. Salg,229,4585,8,1973,
530,Villa,Birkevej 9,6623, Vorbasse,760000 ,30-08-2006,Alm. Salg,120,6333,4,1972,
530,Villa,Møbjergvej 25,7260, Sønder Omme,90000 ,30-08-2006,Alm. Salg,110,818,4,1877,
530,Villa,Ribersvej 44,7200, Grindsted,990000 ,29-08-2006,Alm. Salg,125,7920,4,1978,
530,Villa,Billundvej 8,7250, Hejnsvig,425000 ,27-08-2006,Alm. Salg,123,3455,4,1952,
530,Villa,Grønningen 42,7190, Billund,1425000 ,27-08-2006,Alm. Salg,147,9694,6,1998,
530,Villa,Kratvej 8,6623, Vorbasse,1500000 ,26-08-2006,Alm. Salg,214,7009,7,1931,
530,Villa,Nørregade 6,6623, Vorbasse,650000 ,26-08-2006,Alm. Salg,149,4362,6,1935,
530,Villa,Elmelunden 217,7190, Billund,720000 ,24-08-2006,Alm. Salg,97,7423,4,1963,
530,Villa,Daltoften 16,7200, Grindsted,975000 ,24-08-2006,Alm. Salg,121,8058,4,1980,
530,Villa,Engebækgårdvej 8,7260, Sønder Omme,945000 ,23-08-2006,Alm. Salg,131,7214,5,1939,
530,Villa,Kærvej 401,7190, Billund,1365000 ,22-08-2006,Alm. Salg,145,9414,5,1972,
530,Rækkehus,Søndervold 56,7200, Grindsted,1250000 ,21-08-2006,Alm. Salg,104,12019,2,2005,
530,Villa,Havrevænget 32,7200, Grindsted,595000 ,20-08-2006,Alm. Salg,96,6198,4,1963,
530,Villa,Dalsvinget 34,7200, Grindsted,970000 ,20-08-2006,Alm. Salg,116,8362,5,1976,
530,Villa,Vestergade 69A,7200, Grindsted,1700000 ,17-08-2006,Alm. Salg,137,12409,3,1956,
530,Villa,Elmelunden 202,7190, Billund,695000 ,17-08-2006,Alm. Salg,109,6376,5,1964,
530,Villa,Kærvej 421,7190, Billund,1265000 ,16-08-2006,Alm. Salg,193,6554,5,1972,
530,Villa,Egebjerg Landevej 58,7250, Hejnsvig,700000 ,15-08-2006,Alm. Salg,199,3518,6,1943,
530,Villa,Vestergade 55,7200, Grindsted,860000 ,14-08-2006,Fam. Salg,123,6992,4,1962,
530,Villa,Svinget 6,7200, Grindsted,995000 ,14-08-2006,Alm. Salg,126,7897,6,1947,
530,Rækkehus,Sønderkær 353,7190, Billund,975000 ,13-08-2006,Alm. Salg,87,11207,3,1985,
530,Villa,Egevænget 411,7190, Billund,1135000 ,13-08-2006,Alm. Salg,171,6637,5,1972,
530,Villa,Gammel Hejnsvigvej 8,7190, Billund,900000 ,10-08-2006,Alm. Salg,119,7563,5,1970,
530,Villa,Gammel Vejlevej 8,7200, Grindsted,575000 ,08-08-2006,Alm. Salg,109,5275,4,1956,
530,Villa,Engsøparken 235,7200, Grindsted,800000 ,07-08-2006,Alm. Salg,174,4598,3,2007,
530,Villa,Bredgade 77,7250, Hejnsvig,620000 ,03-08-2006,Alm. Salg,115,5391,4,1953,
530,Villa,Lillevang 4,7190, Billund,1625000 ,31-07-2006,Alm. Salg,122,13320,6,2003,
530,Villa,Lupinvænget 18,7200, Grindsted,1125000 ,30-07-2006,Alm. Salg,142,7923,4,1963,
530,Villa,Solbakken 43,7260, Sønder Omme,875000 ,30-07-2006,Alm. Salg,149,5872,5,1977,
530,Villa,Sønderkær 431,7190, Billund,1050000 ,30-07-2006,Alm. Salg,123,8537,4,1986,
530,Villa,Skovgårdsvej 21,7200, Grindsted,775000 ,30-07-2006,Alm. Salg,121,6405,3,1905,
530,Villa,Fanøvej 5,7200, Grindsted,634153 ,29-07-2006,Andet,139,4562,5,1971,
530,Villa,Ribersvej 22,7200, Grindsted,416124 ,29-07-2006,Alm. Salg,123,3383,4,1978,
530,Villa,Dalsøvej 149,7200, Grindsted,1550000 ,26-07-2006,Alm. Salg,151,10265,7,1988,
530,Villa,Kolstrupvej 28,7200, Grindsted,550000 ,25-07-2006,Alm. Salg,103,5340,3,1958,
530,Villa,Egebjerg Landevej 71,7250, Hejnsvig,170000 ,23-07-2006,Alm. Salg,39,4359,2,1956,
530,Villa,Daugårdvej 6,7250, Hejnsvig,1350000 ,21-07-2006,Alm. Salg,204,6618,6,1954,
530,Villa,Vejlevej 30,7260, Sønder Omme,535000 ,19-07-2006,Alm. Salg,121,4421,3,1937,
530,Villa,Nørregade 29,6623, Vorbasse,850000 ,19-07-2006,Alm. Salg,172,4942,5,1939,
530,Villa,Mejerivej 12,7250, Hejnsvig,100000 ,19-07-2006,Alm. Salg,293,341,6,1875,
530,Villa,Pilealle 5,7200, Grindsted,410000 ,19-07-2006,Fam. Salg,134,3060,5,1963,
530,Villa,Æblevej 6,7250, Hejnsvig,1070000 ,19-07-2006,Alm. Salg,138,7754,5,1980,
530,Villa,Daugårdvej 12,7250, Hejnsvig,300000 ,18-07-2006,Alm. Salg,50,6000,2,1944,
530,Rækkehus,Grønningen 26,7190, Billund,715000 ,17-07-2006,Alm. Salg,71,10070,2,1988,
530,Villa,Dalbo 34,7200, Grindsted,1295000 ,14-07-2006,Alm. Salg,136,9522,5,1978,
530,Villa,Holdgårdsvej 30,7260, Sønder Omme,895000 ,14-07-2006,Alm. Salg,112,7991,4,1935,
530,Rækkehus,Lysningen 38,7190, Billund,895000 ,13-07-2006,Alm. Salg,95,9421,3,1986,
530,Villa,Mølleparken 256,7190, Billund,1125000 ,13-07-2006,Alm. Salg,152,7401,5,1975,
530,Villa,Jyllandsgade 22,7200, Grindsted,1750000 ,12-07-2006,Alm. Salg,139,12590,5,1985,
530,Rækkehus,Sønderkær 465,7190, Billund,670000 ,11-07-2006,Alm. Salg,77,8701,3,1984,
530,Villa,Gyvelvænget 23,7200, Grindsted,225000 ,11-07-2006,Alm. Salg,182,1236,7,2007,
530,Villa,Skjoldbjergvej 23,6623, Vorbasse,2800000 ,10-07-2006,Alm. Salg,279,10036,8,1930,
530,Rækkehus,Søndervold 113,7200, Grindsted,1295000 ,09-07-2006,Alm. Salg,110,11773,3,2007,
530,Ejerlejlighed,"Solvej 64, 4",7200, Grindsted,1200000 ,09-07-2006,Andet,103,11650,3,2003,
530,Villa,Østergade 22,7200, Grindsted,3300000 ,09-07-2006,Alm. Salg,277,11913,8,1919,
530,Villa,Sønderkær 172,7190, Billund,1350000 ,09-07-2006,Alm. Salg,149,9060,5,1977,
530,Villa,Vesterhedevej 23,7200, Grindsted,1800000 ,09-07-2006,Alm. Salg,218,8257,6,1932,
530,Villa,Grønvang 16,7260, Sønder Omme,750000 ,08-07-2006,Alm. Salg,158,4747,7,1954,
530,Villa,Søndervold 114,7200, Grindsted,1835000 ,07-07-2006,Alm. Salg,154,11916,5,2003,
530,Villa,Møllegade 3,6623, Vorbasse,443126 ,05-07-2006,Fam. Salg,204,2172,5,1915,
530,Ejerlejlighed,"Nygade 19E, st",7200, Grindsted,625000 ,04-07-2006,Alm. Salg,62,10081,2,1985,
530,Villa,Søllingdalvej 62,7250, Hejnsvig,835000 ,04-07-2006,Alm. Salg,131,6374,4,1977,
530,Villa,Møbjergvej 61,7260, Sønder Omme,1135000 ,04-07-2006,Alm. Salg,140,8107,4,2023,
530,Villa,Ølgodvej 2,7200, Grindsted,620000 ,04-07-2006,Alm. Salg,119,5210,4,1954,
530,Rækkehus,Møllevangen 8,7250, Hejnsvig,465000 ,03-07-2006,Alm. Salg,120,3875,4,1931,
530,Villa,Vandværksvej 1,7260, Sønder Omme,470246 ,03-07-2006,Andet,104,4522,4,1900,
530,Villa,Dalsvinget 29,7200, Grindsted,1224886 ,03-07-2006,Andet,149,8221,6,1976,
530,Rækkehus,Rønnebærvej 1,7200, Grindsted,338571 ,02-07-2006,Andet,86,3937,4,1967,
530,Villa,Tranebærvej 3,7200, Grindsted,875000 ,02-07-2006,Alm. Salg,108,8102,5,1966,
530,Villa,Østergaardsvej 16,7200, Grindsted,880000 ,02-07-2006,Alm. Salg,121,7273,5,1940,
530,Villa,Tyttebærvej 14,7200, Grindsted,1450000 ,02-07-2006,Alm. Salg,164,8841,6,1966,
530,Villa,Grønningen 20,7190, Billund,1380000 ,02-07-2006,Alm. Salg,139,9928,5,1998,
530,Rækkehus,Grønningen 34,7190, Billund,976000 ,30-06-2006,Alm. Salg,107,9121,4,1989,
530,Villa,Markskellet 102,7190, Billund,1375000 ,29-06-2006,Alm. Salg,154,8929,6,1988,
530,Villa,Vestervang 6,7190, Billund,1100000 ,29-06-2006,Alm. Salg,122,9016,5,1986,
530,Villa,Møbjergvej 53,7260, Sønder Omme,174310 ,29-06-2006,Alm. Salg,91,1915,2,1965,
530,Villa,Søndermarksvej 116,7190, Billund,1070000 ,29-06-2006,Alm. Salg,152,7039,5,1969,
530,Villa,Søgårdvej 51,7250, Hejnsvig,865000 ,28-06-2006,Alm. Salg,185,4676,6,1979,
530,Villa,Æblevej 10,7250, Hejnsvig,345000 ,28-06-2006,Alm. Salg,111,3108,4,1960,
530,Villa,Dalsøvej 15,7200, Grindsted,1495000 ,28-06-2006,Alm. Salg,141,9228,5,1975,
530,Villa,Egeparken 3,7260, Sønder Omme,149790 ,28-06-2006,Alm. Salg,177,846,5,2008,
530,Villa,Nørregade 50,7200, Grindsted,625000 ,27-06-2006,Alm. Salg,110,5682,3,1937,
530,Villa,Søndervold 135,7200, Grindsted,1893426 ,26-06-2006,Andet,149,12708,5,2004,
530,Villa,Nebelvej 43,6623, Vorbasse,1220000 ,26-06-2006,Alm. Salg,283,4311,8,1901,
530,Villa,Klinkvej 46,6623, Vorbasse,190000 ,26-06-2006,Alm. Salg,361,526,3,2007,
530,Rækkehus,Søndervold 22,7200, Grindsted,616000 ,25-06-2006,Alm. Salg,59,10441,2,1989,
530,Villa,Vestre Boulevard 6,7200, Grindsted,990000 ,25-06-2006,Alm. Salg,119,8319,5,1927,
530,Villa,Kolstrupvej 28,7200, Grindsted,600000 ,25-06-2006,Alm. Salg,103,5825,3,1958,
530,Villa,Tjørnevej 11,7200, Grindsted,1100000 ,23-06-2006,Alm. Salg,154,7143,6,1966,
530,Villa,Stakrogevej 14,7260, Sønder Omme,630000 ,23-06-2006,Alm. Salg,183,3443,6,1962,
530,Villa,Åvej 17,7260, Sønder Omme,502000 ,22-06-2006,Alm. Salg,75,6693,3,1968,
530,Villa,Morsbøl Skolevej 18,7200, Grindsted,925000 ,22-06-2006,Alm. Salg,194,4768,6,1968,
530,Villa,Toften 11,7200, Grindsted,795000 ,22-06-2006,Alm. Salg,128,6211,5,1976,
530,Villa,Birkevej 5,7260, Sønder Omme,950000 ,21-06-2006,Alm. Salg,149,6376,6,1970,
530,Villa,Mølleparken 344,7190, Billund,101154 ,20-06-2006,Fam. Salg,203,479,7,1984,
530,Villa,Tingstedet 94,7190, Billund,1550000 ,19-06-2006,Alm. Salg,165,9394,7,1996,
530,Villa,Fasanvej 20,7190, Billund,950000 ,19-06-2006,Alm. Salg,175,5429,6,1960,
530,Villa,Engsøparken 19,7200, Grindsted,2250000 ,16-06-2006,Alm. Salg,157,14331,3,1998,
530,Villa,Ølandsvej 4,7200, Grindsted,1095000 ,15-06-2006,Alm. Salg,134,8172,5,1971,
530,Villa,Krogagervej 36,7200, Grindsted,775000 ,13-06-2006,Alm. Salg,134,5784,5,1960,
530,Ejerlejlighed,"Grønningen 9, st. tv",7200, Grindsted,625000 ,12-06-2006,Alm. Salg,88,7102,3,1967,
530,Villa,Nørrebyvej 16,6623, Vorbasse,1900000 ,12-06-2006,Alm. Salg,245,7755,7,1931,
530,Villa,Lillevang 70,7190, Billund,428256 ,12-06-2006,Alm. Salg,345,1241,8,2008,
530,Rækkehus,Sydtoften 141,7200, Grindsted,845000 ,11-06-2006,Alm. Salg,86,9826,3,1984,
530,Villa,Nørregade 20,6623, Vorbasse,435000 ,11-06-2006,Alm. Salg,145,3000,6,1921,
530,Villa,Vejlevej 20,7260, Sønder Omme,400000 ,08-06-2006,Fam. Salg,228,1754,7,1900,
530,Villa,Vejlevej 29,7260, Sønder Omme,1075000 ,08-06-2006,Alm. Salg,106,10142,2,1935,
530,Villa,Tingstedet 92,7190, Billund,1790000 ,08-06-2006,Alm. Salg,150,11933,6,1997,
530,Villa,Høstvej 5,7250, Hejnsvig,1075000 ,08-06-2006,Alm. Salg,150,7167,5,1987,
530,Villa,Labrivej 16,6623, Vorbasse,1500000 ,08-06-2006,Alm. Salg,152,9868,6,2000,
530,Villa,Mølleparken 340,7190, Billund,1455000 ,08-06-2006,Alm. Salg,148,9831,6,1984,
530,Villa,Refshøjvej 70,7250, Hejnsvig,775000 ,06-06-2006,Alm. Salg,164,4726,7,1954,
530,Villa,Søndergaardsvej 6,7200, Grindsted,405000 ,06-06-2006,Alm. Salg,132,3068,6,1915,
530,Villa,Lillevang 91,7190, Billund,470000 ,06-06-2006,Alm. Salg,237,1983,6,2006,
530,Villa,Vestervang 46,7190, Billund,1305000 ,05-06-2006,Alm. Salg,145,9000,6,1986,
530,Villa,Dalsøvej 39,7200, Grindsted,1160000 ,05-06-2006,Alm. Salg,162,7160,5,1975,
530,Villa,Jagtvej 2,7200, Grindsted,1070000 ,02-06-2006,Alm. Salg,109,9817,4,1956,
530,Villa,Tingstedet 79,7190, Billund,1695000 ,01-06-2006,Alm. Salg,146,11610,6,1997,
530,Villa,Sverrigsvej 1,7200, Grindsted,1250000 ,01-06-2006,Alm. Salg,144,8681,5,1969,
530,Villa,Havrevænget 29,7200, Grindsted,825000 ,31-05-2006,Alm. Salg,145,5690,5,1962,
530,Villa,Jørgen Glavinds Vej 17,7200, Grindsted,775000 ,31-05-2006,Alm. Salg,89,8708,4,1960,
530,Villa,Ågeslundvej 11,7200, Grindsted,875000 ,30-05-2006,Alm. Salg,155,5645,5,1951,
530,Villa,Spurvevej 11,7200, Grindsted,625000 ,29-05-2006,Alm. Salg,146,4281,5,2007,
530,Villa,Søllingdalvej 4,7250, Hejnsvig,800000 ,28-05-2006,Alm. Salg,120,6667,5,1974,
530,Villa,Toften 9,7200, Grindsted,795000 ,28-05-2006,Alm. Salg,143,5559,5,1978,
530,Villa,Tyttebærvej 2,7200, Grindsted,2350000 ,25-05-2006,Alm. Salg,388,4663,8,1967,
530,Villa,Søndervold 226,7200, Grindsted,385000 ,24-05-2006,Alm. Salg,249,1546,8,2007,
530,Rækkehus,Søndervold 121,7200, Grindsted,1321736 ,23-05-2006,Alm. Salg,110,12016,3,2007,
530,Villa,Bornholmsvej 4,7200, Grindsted,1475000 ,23-05-2006,Alm. Salg,151,9768,5,1970,
530,Villa,Søndermarksvej 401,7190, Billund,915000 ,22-05-2006,Alm. Salg,132,6932,4,1970,
530,Rækkehus,Søndervold 119,7200, Grindsted,1263000 ,21-05-2006,Alm. Salg,101,12505,3,2007,
530,Villa,Dalbo 19,7200, Grindsted,1135000 ,21-05-2006,Alm. Salg,145,7828,5,1978,
530,Villa,Mejerivej 12,7250, Hejnsvig,1495000 ,20-05-2006,Alm. Salg,293,5102,6,1875,
530,Villa,Tingstedet 35,7190, Billund,1665000 ,18-05-2006,Alm. Salg,161,10342,6,1994,
530,Villa,Finlandsvej 14,7200, Grindsted,1365000 ,18-05-2006,Alm. Salg,187,7299,5,1969,
530,Villa,Markskellet 30,7190, Billund,1030000 ,18-05-2006,Alm. Salg,100,10300,5,1987,
530,Rækkehus,Sønderkær 325,7190, Billund,950000 ,16-05-2006,Alm. Salg,89,10674,3,1980,
530,Villa,Kærvej 2,7200, Grindsted,2475000 ,15-05-2006,Alm. Salg,198,12500,4,1997,
530,Villa,Syrenvej 12,7200, Grindsted,830000 ,14-05-2006,Alm. Salg,141,5887,7,1961,
530,Villa,Enghaven 3,7260, Sønder Omme,775000 ,14-05-2006,Alm. Salg,145,5345,5,1967,
530,Villa,Østergade 33,6623, Vorbasse,475000 ,14-05-2006,Alm. Salg,85,5588,3,1941,
530,Villa,Jorden Rundt 27,7200, Grindsted,2006100 ,10-05-2006,Alm. Salg,202,9931,8,1957,
530,Villa,Lillevang 40,7190, Billund,305112 ,10-05-2006,Alm. Salg,164,1860,6,2007,
530,Rækkehus,Grønningen 28,7190, Billund,646000 ,09-05-2006,Alm. Salg,71,9099,2,1988,
530,Villa,Parkvej 2,6623, Vorbasse,980000 ,09-05-2006,Alm. Salg,99,9899,4,1901,
530,Villa,Sønderkær 122,7190, Billund,1465000 ,08-05-2006,Alm. Salg,145,10103,4,1977,
530,Villa,Nørrevej 35,7200, Grindsted,1220000 ,07-05-2006,Alm. Salg,193,6321,5,1984,
530,Villa,Møllestien 12,7200, Grindsted,530000 ,07-05-2006,Alm. Salg,128,4141,5,1882,
530,Villa,Nollund Kirkevej 10,7200, Grindsted,1550000 ,07-05-2006,Fam. Salg,206,7524,6,1985,
530,Ejerlejlighed,"Grønningen 21, st. th",7200, Grindsted,620000 ,05-05-2006,Alm. Salg,100,6200,4,1968,
530,Villa,Nyvej 8,7250, Hejnsvig,695000 ,05-05-2006,Alm. Salg,96,6435,4,1959,
530,Villa,Lærkevej 26,7190, Billund,1215000 ,04-05-2006,Alm. Salg,189,6429,7,1965,
530,Villa,Søndermarksvej 109,7190, Billund,1025000 ,04-05-2006,Alm. Salg,173,5925,5,1969,
530,Villa,Dalgasvej 7,7200, Grindsted,760000 ,04-05-2006,Alm. Salg,94,8085,3,1958,
530,Villa,Morsbølvej 98,7200, Grindsted,1275000 ,04-05-2006,Alm. Salg,181,7044,5,1970,
530,Villa,Åhavevej 64,7200, Grindsted,1390000 ,04-05-2006,Alm. Salg,171,8129,5,1972,
530,Villa,Amtsvejen 23,7200, Grindsted,625000 ,04-05-2006,Alm. Salg,97,6443,4,1942,
530,Villa,Svinget 6,7200, Grindsted,995181 ,04-05-2006,Alm. Salg,126,7898,6,1947,
530,Villa,Engsøparken 217,7200, Grindsted,325000 ,04-05-2006,Alm. Salg,135,2407,5,2007,
530,Villa,Bemsigvej 33,7200, Grindsted,1120000 ,03-05-2006,Alm. Salg,180,6222,5,1918,
530,Rækkehus,Søndervold 115,7200, Grindsted,1342930 ,02-05-2006,Alm. Salg,110,12208,3,2007,
530,Rækkehus,Dalsvinget 20A,7200, Grindsted,630000 ,02-05-2006,Alm. Salg,75,8400,3,1978,
530,Villa,J P Jensens Vej 27,7200, Grindsted,1045000 ,02-05-2006,Alm. Salg,95,11000,4,1949,
530,Villa,Nollundvej 166,7200, Grindsted,675000 ,02-05-2006,Alm. Salg,111,6081,3,1958,
530,Villa,Søndervang 13,7200, Grindsted,372592 ,02-05-2006,Fam. Salg,118,3158,4,1960,
530,Villa,Østergade 11,7200, Grindsted,705000 ,01-05-2006,Alm. Salg,135,5222,6,1919,
530,Villa,Egevænget 304,7190, Billund,1020000 ,30-04-2006,Alm. Salg,140,7286,5,1972,
530,Villa,Enevej 10,7200, Grindsted,1645000 ,30-04-2006,Alm. Salg,195,8436,6,1977,
530,Villa,Stationsvej 9,7200, Grindsted,795000 ,28-04-2006,Alm. Salg,116,6853,5,1963,
530,Ejerlejlighed,"Nygade 19B, 1",7200, Grindsted,212877 ,27-04-2006,Andet,79,2695,3,1988,
530,Villa,Tingstedet 104,7190, Billund,1835000 ,27-04-2006,Alm. Salg,202,9084,7,1998,
530,Villa,Lillevang 1,7190, Billund,309690 ,27-04-2006,Alm. Salg,143,2166,5,2006,
530,Villa,Tingstedet 39,7190, Billund,1700000 ,26-04-2006,Alm. Salg,148,11486,5,1994,
530,Villa,Grønlandsvej 3,7200, Grindsted,500000 ,26-04-2006,Fam. Salg,164,3049,4,1971,
530,Villa,Sønderkær 437,7190, Billund,1150000 ,26-04-2006,Alm. Salg,116,9914,5,1987,
530,Villa,Lyngvej 5,7200, Grindsted,1225000 ,26-04-2006,Alm. Salg,180,6806,6,1967,
530,Rækkehus,Sønderkær 427A,7190, Billund,705000 ,25-04-2006,Alm. Salg,77,9156,3,1986,
530,Villa,Krarupvej 3,7200, Grindsted,695000 ,24-04-2006,Alm. Salg,186,3737,4,1963,
530,Villa,Fyrrevænget 305,7190, Billund,1320000 ,23-04-2006,Alm. Salg,148,8919,6,1971,
530,Villa,Fasanvej 3,7190, Billund,795000 ,23-04-2006,Alm. Salg,99,8030,3,1960,
530,Villa,Lillevang 50,7190, Billund,351031 ,23-04-2006,Alm. Salg,200,1755,5,2007,
530,Villa,Kærvej 7,7200, Grindsted,1827500 ,22-04-2006,Fam. Salg,170,10750,5,2001,
530,Villa,Østerbrogade 9,7200, Grindsted,995000 ,21-04-2006,Alm. Salg,79,12595,3,1936,
530,Rækkehus,Sønderkær 341,7190, Billund,795000 ,20-04-2006,Alm. Salg,80,9938,4,1985,
530,Villa,Rugbjergvej 61,6623, Vorbasse,1925000 ,20-04-2006,Alm. Salg,190,10132,6,1981,
530,Villa,Møllebakken 2,7250, Hejnsvig,375000 ,20-04-2006,Alm. Salg,112,3348,4,1932,
530,Villa,Bekkasinvej 8,7200, Grindsted,450000 ,19-04-2006,Alm. Salg,78,5769,3,1959,
530,Rækkehus,Søndervold 6,7200, Grindsted,1375000 ,17-04-2006,Alm. Salg,137,10036,4,1992,
530,Villa,Dalsøvej 109,7200, Grindsted,1050000 ,17-04-2006,Alm. Salg,128,8203,4,1980,
530,Villa,Sognegårdsvej 1,7200, Grindsted,730000 ,14-04-2006,Alm. Salg,119,6134,3,1960,
530,Villa,Egevangen 6,7200, Grindsted,1100000 ,12-04-2006,Alm. Salg,116,9483,4,1960,
530,Ejerlejlighed,"Grønningen 19, 1. th",7200, Grindsted,585000 ,11-04-2006,Alm. Salg,88,6648,3,1968,
530,Villa,Engdraget 5,7200, Grindsted,1700000 ,11-04-2006,Alm. Salg,199,8543,6,1995,
530,Villa,Klosterhedevej 19,7200, Grindsted,1240000 ,11-04-2006,Alm. Salg,145,8552,5,1972,
530,Rækkehus,Jørgen Glavinds Vej 44,7200, Grindsted,625000 ,10-04-2006,Alm. Salg,95,6579,4,1955,
530,Villa,Solbakken 25,7260, Sønder Omme,760000 ,10-04-2006,Alm. Salg,128,5938,5,1977,
530,Villa,Flintemarken 95,7190, Billund,1737500 ,10-04-2006,Alm. Salg,190,9145,8,1993,
530,Rækkehus,Dalsvinget 20B,7200, Grindsted,775000 ,09-04-2006,Alm. Salg,102,7598,4,1978,
530,Villa,Nebelvej 17,6623, Vorbasse,625000 ,09-04-2006,Alm. Salg,108,5787,4,1952,
530,Villa,Engsøparken 197,7200, Grindsted,350000 ,09-04-2006,Alm. Salg,180,1944,6,2007,
530,Villa,Hovborgvej 20,6623, Vorbasse,650000 ,08-04-2006,Alm. Salg,83,7831,3,1877,
530,Villa,Krarupvej 10,7200, Grindsted,880000 ,07-04-2006,Alm. Salg,101,8713,3,1952,
530,Villa,Egeparken 12,7260, Sønder Omme,1337500 ,06-04-2006,Alm. Salg,154,8685,5,1998,
530,Rækkehus,Dalsvinget 20B,7200, Grindsted,665000 ,05-04-2006,Alm. Salg,102,6520,4,1978,
530,Rækkehus,Dalsvinget 18B,7200, Grindsted,675000 ,05-04-2006,Alm. Salg,102,6618,4,1978,
530,Villa,Sønderkær 251,7190, Billund,1640000 ,04-04-2006,Alm. Salg,194,8454,7,1980,
530,Villa,Almstokvej 33,6623, Vorbasse,594000 ,04-04-2006,Alm. Salg,120,4950,4,1955,
530,Villa,Lillevang 36,7190, Billund,272161 ,04-04-2006,Alm. Salg,204,1334,8,2007,
530,Villa,Nollund Kirkevej 15,7200, Grindsted,805000 ,04-04-2006,Alm. Salg,128,6289,6,1954,
530,Villa,Fyrrevænget 401,7190, Billund,860000 ,03-04-2006,Alm. Salg,109,7890,3,1971,
530,Villa,Lupinvænget 11,7200, Grindsted,605000 ,02-04-2006,Alm. Salg,98,6173,4,1963,
530,Villa,Tingstedet 28,7190, Billund,1480000 ,02-04-2006,Alm. Salg,177,8362,6,1996,
530,Villa,Gammel Bøvlvej 40,7260, Sønder Omme,392393 ,02-04-2006,Andet,129,3042,4,1953,
530,Villa,Postgade 7,7200, Grindsted,262500 ,01-04-2006,Alm. Salg,85,3088,4,1963,
530,Villa,Kærvej 119,7190, Billund,550177 ,31-03-2006,Alm. Salg,147,3743,4,1972,
530,Villa,Flintemarken 77,7190, Billund,1425000 ,31-03-2006,Alm. Salg,148,9628,6,1987,
530,Villa,Vestre Alle 8,7200, Grindsted,1100000 ,30-03-2006,Alm. Salg,125,8800,6,1940,
530,Villa,Ribersvej 180,7200, Grindsted,1185000 ,30-03-2006,Alm. Salg,131,9046,5,1980,
530,Villa,Skovparken 322,7190, Billund,1695000 ,30-03-2006,Alm. Salg,201,8433,5,1973,
530,Villa,Drivvejen 2,6623, Vorbasse,970000 ,30-03-2006,Alm. Salg,130,7462,5,1977,
530,Villa,Løvlundvej 5,7250, Hejnsvig,800000 ,30-03-2006,Alm. Salg,152,5263,5,1966,
530,Villa,Østerbo 13,7250, Hejnsvig,515000 ,30-03-2006,Alm. Salg,144,3576,5,1792,
530,Villa,Engsøparken 183,7200, Grindsted,400000 ,29-03-2006,Alm. Salg,225,1778,5,2007,
530,Villa,Vibes Alle 5,7200, Grindsted,665000 ,28-03-2006,Alm. Salg,125,5320,4,1932,
530,Villa,Søndergaardsvej 8,7200, Grindsted,750000 ,28-03-2006,Alm. Salg,140,5357,5,1951,
530,Villa,Østervænget 58,6623, Vorbasse,1110000 ,27-03-2006,Alm. Salg,148,7500,5,1984,
530,Villa,Sydtoften 277,7200, Grindsted,1375000 ,27-03-2006,Alm. Salg,118,11653,4,2006,
530,Villa,Præstevænget 5,7250, Hejnsvig,450000 ,27-03-2006,Alm. Salg,165,2727,5,1915,
530,Villa,Søgårdparken 14,7250, Hejnsvig,159000 ,27-03-2006,Alm. Salg,165,964,5,2009,
530,Villa,Dalsøvej 29,7200, Grindsted,1055000 ,26-03-2006,Alm. Salg,192,5495,7,1976,
530,Villa,Lillevang 77,7190, Billund,275480 ,26-03-2006,Alm. Salg,189,1458,6,2007,
530,Villa,Østermosevej 7,6623, Vorbasse,75000 ,26-03-2006,Alm. Salg,165,455,5,2009,
530,Villa,Dalsvinget 31,7200, Grindsted,1125000 ,26-03-2006,Alm. Salg,138,8152,4,1977,
530,Villa,Sydtoften 275,7200, Grindsted,1375000 ,25-03-2006,Alm. Salg,118,11653,4,2006,
530,Villa,Anemonevej 11,7200, Grindsted,1575000 ,23-03-2006,Alm. Salg,144,10938,6,1961,
530,Villa,Anemonevej 29,7200, Grindsted,1262500 ,23-03-2006,Alm. Salg,281,4493,8,1966,
530,Villa,Sydtoften 271,7200, Grindsted,1375000 ,22-03-2006,Alm. Salg,118,11653,4,2006,
530,Villa,Gyvelvænget 13,7200, Grindsted,1075000 ,21-03-2006,Alm. Salg,118,9110,3,2006,
530,Villa,Lillevang 42,7190, Billund,365999 ,21-03-2006,Alm. Salg,198,1848,7,2007,
530,Villa,Stationsvej 9,7200, Grindsted,750000 ,21-03-2006,Alm. Salg,116,6466,5,1963,
530,Villa,Lillevang 34,7190, Billund,292816 ,21-03-2006,Alm. Salg,170,1722,5,2007,
530,Villa,Lillevang 46,7190, Billund,213983 ,20-03-2006,Alm. Salg,155,1381,5,2007,
530,Villa,Gyvelvænget 21,7200, Grindsted,250000 ,20-03-2006,Alm. Salg,143,1748,2,2006,
530,Rækkehus,Vestergade 29A,7200, Grindsted,1645000 ,19-03-2006,Alm. Salg,117,14060,3,2006,
530,Villa,Lillevang 25,7190, Billund,295380 ,19-03-2006,Alm. Salg,187,1580,6,2007,
530,Villa,Hellevej 3,7200, Grindsted,775000 ,15-03-2006,Alm. Salg,148,5236,5,1958,
530,Villa,Egebjerg Landevej 93,7250, Hejnsvig,600000 ,14-03-2006,Alm. Salg,145,4138,7,1912,
530,Villa,Fyrrevænget 411,7190, Billund,1575000 ,13-03-2006,Alm. Salg,285,5526,8,1971,
530,Villa,Lundhedevej 23,7200, Grindsted,1200000 ,13-03-2006,Alm. Salg,147,8163,2,1955,
530,Villa,Systemvej 27,7190, Billund,650000 ,12-03-2006,Alm. Salg,86,7558,4,1959,
530,Villa,Hørlycks Alle 20,7200, Grindsted,975000 ,12-03-2006,Alm. Salg,87,11207,3,1942,
530,Villa,Prærien 19,7200, Grindsted,1335000 ,12-03-2006,Alm. Salg,184,7255,7,1987,
530,Villa,Solsortvej 8,7200, Grindsted,650000 ,10-03-2006,Alm. Salg,105,6190,3,1955,
530,Rækkehus,Vestergade 29A,7200, Grindsted,480001 ,09-03-2006,Andet,117,4103,3,2006,
530,Villa,Fyrrevænget 310,7190, Billund,910000 ,09-03-2006,Alm. Salg,177,5141,6,1970,
530,Villa,Vestervang 29,7190, Billund,1265000 ,09-03-2006,Alm. Salg,134,9440,5,1986,
530,Villa,Engsøparken 139,7200, Grindsted,2275000 ,09-03-2006,Alm. Salg,170,13382,6,2005,
530,Villa,Refshøjvej 70,7250, Hejnsvig,1750000 ,08-03-2006,Alm. Salg,164,10671,7,1954,
530,Villa,Refshøjvej 50,7250, Hejnsvig,800000 ,07-03-2006,Alm. Salg,191,4188,6,1956,
530,Villa,Fynsgade 29,7200, Grindsted,800000 ,07-03-2006,Alm. Salg,168,4762,5,1959,
530,Villa,Østervænget 16,6623, Vorbasse,1175000 ,07-03-2006,Alm. Salg,164,7165,5,1979,
530,Villa,Søndergade 4,7250, Hejnsvig,750000 ,06-03-2006,Alm. Salg,222,3378,10,1925,
530,Villa,Mølleparken 208,7190, Billund,1350000 ,05-03-2006,Alm. Salg,169,7988,5,1974,
530,Villa,Fittingvej 40,6623, Vorbasse,550000 ,03-03-2006,Alm. Salg,86,6395,2,1929,
530,Villa,Lupinvænget 19,7200, Grindsted,820000 ,03-03-2006,Alm. Salg,98,8367,3,1963,
530,Villa,Dalbyvej 16,7200, Grindsted,690000 ,03-03-2006,Alm. Salg,100,6900,3,1939,
530,Ejerlejlighed,"Grønningen 15, st. mf",7200, Grindsted,225000 ,02-03-2006,Alm. Salg,40,5625,1,1968,
530,Villa,Østergade 54,6623, Vorbasse,795000 ,01-03-2006,Alm. Salg,166,4789,7,1942,
530,Villa,Søndervold 177,7200, Grindsted,1995000 ,01-03-2006,Alm. Salg,147,13571,4,2007,
530,Rækkehus,Lysningen 52,7190, Billund,875000 ,28-02-2006,Alm. Salg,86,10174,3,1988,
530,Villa,Drosselvej 5,6623, Vorbasse,795000 ,28-02-2006,Alm. Salg,123,6463,5,1980,
530,Villa,Østervænget 12,6623, Vorbasse,1175000 ,28-02-2006,Alm. Salg,166,7078,7,1979,
530,Villa,Æblevej 5,7250, Hejnsvig,700000 ,26-02-2006,Alm. Salg,106,6604,3,1965,
530,Villa,Aakjærsvej 15,7200, Grindsted,735000 ,26-02-2006,Alm. Salg,99,7424,3,1946,
530,Villa,Dalsøvej 32,7200, Grindsted,885000 ,26-02-2006,Alm. Salg,123,7195,4,1976,
530,Villa,Holdgårdsvej 38,7260, Sønder Omme,800000 ,26-02-2006,Alm. Salg,135,5926,5,1971,
530,Villa,Engsøparken 187,7200, Grindsted,325000 ,26-02-2006,Alm. Salg,163,1994,5,2006,
530,Ejerlejlighed,"Banegårdsvej 27, 1",7200, Grindsted,620000 ,24-02-2006,Alm. Salg,62,10000,2,1987,
530,Villa,Lillevang 21,7190, Billund,1720000 ,21-02-2006,Alm. Salg,146,11781,6,2001,
530,Villa,Bekkasinvej 4,7200, Grindsted,740000 ,21-02-2006,Alm. Salg,98,7551,4,1961,
530,Villa,Søllingdalvej 18,7250, Hejnsvig,1350000 ,21-02-2006,Alm. Salg,206,6553,4,1975,
530,Villa,Amtsvejen 2,7200, Grindsted,975000 ,20-02-2006,Alm. Salg,168,5804,4,1938,
530,Villa,Nørregade 30B,6623, Vorbasse,850000 ,15-02-2006,Andet,58,14655,2,1915,
530,Villa,Æblevej 3,7250, Hejnsvig,775000 ,15-02-2006,Alm. Salg,105,7381,4,1966,
530,Villa,Markskellet 1,7190, Billund,1495000 ,15-02-2006,Alm. Salg,149,10034,6,1997,
530,Villa,Grindstedvej 31,7260, Sønder Omme,495000 ,14-02-2006,Alm. Salg,99,5000,2,1937,
530,Villa,Sønderkær 140,7190, Billund,445696 ,14-02-2006,Fam. Salg,169,2637,6,1976,
530,Villa,Skrænten 4,7250, Hejnsvig,635997 ,11-02-2006,Alm. Salg,144,4417,4,1979,
530,Villa,Lyngvang 44,7260, Sønder Omme,1050000 ,09-02-2006,Alm. Salg,180,5833,7,1973,
530,Villa,Markskellet 92,7190, Billund,1300000 ,08-02-2006,Alm. Salg,173,7514,6,1988,
530,Villa,Ahornvej 16,7200, Grindsted,458776 ,08-02-2006,Andet,88,5213,4,1965,
530,Rækkehus,Vestergade 29B,7200, Grindsted,1645000 ,07-02-2006,Alm. Salg,117,14060,3,2006,
530,Villa,Vestergade 29C,7200, Grindsted,1790000 ,07-02-2006,Alm. Salg,132,13561,3,2007,
530,Villa,Præstevænget 6,7250, Hejnsvig,550000 ,06-02-2006,Alm. Salg,116,4741,4,1937,
530,Villa,Søgårdvej 63,7250, Hejnsvig,825000 ,05-02-2006,Alm. Salg,126,6548,4,1979,
530,Villa,Skødebjergvej 8,6623, Vorbasse,2500000 ,05-02-2006,Alm. Salg,178,14045,8,1917,
530,Villa,Søndervold 173,7200, Grindsted,2360000 ,03-02-2006,Alm. Salg,179,13184,6,2003,
530,Villa,Primulavej 31,7200, Grindsted,1465000 ,02-02-2006,Alm. Salg,213,6878,9,1964,
530,Villa,Skjoldbjergvej 36,6623, Vorbasse,590000 ,01-02-2006,Alm. Salg,125,4720,5,1956,
530,Villa,Engsøparken 41,7200, Grindsted,2250000 ,01-02-2006,Alm. Salg,166,13554,5,2006,
530,Villa,Nørager 61,7260, Sønder Omme,325306 ,31-01-2006,Alm. Salg,161,2021,6,1988,
530,Villa,Parkvej 28,6623, Vorbasse,820000 ,31-01-2006,Alm. Salg,116,7069,4,1976,
530,Villa,Langgade 65,7250, Hejnsvig,650000 ,31-01-2006,Alm. Salg,142,4577,5,1980,
530,Villa,Engsøparken 185,7200, Grindsted,350000 ,31-01-2006,Alm. Salg,163,2147,5,2006,
530,Villa,Frederiksberg Alle 6,7200, Grindsted,665000 ,30-01-2006,Alm. Salg,125,5320,5,1913,
530,Villa,Nebelvej 3,6623, Vorbasse,215174 ,30-01-2006,Alm. Salg,124,1735,4,2016,
530,Villa,Nebelvej 22,6623, Vorbasse,500000 ,29-01-2006,Alm. Salg,112,4464,4,1956,
530,Villa,Blåhøjvej 3,7200, Grindsted,295000 ,28-01-2006,Alm. Salg,209,1411,10,1930,
530,Villa,Dalsøvej 61,7200, Grindsted,975000 ,27-01-2006,Alm. Salg,123,7927,5,1976,
530,Villa,Systemvej 21,7190, Billund,810000 ,26-01-2006,Alm. Salg,115,7043,3,1959,
530,Villa,Bygvænget 33,7200, Grindsted,920000 ,26-01-2006,Alm. Salg,90,10222,3,1962,
530,Villa,Grindsted Landevej 25,7200, Grindsted,1360000 ,26-01-2006,Alm. Salg,214,6355,5,1991,
530,Villa,Tingstedet 62,7190, Billund,637500 ,25-01-2006,Fam. Salg,141,4521,6,1997,
530,Villa,Kobjergvej 1B,7190, Billund,1485000 ,24-01-2006,Alm. Salg,242,6136,7,1941,
530,Villa,Gyvelvænget 20,7200, Grindsted,150000 ,24-01-2006,Alm. Salg,179,838,5,2007,
530,Villa,Engsøparken 29,7200, Grindsted,2150000 ,23-01-2006,Alm. Salg,189,11376,5,1999,
530,Villa,Chr. Lundsgaards Vej 10,7200, Grindsted,300000 ,22-01-2006,Alm. Salg,61,4918,2,1947,
530,Villa,Daugårdvej 3,7250, Hejnsvig,695000 ,22-01-2006,Alm. Salg,130,5346,3,1800,
530,Villa,Flintemarken 11,7190, Billund,1125000 ,22-01-2006,Alm. Salg,116,9698,4,1989,
530,Villa,Industrivej 1,7200, Grindsted,500000 ,22-01-2006,Alm. Salg,110,4545,5,1968,
530,Villa,Søndermarksvej 104,7190, Billund,805000 ,21-01-2006,Alm. Salg,120,6708,3,1969,
530,Villa,Grindstedvej 66,7260, Sønder Omme,825000 ,20-01-2006,Alm. Salg,213,3873,6,1937,
530,Villa,Engsøparken 79,7200, Grindsted,1385000 ,20-01-2006,Alm. Salg,125,11080,4,1998,
530,Villa,Egevangen 4,7200, Grindsted,750000 ,19-01-2006,Alm. Salg,160,4688,5,2021,
530,Villa,Daltoften 23,7200, Grindsted,975000 ,19-01-2006,Alm. Salg,132,7386,4,1977,
530,Villa,Svinget 3,7200, Grindsted,775000 ,16-01-2006,Alm. Salg,102,7598,3,1954,
530,Villa,Primulavej 5,7200, Grindsted,1475000 ,15-01-2006,Alm. Salg,164,8994,5,1962,
530,Villa,Lillevang 2,7190, Billund,229002 ,15-01-2006,Alm. Salg,214,1070,6,2007,
530,Villa,Krogagervej 8,7200, Grindsted,1145000 ,13-01-2006,Alm. Salg,101,11337,4,1955,
530,Villa,Vestre Alle 6,7200, Grindsted,1600000 ,12-01-2006,Alm. Salg,111,13008,5,1940,
530,Villa,Tårngade 4,6623, Vorbasse,495000 ,12-01-2006,Alm. Salg,152,3257,6,1935,
530,Villa,Solbakken 1,7260, Sønder Omme,890000 ,10-01-2006,Alm. Salg,143,6224,5,1976,
530,Villa,Anemonevej 22,7200, Grindsted,730000 ,10-01-2006,Alm. Salg,137,5328,4,1963,
530,Villa,Lærkevang 8,7200, Grindsted,900000 ,09-01-2006,Alm. Salg,127,7087,2,1939,
530,Villa,Ribersvej 74,7200, Grindsted,950000 ,06-01-2006,Alm. Salg,169,5621,6,1978,
530,Villa,Simmelvej 9,7260, Sønder Omme,800000 ,04-01-2006,Alm. Salg,129,6202,3,1936,
530,Villa,Hedegårdsvej 14,7190, Billund,1500000 ,04-01-2006,Alm. Salg,162,9259,6,1998,
530,Villa,Anemonevej 28,7200, Grindsted,1135000 ,03-01-2006,Alm. Salg,144,7882,4,1964,
530,Rækkehus,Vestre Boulevard 2,7200, Grindsted,625000 ,02-01-2006,Alm. Salg,81,7716,3,1938,
530,Villa,Ribersvej 138,7200, Grindsted,1075000 ,02-01-2006,Alm. Salg,134,8022,5,1980,
530,Villa,Engsøparken 39,7200, Grindsted,2295000 ,02-01-2006,Alm. Salg,167,13743,5,2006,
530,Villa,Hasselvej 11,7260, Sønder Omme,755000 ,01-01-2006,Alm. Salg,128,5898,4,1969,
530,Villa,Blåbjergvej 20,7200, Grindsted,225000 ,01-01-2006,Alm. Salg,214,1051,5,2012,
530,Villa,Daugårdvej 18,7250, Hejnsvig,425000 ,01-01-2006,Alm. Salg,118,3602,3,1924,
530,Villa,Parallelvej 12,7260, Sønder Omme,440000 ,31-12-2005,Andet,118,3729,4,1969,
530,Villa,Flintemarken 87,7190, Billund,577479 ,26-12-2005,Andet,130,4442,6,1988,
530,Villa,Søndermarksvej 105,7190, Billund,975000 ,23-12-2005,Alm. Salg,160,6094,6,1968,
530,Villa,A G Jensens Vej 5,7250, Hejnsvig,730000 ,22-12-2005,Fam. Salg,127,5748,4,1960,
530,Villa,Skjoldbjergvej 48,6623, Vorbasse,450000 ,21-12-2005,Alm. Salg,89,5056,3,1967,
530,Villa,Sønderkær 110,7190, Billund,650000 ,18-12-2005,Andet,186,3495,6,1977,
530,Villa,Hørlycks Alle 7,7200, Grindsted,995000 ,18-12-2005,Fam. Salg,118,8432,4,1961,
530,Villa,Bygvænget 37,7200, Grindsted,1025000 ,16-12-2005,Alm. Salg,184,5571,7,1963,
530,Villa,Elmelunden 213,7190, Billund,825000 ,14-12-2005,Alm. Salg,99,8333,4,1964,
530,Villa,Sønderkær 406,7190, Billund,446250 ,14-12-2005,Fam. Salg,176,2536,7,1981,
530,Villa,Søndre Boulevard 247,7200, Grindsted,385000 ,14-12-2005,Alm. Salg,197,1954,6,2006,
530,Villa,Stenvej 14,7200, Grindsted,500000 ,13-12-2005,Alm. Salg,160,3125,5,2006,
530,Villa,Mølleparken 226,7190, Billund,1470000 ,13-12-2005,Alm. Salg,191,7696,6,1978,
530,Ejerlejlighed,"Banegårdsvej 3C, 1. th",7200, Grindsted,710000 ,12-12-2005,Alm. Salg,95,7474,3,1988,
530,Villa,Bemsigvej 33,7200, Grindsted,1000000 ,11-12-2005,Alm. Salg,180,5556,5,1918,
530,Villa,Ågeslundvej 13,7200, Grindsted,428500 ,11-12-2005,Fam. Salg,150,2857,6,1956,
530,Villa,Lillevang 49,7190, Billund,265490 ,11-12-2005,Alm. Salg,171,1553,6,2008,
530,Villa,Holdgårdsvej 24,7260, Sønder Omme,470000 ,08-12-2005,Alm. Salg,156,3013,5,1934,
530,Villa,Ribersvej 170,7200, Grindsted,925000 ,07-12-2005,Alm. Salg,131,7061,5,1980,
530,Rækkehus,Sønderkær 405A,7190, Billund,655000 ,05-12-2005,Alm. Salg,77,8506,3,1986,
530,Rækkehus,Fynsgade 11,7200, Grindsted,500000 ,05-12-2005,Andet,115,4348,4,1996,
530,Villa,Søndervold 114,7200, Grindsted,1695000 ,05-12-2005,Alm. Salg,154,11006,5,2003,
530,Villa,Engsøparken 91,7200, Grindsted,2800000 ,05-12-2005,Alm. Salg,234,11966,6,1997,
530,Villa,Rungborgvej 2,7250, Hejnsvig,420000 ,04-12-2005,Fam. Salg,183,2295,7,1923,
530,Villa,Enevej 2,7200, Grindsted,875000 ,01-12-2005,Fam. Salg,189,4630,6,1985,
530,Villa,Mølleparken 160,7190, Billund,1235000 ,01-12-2005,Alm. Salg,150,8233,5,1975,
530,Villa,Krogagervej 14,7200, Grindsted,795000 ,01-12-2005,Alm. Salg,143,5559,4,1955,
530,Villa,Grønvang 18,7260, Sønder Omme,912500 ,30-11-2005,Alm. Salg,117,7799,4,1955,
530,Villa,Systemvej 11,7190, Billund,950000 ,30-11-2005,Alm. Salg,91,10440,3,1947,
530,Villa,Brombærvej 7,7200, Grindsted,1345000 ,30-11-2005,Alm. Salg,168,8006,6,1967,
530,Villa,Blåbærvej 8,7200, Grindsted,995000 ,30-11-2005,Alm. Salg,146,6815,6,1967,
530,Villa,Abildvej 8,7200, Grindsted,650000 ,29-11-2005,Alm. Salg,70,9286,3,1960,
530,Villa,Toften 41,7190, Billund,900000 ,29-11-2005,Alm. Salg,94,9574,3,1970,
530,Villa,Amtsvejen 16,7200, Grindsted,630000 ,29-11-2005,Alm. Salg,106,5943,4,1944,
530,Villa,J P Jensens Vej 11,7200, Grindsted,1300000 ,28-11-2005,Alm. Salg,102,12745,3,1947,
530,Villa,Birkevej 10,6623, Vorbasse,850000 ,28-11-2005,Alm. Salg,98,8673,3,1968,
530,Villa,Krarupvej 2,7200, Grindsted,650000 ,28-11-2005,Alm. Salg,102,6373,5,1944,
530,Rækkehus,Søndre Boulevard 361,7200, Grindsted,790000 ,27-11-2005,Alm. Salg,80,9875,3,1986,
530,Rækkehus,Sydtoften 139,7200, Grindsted,795000 ,27-11-2005,Alm. Salg,82,9695,3,1984,
530,Villa,Kløvervej 4,7190, Billund,1095000 ,27-11-2005,Alm. Salg,142,7711,6,1972,
530,Villa,Tyttebærvej 8,7200, Grindsted,915000 ,27-11-2005,Alm. Salg,126,7262,4,1966,
530,Villa,Hedelykkevej 12,7200, Grindsted,650000 ,24-11-2005,Alm. Salg,117,5556,4,1981,
530,Villa,Kløvervænget 8,7200, Grindsted,575000 ,23-11-2005,Alm. Salg,93,6183,3,1964,
530,Villa,Birkeholtvej 24,7200, Grindsted,1020000 ,22-11-2005,Alm. Salg,234,4359,3,2008,
530,Villa,Vestergade 19,7200, Grindsted,1055000 ,22-11-2005,Alm. Salg,134,7873,4,1932,
530,Villa,Søllingdalvej 38,7250, Hejnsvig,735000 ,21-11-2005,Alm. Salg,124,5927,5,1975,
530,Villa,Blichersvej 2,7200, Grindsted,1250000 ,21-11-2005,Alm. Salg,150,8333,5,1962,
530,Villa,Engsøparken 15,7200, Grindsted,1995000 ,21-11-2005,Alm. Salg,195,10231,5,1998,
530,Villa,Møllebakkevej 10,7200, Grindsted,555000 ,21-11-2005,Alm. Salg,101,5495,3,1960,
530,Villa,Storegade 9,7200, Grindsted,810000 ,20-11-2005,Alm. Salg,162,5000,5,1935,
530,Villa,Amtsvejen 7,7200, Grindsted,825000 ,20-11-2005,Alm. Salg,152,5428,6,1955,
530,Villa,Primulavej 29,7200, Grindsted,1132500 ,19-11-2005,Alm. Salg,130,8712,4,1965,
530,Villa,Grindstedvej 14,7260, Sønder Omme,682500 ,18-11-2005,Alm. Salg,120,5688,5,1915,
530,Villa,Gammel Bøvlvej 42,7260, Sønder Omme,640000 ,18-11-2005,Alm. Salg,131,4885,6,1959,
530,Villa,Kolstrupvej 22,7200, Grindsted,520000 ,18-11-2005,Alm. Salg,114,4561,3,1919,
530,Villa,Hovedgaden 36,7190, Billund,1220000 ,17-11-2005,Alm. Salg,113,10796,3,1962,
530,Villa,Hellevej 8,7200, Grindsted,1595000 ,17-11-2005,Alm. Salg,135,11815,5,1932,
530,Rækkehus,Sønderkær 337,7190, Billund,730000 ,16-11-2005,Alm. Salg,80,9125,4,1985,
530,Villa,Heimdalsvej 16,7200, Grindsted,2200000 ,15-11-2005,Alm. Salg,158,10092,7,1979,
530,Villa,Dalsøvej 9,7200, Grindsted,595460 ,15-11-2005,Andet,148,4023,5,1975,
530,Villa,Stilbjergvej 1,7190, Billund,557910 ,13-11-2005,Alm. Salg,176,3170,6,1965,
530,Villa,Nyvej 20,7250, Hejnsvig,725000 ,11-11-2005,Alm. Salg,98,7398,3,1962,
530,Villa,Tingstedet 11,7190, Billund,1845000 ,11-11-2005,Alm. Salg,221,8348,9,1995,
530,Villa,Enghaven 27,7260, Sønder Omme,1220000 ,08-11-2005,Alm. Salg,251,4861,8,1947,
530,Villa,Jyllandsgade 29,7200, Grindsted,1045000 ,08-11-2005,Alm. Salg,92,11359,4,1951,
530,Villa,Morsbølvej 23,7200, Grindsted,460000 ,08-11-2005,Alm. Salg,228,2018,6,2009,
530,Villa,Sydtoften 269,7200, Grindsted,1375000 ,07-11-2005,Alm. Salg,118,11653,4,2006,
530,Villa,Nyvej 2B,7250, Hejnsvig,580000 ,06-11-2005,Alm. Salg,117,4957,3,1973,
530,Villa,Daltoften 6,7200, Grindsted,995000 ,03-11-2005,Alm. Salg,120,8292,4,1981,
530,Villa,Stadion Alle 24,7260, Sønder Omme,445000 ,03-11-2005,Alm. Salg,72,6181,3,1954,
530,Villa,Lærke Alle 4,7260, Sønder Omme,495000 ,03-11-2005,Alm. Salg,135,3667,3,1961,
530,Villa,Vandmosevej 10,7250, Hejnsvig,1095000 ,02-11-2005,Alm. Salg,102,10735,3,1962,
530,Villa,Engvej 9,7200, Grindsted,1600000 ,02-11-2005,Alm. Salg,194,7692,8,1955,
530,Villa,Egebjerg Landevej 83,7250, Hejnsvig,590000 ,01-11-2005,Alm. Salg,285,2070,7,1912,
530,Villa,Skovparken 210,7190, Billund,1200000 ,31-10-2005,Alm. Salg,190,6316,6,1969,
530,Villa,Grindstedvej 41,7260, Sønder Omme,950000 ,31-10-2005,Alm. Salg,133,7143,4,1958,
530,Villa,Sønderkær 363,7190, Billund,1696000 ,31-10-2005,Fam. Salg,190,7067,4,1986,
530,Villa,Jyllandsgade 14,7200, Grindsted,1450000 ,30-10-2005,Alm. Salg,147,9864,5,1950,
530,Villa,Hybenvej 6,7200, Grindsted,675000 ,30-10-2005,Alm. Salg,191,3534,5,1970,
530,Villa,Prærien 56,7200, Grindsted,1240000 ,30-10-2005,Alm. Salg,148,8378,4,1999,
530,Villa,Søgårdparken 16,7250, Hejnsvig,159000 ,30-10-2005,Alm. Salg,188,846,6,2007,
530,Villa,Tingstedet 99,7190, Billund,1600000 ,27-10-2005,Alm. Salg,195,8205,7,1998,
530,Villa,Højene 13,7250, Hejnsvig,795000 ,27-10-2005,Alm. Salg,116,6853,4,1971,
530,Villa,Gammel Bøvlvej 52,7260, Sønder Omme,1175000 ,27-10-2005,Alm. Salg,176,6676,5,1972,
530,Villa,Vestermarksvej 5,7200, Grindsted,962500 ,26-10-2005,Alm. Salg,157,6131,6,1971,
530,Villa,Daugårdvej 23,7250, Hejnsvig,360000 ,26-10-2005,Fam. Salg,122,2951,4,1929,
530,Villa,Engsøparken 189,7200, Grindsted,331000 ,25-10-2005,Alm. Salg,180,1839,6,2018,
530,Villa,Engsøparken 167,7200, Grindsted,336000 ,25-10-2005,Alm. Salg,170,1976,5,2008,
530,Villa,Engsøparken 173,7200, Grindsted,425000 ,25-10-2005,Alm. Salg,170,2500,4,2007,
530,Villa,Toften 11,7200, Grindsted,695000 ,24-10-2005,Alm. Salg,128,5430,5,1976,
530,Villa,Engsøparken 177,7200, Grindsted,775000 ,24-10-2005,Alm. Salg,248,3125,5,2007,
530,Villa,Engsøparken 179,7200, Grindsted,800000 ,24-10-2005,Alm. Salg,222,3604,6,2008,
530,Villa,Sydtoften 273,7200, Grindsted,1325000 ,23-10-2005,Alm. Salg,118,11229,4,2006,
530,Villa,Stationsvej 14,7200, Grindsted,435000 ,23-10-2005,Alm. Salg,98,4439,4,1974,
530,Rækkehus,Lysningen 22,7190, Billund,910000 ,21-10-2005,Alm. Salg,95,9579,4,1987,
530,Ejerlejlighed,"Grønningen 17, 1. th",7200, Grindsted,550000 ,20-10-2005,Alm. Salg,88,6250,3,1968,
530,Villa,Solsortvej 11,7190, Billund,585000 ,19-10-2005,Alm. Salg,83,7048,4,1960,
530,Villa,Bækkevej 1,6623, Vorbasse,710000 ,18-10-2005,Alm. Salg,198,3586,7,1945,
530,Villa,Utoftvej 13,7200, Grindsted,1450000 ,18-10-2005,Alm. Salg,194,7474,5,1995,
530,Villa,Engvangen 5,7200, Grindsted,935000 ,18-10-2005,Alm. Salg,159,5881,6,1985,
530,Villa,Egeparken 9,7260, Sønder Omme,177360 ,17-10-2005,Alm. Salg,131,1354,2,2006,
530,Villa,Tingstedet 43,7190, Billund,1585000 ,17-10-2005,Alm. Salg,144,11007,6,1994,
530,Villa,Hovedgaden 58,7190, Billund,675000 ,17-10-2005,Alm. Salg,108,6250,5,1950,
530,Villa,Refshøjvej 27,7200, Grindsted,1000000 ,17-10-2005,Alm. Salg,291,3436,7,1925,
530,Villa,Postgade 12,7200, Grindsted,895000 ,17-10-2005,Alm. Salg,148,6047,6,1955,
530,Rækkehus,Prærien 44,7200, Grindsted,935000 ,16-10-2005,Alm. Salg,101,9257,4,1984,
530,Villa,Gilbjergvej 43,7250, Hejnsvig,564158 ,16-10-2005,Fam. Salg,141,4001,5,1927,
530,Villa,Nollundvej 191,7200, Grindsted,748000 ,14-10-2005,Alm. Salg,132,5667,4,1902,
530,Villa,Skovparken 404,7190, Billund,836600 ,13-10-2005,Alm. Salg,246,3401,6,1965,
530,Villa,Glentevej 18,7200, Grindsted,2225000 ,13-10-2005,Alm. Salg,173,11528,5,1963,
530,Villa,Grindsted Landevej 70,7200, Grindsted,325000 ,13-10-2005,Alm. Salg,108,3009,3,1940,
530,Rækkehus,Søndre Boulevard 339,7200, Grindsted,933000 ,12-10-2005,Alm. Salg,103,9058,4,1988,
530,Villa,Vestervang 44,7190, Billund,1195000 ,12-10-2005,Alm. Salg,156,7660,5,1986,
530,Villa,Kastanie Alle 1,7200, Grindsted,1225000 ,12-10-2005,Alm. Salg,138,8877,4,1942,
530,Villa,Lillevang 55,7190, Billund,189000 ,10-10-2005,Alm. Salg,140,1350,4,2006,
530,Rækkehus,Sønderkær 409A,7190, Billund,342498 ,09-10-2005,Alm. Salg,77,4448,3,1986,
530,Villa,Kirkevej 16,7250, Hejnsvig,700000 ,09-10-2005,Alm. Salg,193,3627,7,1956,
530,Villa,Juellingsholmsvej 24,7200, Grindsted,775000 ,09-10-2005,Alm. Salg,263,2947,8,1951,
530,Villa,Teglgaardsvej 20,7200, Grindsted,550000 ,05-10-2005,Fam. Salg,138,3986,5,1947,
530,Villa,Toftegårdsvej 4,7200, Grindsted,720000 ,05-10-2005,Alm. Salg,127,5669,6,1962,
530,Villa,Dalsøvej 59,7200, Grindsted,625000 ,04-10-2005,Alm. Salg,97,6443,4,1976,
530,Villa,Lillevang 53,7190, Billund,233360 ,04-10-2005,Alm. Salg,148,1577,6,2007,
530,Villa,Grindstedvej 30,7260, Sønder Omme,610000 ,29-09-2005,Alm. Salg,102,5980,4,1965,
530,Villa,Hovedgaden 54,7190, Billund,685000 ,29-09-2005,Alm. Salg,88,7784,3,1951,
530,Villa,Mosegårdsvej 2,7200, Grindsted,1390000 ,29-09-2005,Alm. Salg,202,6881,5,1941,
530,Villa,Kærvej 127,7190, Billund,1385000 ,29-09-2005,Alm. Salg,230,6022,7,1975,
530,Villa,Rønnebærvej 4,7200, Grindsted,925000 ,28-09-2005,Alm. Salg,94,9840,4,1969,
530,Villa,Søgårdparken 8,7250, Hejnsvig,202700 ,28-09-2005,Alm. Salg,165,1228,4,2007,
530,Villa,Havrevænget 18,7200, Grindsted,790000 ,28-09-2005,Alm. Salg,143,5524,4,1962,
530,Villa,Slagterivej 12,7200, Grindsted,319939 ,28-09-2005,Alm. Salg,155,2064,6,1947,
530,Villa,Fittingvej 15,6623, Vorbasse,1200000 ,28-09-2005,Alm. Salg,193,6218,6,1897,
530,Villa,Grindstedvej 45,7260, Sønder Omme,1875000 ,28-09-2005,Alm. Salg,268,6996,7,1995,
530,Villa,Grindstedvej 58,7260, Sønder Omme,575000 ,26-09-2005,Alm. Salg,123,4675,4,1933,
530,Villa,Rosengårdsvej 4,7250, Hejnsvig,394058 ,26-09-2005,Alm. Salg,187,2107,7,1973,
530,Villa,Mossøvej 8,7200, Grindsted,1375000 ,26-09-2005,Alm. Salg,149,9228,7,1973,
530,Villa,Højene 22,7250, Hejnsvig,675000 ,26-09-2005,Alm. Salg,151,4470,5,1970,
530,Rækkehus,Sønderkær 469,7190, Billund,660000 ,25-09-2005,Alm. Salg,82,8049,3,1982,
530,Villa,Amtsvejen 5,7200, Grindsted,950000 ,25-09-2005,Alm. Salg,179,5307,4,1960,
530,Villa,Nørrevej 9,7200, Grindsted,575000 ,25-09-2005,Alm. Salg,108,5324,4,1977,
530,Villa,Åhavevej 26,7200, Grindsted,600000 ,24-09-2005,Andet,179,3352,5,1972,
530,Rækkehus,Sydtoften 153,7200, Grindsted,875000 ,22-09-2005,Alm. Salg,87,10057,3,1984,
530,Villa,Stationsvej 23,7200, Grindsted,490000 ,22-09-2005,Alm. Salg,131,3740,6,1963,
530,Villa,Tranebærvej 8,7200, Grindsted,1025000 ,22-09-2005,Fam. Salg,105,9762,4,1965,
530,Villa,Vandmosevej 22B,6623, Vorbasse,2300000 ,22-09-2005,Alm. Salg,146,15753,5,1961,
530,Villa,Gammel Vejlevej 12,7200, Grindsted,595000 ,21-09-2005,Alm. Salg,58,10259,2,1947,
530,Rækkehus,Grønningen 30,7190, Billund,640000 ,20-09-2005,Alm. Salg,71,9014,2,1988,
530,Villa,Toften 11,7190, Billund,985000 ,20-09-2005,Fam. Salg,156,6314,5,1971,
530,Villa,Rugvænget 10,7200, Grindsted,1400000 ,20-09-2005,Alm. Salg,154,9091,4,1962,
530,Villa,Gilbjergvej 4,6623, Vorbasse,3500000 ,19-09-2005,Alm. Salg,280,12500,7,1954,
530,Villa,Herningvej 11,7260, Sønder Omme,775000 ,19-09-2005,Alm. Salg,87,8908,5,1951,
530,Villa,Ribersvej 160,7200, Grindsted,998000 ,17-09-2005,Alm. Salg,121,8248,4,1980,
530,Villa,Farvergade 13,7260, Sønder Omme,1550000 ,16-09-2005,Alm. Salg,220,7045,6,1859,
530,Villa,Nollundvej 164,7200, Grindsted,1050000 ,15-09-2005,Alm. Salg,243,4321,6,1922,
530,Villa,Sorgenfrivej 1,6623, Vorbasse,240000 ,15-09-2005,Alm. Salg,192,1250,6,2007,
530,Villa,Grindsted Landevej 89,7200, Grindsted,590000 ,14-09-2005,Alm. Salg,135,4370,6,1934,
530,Villa,Søgårdparken 10,7250, Hejnsvig,159000 ,14-09-2005,Alm. Salg,190,837,5,2006,
530,Villa,Lillevang 57,7190, Billund,1685000 ,13-09-2005,Alm. Salg,178,9466,7,2003,
530,Villa,Sønderkær 267,7190, Billund,1130000 ,13-09-2005,Alm. Salg,148,7635,5,1979,
530,Villa,Fyrrevænget 416,7190, Billund,895000 ,13-09-2005,Alm. Salg,123,7276,4,1970,
530,Villa,Knudsøvej 1,7200, Grindsted,1145000 ,11-09-2005,Alm. Salg,138,8297,5,1974,
530,Villa,Engsøparken 47,7200, Grindsted,320000 ,11-09-2005,Alm. Salg,164,1951,5,2006,
530,Villa,Søndervold 156,7200, Grindsted,2895000 ,10-09-2005,Alm. Salg,199,14548,7,2001,
530,Villa,Mølleparken 364,7190, Billund,1100000 ,09-09-2005,Alm. Salg,120,9167,4,1984,
530,Villa,Krarupvej 5,7200, Grindsted,645000 ,09-09-2005,Alm. Salg,130,4962,4,1965,
530,Villa,Østergade 7,6623, Vorbasse,374000 ,08-09-2005,Fam. Salg,142,2634,4,1904,
530,Rækkehus,Sønderkær 477,7190, Billund,840000 ,06-09-2005,Alm. Salg,100,8400,5,1986,
530,Villa,Glentevej 32,7200, Grindsted,630000 ,06-09-2005,Alm. Salg,79,7975,3,1958,
530,Villa,Stenvej 11,7200, Grindsted,1655000 ,06-09-2005,Alm. Salg,236,7013,6,1969,
530,Rækkehus,Jørgen Glavinds Vej 38,7200, Grindsted,575000 ,05-09-2005,Alm. Salg,71,8099,4,1956,
530,Villa,Grindstedvej 28,7190, Billund,392500 ,05-09-2005,Alm. Salg,157,2500,6,1942,
530,Villa,Gilbjergvej 28,7250, Hejnsvig,517055 ,04-09-2005,Alm. Salg,187,2765,6,1872,
530,Villa,Lillevang 75,7190, Billund,272510 ,04-09-2005,Alm. Salg,199,1369,5,2008,
530,Villa,Sydtoften 289,7200, Grindsted,1325000 ,02-09-2005,Alm. Salg,118,11229,4,2005,
530,Villa,Gilbjergvej 27,7250, Hejnsvig,550000 ,02-09-2005,Alm. Salg,155,3548,5,1918,
530,Villa,Svinget 13,7200, Grindsted,895000 ,01-09-2005,Alm. Salg,90,9944,3,1952,
530,Villa,Elkærskovvej 5,7190, Billund,223884 ,01-09-2005,Alm. Salg,151,1483,5,1985,
530,Villa,Kærvej 119,7190, Billund,557912 ,31-08-2005,Alm. Salg,147,3795,4,1972,
530,Villa,Sorgenfrivej 3,6623, Vorbasse,250000 ,31-08-2005,Alm. Salg,250,1000,8,2008,
530,Villa,Gammel Bøvlvej 37,7260, Sønder Omme,695000 ,31-08-2005,Alm. Salg,144,4826,5,1961,
530,Villa,Vejlevej 39,7260, Sønder Omme,215000 ,29-08-2005,Alm. Salg,90,2389,3,1952,
530,Villa,Højvangsvej 22,7260, Sønder Omme,952000 ,29-08-2005,Auktion,255,3733,6,2002,
530,Villa,Engsøparken 45,7200, Grindsted,330000 ,29-08-2005,Alm. Salg,163,2025,4,2006,
530,Villa,Ølandsvej 5,7200, Grindsted,1095000 ,28-08-2005,Alm. Salg,142,7711,5,1971,
530,Villa,Flintemarken 7,7190, Billund,1037500 ,28-08-2005,Alm. Salg,116,8944,4,1988,
530,Villa,Sønderkær 218,7190, Billund,1150000 ,28-08-2005,Alm. Salg,169,6805,7,1977,
530,Villa,Søndergade 33,6623, Vorbasse,1450000 ,26-08-2005,Alm. Salg,222,6532,6,1947,
530,Villa,Vinkelvej 2,7250, Hejnsvig,500000 ,25-08-2005,Alm. Salg,81,6173,3,1947,
530,Rækkehus,Lysningen 24,7190, Billund,880000 ,24-08-2005,Alm. Salg,95,9263,4,1987,
530,Villa,Vibes Alle 8,7200, Grindsted,510000 ,24-08-2005,Alm. Salg,113,4513,3,1930,
530,Villa,Elkærskovvej 5,7190, Billund,403854 ,24-08-2005,Alm. Salg,151,2675,5,1985,
530,Villa,Vejlevej 42,7260, Sønder Omme,655000 ,23-08-2005,Alm. Salg,135,4852,4,1942,
530,Villa,Abildvej 17,7200, Grindsted,528000 ,23-08-2005,Alm. Salg,167,3162,6,1972,
530,Villa,Tingstedet 91,7190, Billund,1495000 ,22-08-2005,Alm. Salg,152,9836,6,1998,
530,Villa,Elkærskovvej 5,7190, Billund,249627 ,22-08-2005,Alm. Salg,151,1653,5,1985,
530,Villa,Søgårdparken 4,7250, Hejnsvig,177700 ,22-08-2005,Alm. Salg,142,1251,4,2007,
530,Villa,Syrenvej 4,7200, Grindsted,615000 ,21-08-2005,Alm. Salg,92,6685,4,1960,
530,Villa,Bækkevej 30,6623, Vorbasse,900000 ,21-08-2005,Alm. Salg,144,6250,5,2006,
530,Villa,Nebelvej 15,6623, Vorbasse,745000 ,21-08-2005,Alm. Salg,97,7680,4,1953,
530,Villa,Nebelvej 31,6623, Vorbasse,1300000 ,21-08-2005,Alm. Salg,228,5702,6,1910,
530,Villa,Jyllandsgade 6,7200, Grindsted,1120000 ,21-08-2005,Alm. Salg,105,10667,4,1948,
530,Villa,Egevænget 105,7190, Billund,1150000 ,18-08-2005,Alm. Salg,147,7823,4,1972,
530,Villa,Søndervang 9,7200, Grindsted,275000 ,18-08-2005,Alm. Salg,132,2083,4,1958,
530,Villa,Simmelvej 9,7260, Sønder Omme,1630000 ,17-08-2005,Alm. Salg,129,12636,3,1936,
530,Villa,Egevænget 207,7190, Billund,1125000 ,17-08-2005,Alm. Salg,181,6215,6,1972,
530,Villa,Egevej 15,7260, Sønder Omme,625000 ,15-08-2005,Alm. Salg,136,4596,5,1965,
530,Villa,Havrevænget 12,7200, Grindsted,795000 ,15-08-2005,Alm. Salg,78,10192,3,1962,
530,Villa,Fynsgade 66,7200, Grindsted,1360000 ,15-08-2005,Alm. Salg,171,7953,5,1964,
530,Villa,Dalsøvej 63,7200, Grindsted,1035000 ,14-08-2005,Alm. Salg,143,7238,6,1977,
530,Villa,Elmelunden 111,7190, Billund,1125000 ,14-08-2005,Alm. Salg,103,10922,4,1963,
530,Villa,Krarupvej 6,7200, Grindsted,450000 ,14-08-2005,Alm. Salg,112,4018,4,1946,
530,Villa,Søndervold 248,7200, Grindsted,310000 ,11-08-2005,Alm. Salg,155,2000,5,2007,
530,Villa,Toften 3,7200, Grindsted,150000 ,07-08-2005,Alm. Salg,156,962,5,1967,
530,Villa,Mølleparken 204,7190, Billund,915000 ,04-08-2005,Alm. Salg,125,7320,4,1975,
530,Villa,Lillevang 63,7190, Billund,276830 ,03-08-2005,Alm. Salg,182,1521,6,2006,
530,Villa,Søvangvej 26,7200, Grindsted,825000 ,02-08-2005,Fam. Salg,326,2531,7,1937,
530,Villa,Søndermarksvej 114,7190, Billund,670000 ,31-07-2005,Alm. Salg,127,5276,5,1969,
530,Villa,Nyvej 1B,7250, Hejnsvig,629000 ,31-07-2005,Fam. Salg,123,5114,4,1985,
530,Villa,Nebelvej 33A,6623, Vorbasse,200000 ,31-07-2005,Fam. Salg,239,837,8,2007,
530,Rækkehus,Grønningen 28,7190, Billund,630000 ,29-07-2005,Alm. Salg,71,8873,2,1988,
530,Villa,Sønderhedevej 3,7200, Grindsted,1045000 ,29-07-2005,Alm. Salg,150,6967,4,1972,
530,Villa,Hasselvej 4,7260, Sønder Omme,745000 ,24-07-2005,Alm. Salg,204,3652,8,1968,
530,Villa,Tårngade 1,6623, Vorbasse,475000 ,24-07-2005,Alm. Salg,99,4798,3,1911,
530,Villa,Sønderkær 211,7190, Billund,1325000 ,24-07-2005,Alm. Salg,174,6726,7,1978,
530,Villa,Refshøjvej 64,7250, Hejnsvig,1345000 ,23-07-2005,Alm. Salg,278,4838,11,1800,
530,Villa,Vestervej 9,7200, Grindsted,995000 ,22-07-2005,Alm. Salg,176,5653,5,1934,
530,Villa,Dalbo 12,7200, Grindsted,925000 ,21-07-2005,Alm. Salg,149,6208,5,1978,
530,Villa,Flintemarken 16,7190, Billund,1436000 ,20-07-2005,Alm. Salg,140,10257,5,1993,
530,Villa,Markskellet 88,7190, Billund,1260000 ,19-07-2005,Alm. Salg,148,8514,5,1987,
530,Villa,Nebelvej 8,6623, Vorbasse,640000 ,19-07-2005,Alm. Salg,174,3678,5,1939,
530,Villa,Engsøparken 57,7200, Grindsted,2867507 ,18-07-2005,Fam. Salg,258,11114,6,2000,
530,Villa,Gammel Bøvlvej 31,7260, Sønder Omme,375000 ,17-07-2005,Alm. Salg,159,2358,5,1949,
530,Villa,Ågeslundvej 1,7200, Grindsted,978739 ,17-07-2005,Fam. Salg,190,5151,6,1975,
530,Villa,Markskellet 30,7190, Billund,441250 ,17-07-2005,Andet,100,4413,5,1987,
530,Villa,Søndervang 20,7200, Grindsted,1635000 ,17-07-2005,Alm. Salg,197,8299,7,1992,
530,Villa,Sønderkær 381,7190, Billund,995000 ,16-07-2005,Alm. Salg,185,5378,8,1985,
530,Villa,Dalsvinget 44,7200, Grindsted,476363 ,15-07-2005,Andet,149,3197,5,1976,
530,Villa,Hovedgaden 30,7260, Sønder Omme,322218 ,14-07-2005,Alm. Salg,153,1652,5,1913,
530,Villa,Tingstedet 115,7190, Billund,1880000 ,13-07-2005,Alm. Salg,180,10444,6,1997,
530,Villa,Engsøparken 111,7200, Grindsted,1410000 ,13-07-2005,Alm. Salg,122,11557,3,2003,
530,Villa,Primulavej 2,7200, Grindsted,600000 ,12-07-2005,Alm. Salg,111,5405,4,1962,
530,Villa,Engsøparken 1,7200, Grindsted,131000 ,11-07-2005,Fam. Salg,160,819,5,2006,
530,Villa,Østergade 13,6623, Vorbasse,655000 ,11-07-2005,Alm. Salg,166,3946,7,1951,
530,Ejerlejlighed,"Grønningen 21, 2. tv",7200, Grindsted,445000 ,07-07-2005,Alm. Salg,76,5855,2,1968,
530,Ejerlejlighed,"Grønningen 3, 2. tv",7200, Grindsted,485000 ,07-07-2005,Alm. Salg,88,5511,3,1967,
530,Villa,Egevænget 111,7190, Billund,850000 ,07-07-2005,Alm. Salg,124,6855,4,1972,
530,Villa,Engvangen 12,7200, Grindsted,750000 ,06-07-2005,Alm. Salg,130,5769,5,1977,
530,Villa,Nørremarksvej 28,7200, Grindsted,910000 ,06-07-2005,Alm. Salg,129,7054,5,1928,
530,Villa,Gammel Bøvlvej 43,7260, Sønder Omme,860000 ,05-07-2005,Alm. Salg,131,6565,5,1965,
530,Villa,Håndværkervej 3,6623, Vorbasse,1250000 ,05-07-2005,Alm. Salg,209,5981,7,1978,
530,Villa,Engsøparken 151,7200, Grindsted,500000 ,05-07-2005,Alm. Salg,195,2564,6,2007,
530,Villa,Torvegade 7,7250, Hejnsvig,1400000 ,05-07-2005,Alm. Salg,108,12963,4,1965,
530,Villa,Gyvelvænget 18,7200, Grindsted,240000 ,04-07-2005,Alm. Salg,164,1463,5,2006,
530,Villa,Engsøparken 145,7200, Grindsted,490000 ,03-07-2005,Alm. Salg,176,2784,4,2007,
530,Villa,Birkevej 7,7260, Sønder Omme,975000 ,01-07-2005,Alm. Salg,137,7117,5,1971,
530,Rækkehus,Søndre Boulevard 337,7200, Grindsted,740000 ,30-06-2005,Alm. Salg,83,8916,3,1988,
530,Villa,Sønderkær 114,7190, Billund,1165000 ,30-06-2005,Alm. Salg,166,7018,5,1977,
530,Villa,Rogusavej 4,7250, Hejnsvig,995000 ,29-06-2005,Alm. Salg,229,4345,7,1970,
530,Villa,Møllevænget 21,7190, Billund,552500 ,29-06-2005,Fam. Salg,110,5023,4,1964,
530,Villa,"Søndermarksvej 202A, st. th",7190, Billund,1620000 ,29-06-2005,Alm. Salg,138,11739,4,1975,
530,Rækkehus,Markskellet 20,7190, Billund,890000 ,28-06-2005,Alm. Salg,95,9368,3,1988,
530,Villa,Tingstedet 49,7190, Billund,1772551 ,28-06-2005,Alm. Salg,197,8998,6,1994,
530,Villa,Bredgade 81,7250, Hejnsvig,200000 ,27-06-2005,Alm. Salg,164,1220,5,1951,
530,Villa,Solbakken 3,7260, Sønder Omme,510000 ,26-06-2005,Alm. Salg,150,3400,5,2021,
530,Villa,Jernbanegade 21,7200, Grindsted,2225000 ,26-06-2005,Alm. Salg,396,5619,12,1919,
530,Villa,Ågeslundvej 28,7200, Grindsted,1095000 ,26-06-2005,Alm. Salg,172,6366,5,1976,
530,Villa,Skovvang 7,7260, Sønder Omme,540000 ,24-06-2005,Alm. Salg,173,3121,5,1953,
530,Rækkehus,Lærkevang 16B,7200, Grindsted,975000 ,23-06-2005,Alm. Salg,80,12188,3,1999,
530,Rækkehus,Søndre Boulevard 373,7200, Grindsted,830000 ,23-06-2005,Alm. Salg,88,9432,3,1986,
530,Villa,Nørrevej 20,7200, Grindsted,425000 ,23-06-2005,Alm. Salg,104,4087,4,1970,
530,Villa,Enevej 6,7200, Grindsted,1375000 ,23-06-2005,Alm. Salg,136,10110,4,1987,
530,Villa,Havrevænget 33,7200, Grindsted,723500 ,23-06-2005,Alm. Salg,132,5481,5,1962,
530,Ejerlejlighed,"Grønningen 21, 2. th",7200, Grindsted,585000 ,22-06-2005,Alm. Salg,100,5850,4,1968,
530,Villa,Tranevej 16,7200, Grindsted,1250000 ,21-06-2005,Alm. Salg,187,6684,8,1976,
530,Villa,Almstokvej 29,6623, Vorbasse,920000 ,21-06-2005,Alm. Salg,148,6216,5,1936,
530,Villa,Lærkevang 4,7200, Grindsted,995000 ,21-06-2005,Alm. Salg,95,10474,5,1950,
530,Villa,Nyvej 17,7250, Hejnsvig,250000 ,21-06-2005,Alm. Salg,69,3623,4,1933,
530,Villa,Solsortvej 12,7200, Grindsted,585000 ,20-06-2005,Alm. Salg,111,5270,4,1956,
530,Villa,Søllingdalvej 80,7250, Hejnsvig,820976 ,20-06-2005,Alm. Salg,152,5401,5,1977,
530,Villa,Dalagervej 15,6623, Vorbasse,317715 ,20-06-2005,Alm. Salg,234,1358,6,2006,
530,Villa,Jyllandsgade 5,7200, Grindsted,1025000 ,19-06-2005,Alm. Salg,127,8071,5,1952,
530,Villa,Toften 17,7200, Grindsted,530000 ,17-06-2005,Alm. Salg,113,4690,4,1974,
530,Villa,"Solbakken 6, st",7260, Sønder Omme,1195000 ,16-06-2005,Alm. Salg,230,5196,6,1925,
530,Villa,Sønderkær 178,7190, Billund,1250000 ,16-06-2005,Alm. Salg,139,8993,4,1977,
530,Villa,Stationsvej 17,7200, Grindsted,690000 ,16-06-2005,Alm. Salg,99,6970,3,1960,
530,Villa,Mølleparken 324,7190, Billund,927000 ,14-06-2005,Alm. Salg,103,9000,4,1981,
530,Villa,Egeparken 21,7260, Sønder Omme,1450000 ,12-06-2005,Alm. Salg,157,9236,5,2000,
530,Villa,Møllebakken 3,7250, Hejnsvig,995000 ,12-06-2005,Alm. Salg,173,5751,5,1900,
530,Villa,Anemonevej 3,7200, Grindsted,750000 ,09-06-2005,Alm. Salg,195,3846,5,1961,
530,Villa,Tårngade 3,6623, Vorbasse,725000 ,09-06-2005,Alm. Salg,109,6651,4,1928,
530,Villa,Vesterhedevej 38,7250, Hejnsvig,525000 ,09-06-2005,Alm. Salg,103,5097,5,1923,
530,Villa,Solbakken 7,7260, Sønder Omme,502000 ,08-06-2005,Alm. Salg,125,4016,4,1977,
530,Villa,Tingstedet 72,7190, Billund,1575000 ,08-06-2005,Alm. Salg,169,9320,6,1997,
530,Villa,Lærkevang 6,7200, Grindsted,950000 ,07-06-2005,Alm. Salg,109,8716,3,1931,
530,Villa,Nyvej 14,7250, Hejnsvig,655000 ,07-06-2005,Alm. Salg,120,5458,4,1949,
530,Villa,Løvlundvej 17,7250, Hejnsvig,230000 ,06-06-2005,Alm. Salg,202,1139,10,1964,
530,Villa,Lillevang 24,7190, Billund,326716 ,05-06-2005,Alm. Salg,175,1867,6,2006,
530,Villa,Lillevang 73,7190, Billund,309843 ,02-06-2005,Alm. Salg,182,1702,5,2008,
530,Villa,Tingstedet 2,7190, Billund,1580000 ,01-06-2005,Alm. Salg,160,9875,6,1996,
530,Villa,Grindstedvej 24,7260, Sønder Omme,450000 ,31-05-2005,Alm. Salg,107,4206,3,1939,
530,Villa,Birksøvej 3,7200, Grindsted,420000 ,31-05-2005,Fam. Salg,136,3088,5,1974,
530,Villa,Herningvej 12,7260, Sønder Omme,645000 ,31-05-2005,Alm. Salg,97,6649,2,1946,
530,Villa,Østergade 47,6623, Vorbasse,2190000 ,31-05-2005,Alm. Salg,220,9955,7,2003,
530,Villa,Søgårdvej 62,7250, Hejnsvig,975000 ,30-05-2005,Alm. Salg,142,6866,5,1986,
530,Villa,Lupinvænget 28,7200, Grindsted,547500 ,29-05-2005,Alm. Salg,87,6293,2,1963,
530,Villa,Gammel Bøvlvej 18,7260, Sønder Omme,430000 ,29-05-2005,Alm. Salg,106,4057,4,1920,
530,Villa,Postgade 1,7200, Grindsted,530000 ,29-05-2005,Alm. Salg,103,5146,4,1965,
530,Villa,Søgårdvej 73,7250, Hejnsvig,830000 ,28-05-2005,Alm. Salg,141,5887,5,1979,
530,Rækkehus,Søndervold 56,7200, Grindsted,1175000 ,26-05-2005,Alm. Salg,104,11298,2,2005,
530,Villa,Kirkebyvej 91,7260, Sønder Omme,1575000 ,26-05-2005,Alm. Salg,187,8422,6,1872,
530,Villa,Knudsøvej 1,7200, Grindsted,550000 ,26-05-2005,Alm. Salg,138,3986,5,1974,
530,Villa,Grindstedvej 11,7260, Sønder Omme,360241 ,25-05-2005,Alm. Salg,100,3602,3,1936,
530,Villa,Engsøparken 143,7200, Grindsted,390000 ,25-05-2005,Alm. Salg,191,2042,5,2006,
530,Rækkehus,Rønnebærvej 27,7200, Grindsted,695000 ,24-05-2005,Alm. Salg,86,8081,4,1967,
530,Villa,Rosengårdsvej 6,7250, Hejnsvig,1065000 ,24-05-2005,Alm. Salg,151,7053,4,1975,
530,Villa,Løvlundvej 14,7190, Billund,1450000 ,24-05-2005,Alm. Salg,246,5894,9,1973,
530,Villa,Dalsvinget 52,7200, Grindsted,995000 ,24-05-2005,Alm. Salg,152,6546,6,1977,
530,Villa,Solbakken 33,7260, Sønder Omme,900000 ,20-05-2005,Alm. Salg,139,6475,6,1976,
530,Villa,Ribersvej 34,7200, Grindsted,567002 ,19-05-2005,Fam. Salg,171,3316,6,1978,
530,Villa,Engsøparken 139,7200, Grindsted,1975000 ,18-05-2005,Alm. Salg,170,11618,6,2005,
530,Villa,Nyvej 4,7250, Hejnsvig,675000 ,18-05-2005,Alm. Salg,102,6618,4,1960,
530,Villa,Lillevang 51,7190, Billund,237140 ,17-05-2005,Alm. Salg,151,1570,6,2005,
530,Rækkehus,Svinget 15,7200, Grindsted,965000 ,12-05-2005,Alm. Salg,117,8248,3,0,
530,Villa,Anemonevej 1,7200, Grindsted,1375000 ,12-05-2005,Alm. Salg,116,11853,3,1964,
530,Villa,Plougstrupvej 9,7200, Grindsted,350000 ,12-05-2005,Alm. Salg,199,1759,5,1900,
530,Villa,Nebelvej 46,6623, Vorbasse,575000 ,12-05-2005,Alm. Salg,106,5425,4,1976,
530,Villa,Dalsvinget 31,7200, Grindsted,1085000 ,12-05-2005,Alm. Salg,138,7862,4,1977,
530,Villa,Grindstedvej 66,7260, Sønder Omme,357128 ,11-05-2005,Alm. Salg,213,1677,6,1937,
530,Villa,Grindstedvej 45,7260, Sønder Omme,730000 ,11-05-2005,Alm. Salg,268,2724,7,1995,
530,Villa,Vestervang 4,7190, Billund,600000 ,10-05-2005,Andet,140,4286,5,1987,
530,Villa,Lupinvænget 20,7200, Grindsted,750000 ,09-05-2005,Alm. Salg,148,5068,6,1963,
530,Villa,Lyngvej 14,7200, Grindsted,950000 ,09-05-2005,Alm. Salg,122,7787,5,1967,
530,Rækkehus,Sønderkær 487,7190, Billund,665000 ,08-05-2005,Alm. Salg,77,8636,3,1983,
530,Villa,Søndervold 145,7200, Grindsted,2045900 ,08-05-2005,Alm. Salg,170,12035,6,2004,
530,Villa,Løkkegårdsvej 2,7190, Billund,1075000 ,08-05-2005,Alm. Salg,201,5348,6,1889,
530,Villa,Nollundvej 163,7200, Grindsted,565000 ,07-05-2005,Alm. Salg,128,4414,3,1957,
530,Villa,Toften 3,7200, Grindsted,1150000 ,07-05-2005,Alm. Salg,156,7372,5,1967,
530,Villa,Sydtoften 291,7200, Grindsted,1290000 ,05-05-2005,Alm. Salg,118,10932,4,2005,
530,Villa,Daugårdvej 42,7250, Hejnsvig,117793 ,05-05-2005,Alm. Salg,98,1202,4,1956,
530,Villa,Mølleparken 372,7190, Billund,862000 ,04-05-2005,Alm. Salg,120,7183,4,1981,
530,Villa,Abildvej 7,7200, Grindsted,895000 ,03-05-2005,Alm. Salg,135,6630,5,1972,
530,Villa,Søllingdalvej 74,7250, Hejnsvig,695000 ,02-05-2005,Alm. Salg,112,6205,4,1977,
530,Villa,Bøvlvej 176,7260, Sønder Omme,1140000 ,02-05-2005,Alm. Salg,148,7703,6,1978,
530,Villa,Tårngade 8,6623, Vorbasse,750000 ,01-05-2005,Alm. Salg,191,3927,6,1930,
530,Villa,Tingstedet 50,7190, Billund,1520000 ,29-04-2005,Alm. Salg,156,9744,7,1995,
530,Villa,Sønderhedevej 7A,6623, Vorbasse,550000 ,28-04-2005,Alm. Salg,105,5238,4,1938,
530,Villa,Toften 8,7200, Grindsted,865000 ,28-04-2005,Alm. Salg,171,5058,6,1977,
530,Villa,Fromssejervej 14,6623, Vorbasse,500000 ,27-04-2005,Alm. Salg,127,3937,4,1948,
530,Villa,Ribersvej 168,7200, Grindsted,1095000 ,27-04-2005,Alm. Salg,147,7449,5,1980,
530,Villa,Almstokvej 17,7190, Billund,900000 ,26-04-2005,Alm. Salg,170,5294,6,1954,
530,Villa,Fittingvej 36,6623, Vorbasse,1645000 ,26-04-2005,Alm. Salg,269,6115,5,1907,
530,Villa,Grindsted Landevej 12,7200, Grindsted,660000 ,25-04-2005,Alm. Salg,97,6804,5,1942,
530,Villa,Stadion Alle 6,7260, Sønder Omme,2000000 ,24-04-2005,Alm. Salg,146,13699,5,1963,
530,Villa,Ravnsøvej 7,7200, Grindsted,1090000 ,24-04-2005,Alm. Salg,169,6450,5,1974,
530,Villa,Søllingdalvej 24,7250, Hejnsvig,700000 ,24-04-2005,Alm. Salg,124,5645,5,1976,
530,Villa,Primulavej 13,7200, Grindsted,850000 ,21-04-2005,Fam. Salg,181,4696,5,1964,
530,Villa,Hovedgaden 73,7260, Sønder Omme,660000 ,20-04-2005,Alm. Salg,121,5455,3,1960,
530,Villa,Søndervang 14,7200, Grindsted,1300000 ,20-04-2005,Alm. Salg,158,8228,5,1994,
530,Villa,Nørre Alle 3,7200, Grindsted,725000 ,19-04-2005,Alm. Salg,98,7398,4,1931,
530,Villa,Dalsøvej 183,7200, Grindsted,950000 ,19-04-2005,Alm. Salg,155,6129,6,1981,
530,Ejerlejlighed,"Grønningen 3, 1. mf",7200, Grindsted,255000 ,18-04-2005,Alm. Salg,41,6220,1,1967,
530,Villa,Dalsøvej 49,7200, Grindsted,775000 ,18-04-2005,Alm. Salg,110,7045,4,1975,
530,Villa,Dalsøvej 167,7200, Grindsted,1070000 ,18-04-2005,Andet,120,8917,5,1986,
530,Villa,Bygvænget 35,7200, Grindsted,975000 ,18-04-2005,Alm. Salg,181,5387,6,1962,
530,Villa,Rolighedsvej 11,6623, Vorbasse,163009 ,17-04-2005,Fam. Salg,145,1124,5,2006,
530,Villa,Sønderkær 357,7190, Billund,2150000 ,14-04-2005,Alm. Salg,194,11082,5,1984,
530,Villa,Østre Alle 14,7200, Grindsted,745000 ,14-04-2005,Alm. Salg,105,7095,4,1932,
530,Villa,Fitting Stationsvej 1,6623, Vorbasse,975000 ,14-04-2005,Alm. Salg,236,4131,8,1912,
530,Villa,Filsøvej 3,7200, Grindsted,1015000 ,13-04-2005,Alm. Salg,140,7250,5,1973,
530,Villa,Billundvej 6,7250, Hejnsvig,1040000 ,12-04-2005,Alm. Salg,187,5561,7,1961,
530,Villa,Sydtoften 281,7200, Grindsted,1325000 ,12-04-2005,Alm. Salg,118,11229,4,2005,
530,Villa,Stationsvej 21,7200, Grindsted,545000 ,11-04-2005,Alm. Salg,105,5190,4,1963,
530,Villa,Gammel Hejnsvigvej 13,7190, Billund,670000 ,11-04-2005,Alm. Salg,104,6442,4,1961,
530,Villa,Lupinvænget 12,7200, Grindsted,367500 ,10-04-2005,Fam. Salg,84,4375,3,1964,
530,Villa,Egeparken 21,7260, Sønder Omme,1650000 ,10-04-2005,Alm. Salg,157,10510,5,2000,
530,Villa,Sønderkær 259,7190, Billund,1280000 ,10-04-2005,Alm. Salg,179,7151,6,1979,
530,Villa,Dalsøvej 145,7200, Grindsted,1185000 ,08-04-2005,Alm. Salg,190,6237,5,1995,
530,Villa,Parkvej 28,6623, Vorbasse,820000 ,07-04-2005,Alm. Salg,116,7069,4,1976,
530,Villa,Blichersvej 9,7200, Grindsted,805000 ,06-04-2005,Alm. Salg,113,7124,2,1948,
530,Villa,Havrevænget 17,7200, Grindsted,740000 ,05-04-2005,Alm. Salg,92,8043,4,1962,
530,Villa,Storegade 62,7200, Grindsted,425000 ,05-04-2005,Alm. Salg,128,3320,4,1938,
530,Villa,Sønderkær 205,7190, Billund,1048000 ,05-04-2005,Alm. Salg,118,8881,4,1977,
530,Villa,Egeparken 20,7260, Sønder Omme,1395000 ,04-04-2005,Alm. Salg,176,7926,6,2001,
530,Villa,Egeparken 22,7260, Sønder Omme,154000 ,03-04-2005,Alm. Salg,162,951,5,2006,
530,Villa,Vestervej 7,7200, Grindsted,713500 ,03-04-2005,Alm. Salg,146,4887,4,1920,
530,Villa,Flintemarken 67,7190, Billund,1271000 ,01-04-2005,Alm. Salg,153,8307,6,1993,
530,Ejerlejlighed,"Skjoldbjergvej 45, st. th",6623, Vorbasse,1030000 ,31-03-2005,Alm. Salg,182,5659,4,1912,
530,Villa,Nyvej 23,7250, Hejnsvig,725000 ,31-03-2005,Alm. Salg,152,4770,6,1967,
530,Villa,Primulavej 21,7200, Grindsted,950000 ,31-03-2005,Alm. Salg,141,6738,5,1968,
530,Villa,Vestre Boulevard 19,7200, Grindsted,811000 ,31-03-2005,Alm. Salg,191,4246,5,2010,
530,Ejerlejlighed,Nørregade 61,7200, Grindsted,800000 ,30-03-2005,Alm. Salg,169,2477,10,1967,
530,Villa,Vestervangsvej 7,7200, Grindsted,840000 ,29-03-2005,Alm. Salg,145,5793,5,1890,
530,Villa,Møllegade 3,6623, Vorbasse,760000 ,28-03-2005,Alm. Salg,204,3725,5,1915,
530,Villa,Sønderkær 428,7190, Billund,1215000 ,25-03-2005,Alm. Salg,218,5573,8,1979,
530,Villa,Solsortvej 3,7200, Grindsted,940000 ,23-03-2005,Alm. Salg,135,6963,4,1959,
530,Villa,Nyvej 3,7250, Hejnsvig,475000 ,23-03-2005,Alm. Salg,58,8190,2,1961,
530,Rækkehus,Sønderkær 467,7190, Billund,641000 ,22-03-2005,Alm. Salg,82,7817,3,1982,
530,Villa,Rønnebærvej 12,7200, Grindsted,690000 ,21-03-2005,Alm. Salg,180,3833,5,1968,
530,Villa,Samsøvej 8,7200, Grindsted,790000 ,21-03-2005,Alm. Salg,151,5232,6,1969,
530,Villa,Høstvej 5,7250, Hejnsvig,875000 ,21-03-2005,Alm. Salg,150,5833,5,1987,
530,Villa,Sønderkær 228,7190, Billund,1200000 ,21-03-2005,Alm. Salg,154,7792,5,1978,
530,Villa,Egeparken 13,7260, Sønder Omme,194180 ,20-03-2005,Alm. Salg,178,1091,5,2006,
530,Villa,Grindstedvej 34,7260, Sønder Omme,745000 ,20-03-2005,Alm. Salg,114,6535,3,1948,
530,Villa,Grindstedvej 74A,7260, Sønder Omme,340000 ,20-03-2005,Alm. Salg,102,3333,3,1947,
530,Villa,Østerbyvej 5,7190, Billund,488750 ,20-03-2005,Alm. Salg,301,1562,12,1970,
530,Villa,Søndergade 14,7250, Hejnsvig,525000 ,20-03-2005,Alm. Salg,88,5966,5,1958,
530,Villa,Industrivej 16A,7200, Grindsted,1195034 ,20-03-2005,Alm. Salg,145,8242,5,1996,
530,Ejerlejlighed,Nørregade 9E,6623, Vorbasse,485000 ,17-03-2005,Alm. Salg,91,5330,3,1937,
530,Villa,Søvangvej 9,7200, Grindsted,1418720 ,17-03-2005,Alm. Salg,272,5216,6,2016,
530,Villa,Engsøparken 159,7200, Grindsted,296500 ,17-03-2005,Alm. Salg,212,1399,6,2006,
530,Villa,Tingvejen 431,7200, Grindsted,750000 ,16-03-2005,Alm. Salg,108,6944,4,1965,
530,Villa,Søndermarksvej 309,7190, Billund,1340000 ,16-03-2005,Alm. Salg,218,6147,6,1970,
530,Ejerlejlighed,"Grønningen 15, st. tv",7200, Grindsted,360000 ,15-03-2005,Alm. Salg,52,6923,2,1968,
530,Villa,Lupinvænget 15,7200, Grindsted,690000 ,15-03-2005,Alm. Salg,98,7041,4,1962,
530,Villa,Købmandsvej 6,6623, Vorbasse,1062500 ,15-03-2005,Alm. Salg,99,10732,5,2001,
530,Villa,Møllevænget 23,7190, Billund,885000 ,14-03-2005,Alm. Salg,104,8510,4,1964,
530,Villa,Langgade 59,7250, Hejnsvig,515000 ,14-03-2005,Alm. Salg,122,4221,4,1977,
530,Villa,Birkevej 12,6623, Vorbasse,702500 ,14-03-2005,Alm. Salg,111,6329,4,1969,
530,Villa,Bøgelunden 1,7250, Hejnsvig,284043 ,14-03-2005,Andet,124,2291,3,1948,
530,Villa,Åmarkvej 2,7200, Grindsted,509896 ,14-03-2005,Alm. Salg,185,2756,6,1972,
530,Villa,Daugårdvej 25,7250, Hejnsvig,400000 ,13-03-2005,Alm. Salg,124,3226,6,1931,
530,Villa,Hørlycks Alle 9,7200, Grindsted,848000 ,13-03-2005,Alm. Salg,213,3981,8,1940,
530,Villa,Østergade 48,6623, Vorbasse,653000 ,12-03-2005,Alm. Salg,75,8707,2,1935,
530,Villa,Sydtoften 5,7200, Grindsted,975000 ,10-03-2005,Alm. Salg,115,8478,4,1983,
530,Rækkehus,Søndre Boulevard 369,7200, Grindsted,810000 ,08-03-2005,Alm. Salg,83,9759,3,1987,
530,Villa,Tyttebærvej 14,7200, Grindsted,1095000 ,07-03-2005,Alm. Salg,164,6677,6,1966,
530,Villa,Tyttebærvej 16,7200, Grindsted,910000 ,07-03-2005,Alm. Salg,127,7165,4,1965,
530,Villa,Vibes Alle 17,7200, Grindsted,275365 ,03-03-2005,Andet,94,2929,3,1939,
530,Villa,Søndervold 168,7200, Grindsted,295000 ,03-03-2005,Alm. Salg,179,1648,6,2005,
530,Villa,Elmelunden 220,7190, Billund,670000 ,02-03-2005,Alm. Salg,108,6204,3,1964,
530,Villa,Fugdalvej 11,7250, Hejnsvig,875000 ,01-03-2005,Alm. Salg,187,4679,6,1911,
530,Villa,Laust Rasmussens Vej 16,7200, Grindsted,395347 ,01-03-2005,Alm. Salg,221,1789,7,1946,
530,Villa,Lillevang 27,7190, Billund,1200000 ,28-02-2005,Alm. Salg,115,10435,5,2001,
530,Villa,Gyvelvej 10,7200, Grindsted,830000 ,28-02-2005,Alm. Salg,73,11370,4,1960,
530,Villa,Glentevej 13,7200, Grindsted,725000 ,27-02-2005,Alm. Salg,94,7713,4,1959,
530,Villa,Sjælsøvej 4,7200, Grindsted,1155000 ,26-02-2005,Alm. Salg,201,5746,8,1974,
530,Villa,Gyvelvænget 16,7200, Grindsted,975000 ,24-02-2005,Alm. Salg,97,10052,3,2006,
530,Villa,Østre Ringvej 10,7250, Hejnsvig,425000 ,24-02-2005,Alm. Salg,101,4208,3,1966,
530,Villa,Krogen 1,7200, Grindsted,650000 ,23-02-2005,Alm. Salg,192,3385,6,2021,
530,Villa,Dalsøvej 123,7200, Grindsted,1030000 ,23-02-2005,Alm. Salg,151,6821,6,1986,
530,Villa,Jyllandsgade 37,7200, Grindsted,600000 ,23-02-2005,Alm. Salg,100,6000,4,1955,
530,Villa,Holdgårdsvej 32,7260, Sønder Omme,610000 ,22-02-2005,Alm. Salg,104,5865,3,1985,
530,Villa,Gyvelvænget 15,7200, Grindsted,1080000 ,20-02-2005,Alm. Salg,110,9818,4,2006,
530,Villa,Kærtoften 7,7200, Grindsted,665000 ,20-02-2005,Alm. Salg,119,5588,4,1966,
530,Villa,Hejnsvigvej 14,7190, Billund,300000 ,20-02-2005,Fam. Salg,147,2041,4,2009,
530,Villa,Nørremarksvej 28,7200, Grindsted,805000 ,20-02-2005,Fam. Salg,129,6240,5,1928,
530,Villa,Vesterled 14,7260, Sønder Omme,550000 ,20-02-2005,Alm. Salg,108,5093,4,1963,
530,Villa,Lynghedevej 6,7200, Grindsted,775000 ,17-02-2005,Alm. Salg,123,6301,4,1976,
530,Villa,Jyllandsgade 51,7200, Grindsted,1125000 ,16-02-2005,Alm. Salg,179,6285,5,1958,
530,Villa,Aakjærsvej 11,7200, Grindsted,800000 ,15-02-2005,Alm. Salg,96,8333,3,1948,
530,Villa,Nørager 27,7260, Sønder Omme,457537 ,15-02-2005,Fam. Salg,145,3155,5,1980,
530,Villa,Samsøvej 16,7200, Grindsted,850000 ,14-02-2005,Alm. Salg,178,4775,7,1971,
530,Villa,Aakjærsvej 5,7200, Grindsted,1000000 ,14-02-2005,Alm. Salg,95,10526,3,1946,
530,Villa,Søndervold 197,7200, Grindsted,255000 ,09-02-2005,Alm. Salg,161,1584,6,2006,
530,Villa,Skovgårdsvej 17,7200, Grindsted,895000 ,09-02-2005,Alm. Salg,179,5000,6,1963,
530,Villa,Møbjergvej 53,7260, Sønder Omme,240562 ,09-02-2005,Alm. Salg,91,2644,2,1965,
530,Villa,Søndervold 177,7200, Grindsted,230000 ,09-02-2005,Alm. Salg,147,1565,4,2007,
530,Villa,Åglimt 29,7200, Grindsted,1425000 ,08-02-2005,Alm. Salg,183,7787,4,1958,
530,Villa,Hovborgvej 8,6623, Vorbasse,127300 ,08-02-2005,Alm. Salg,163,781,4,1981,
530,Rækkehus,Søndervold 56,7200, Grindsted,1175000 ,07-02-2005,Alm. Salg,104,11298,2,2005,
530,Villa,Jernbanegade 15,7200, Grindsted,995000 ,07-02-2005,Alm. Salg,232,4289,7,1929,
530,Villa,Grønnegade 6,6623, Vorbasse,655000 ,06-02-2005,Alm. Salg,108,6065,4,1981,
530,Villa,Engsøparken 141,7200, Grindsted,310000 ,06-02-2005,Alm. Salg,179,1732,5,2006,
530,Villa,Fanøvej 15,7200, Grindsted,1156000 ,05-02-2005,Alm. Salg,181,6387,5,1970,
530,Ejerlejlighed,"Bredgade 69, 1",7250, Hejnsvig,485000 ,04-02-2005,Alm. Salg,53,9151,3,1918,
530,Villa,"Bredgade 69, st",7250, Hejnsvig,485000 ,04-02-2005,Alm. Salg,146,3322,5,1918,
530,Villa,Markskellet 96,7190, Billund,1450000 ,01-02-2005,Alm. Salg,216,6713,6,1988,
530,Villa,Søgårdparken 20,7250, Hejnsvig,179200 ,01-02-2005,Alm. Salg,172,1042,5,2005,
530,Villa,Storegade 58,7200, Grindsted,750000 ,01-02-2005,Alm. Salg,153,4902,5,1935,
530,Villa,Sydtoften 283,7200, Grindsted,1293470 ,01-02-2005,Alm. Salg,118,10962,4,2005,
530,Villa,Nørrevej 23,7200, Grindsted,900000 ,31-01-2005,Alm. Salg,155,5806,6,1986,
530,Villa,Engsøparken 139,7200, Grindsted,280000 ,31-01-2005,Alm. Salg,170,1647,6,2005,
530,Villa,Engsøparken 41,7200, Grindsted,286500 ,31-01-2005,Alm. Salg,166,1726,5,2006,
530,Villa,Dalbyvej 17,7200, Grindsted,660000 ,30-01-2005,Fam. Salg,96,6875,4,1952,
530,Villa,Tolvalenvej 36,7260, Sønder Omme,1225000 ,30-01-2005,Alm. Salg,188,6516,5,1972,
530,Villa,Fasanvej 5,7190, Billund,845000 ,27-01-2005,Alm. Salg,90,9389,4,1960,
530,Villa,Lyngvang 8,7260, Sønder Omme,750000 ,27-01-2005,Alm. Salg,112,6696,4,1972,
530,Villa,Nørregade 37,6623, Vorbasse,420000 ,26-01-2005,Alm. Salg,107,3925,4,1948,
530,Villa,Åglimt 31,7200, Grindsted,2250000 ,26-01-2005,Alm. Salg,233,9657,5,1984,
530,Villa,Lupinvænget 10,7200, Grindsted,678112 ,25-01-2005,Alm. Salg,142,4775,4,1963,
530,Villa,Amtsvejen 41,7200, Grindsted,450000 ,24-01-2005,Alm. Salg,153,2941,10,1964,
530,Villa,Lyngvang 10,7260, Sønder Omme,670000 ,23-01-2005,Alm. Salg,111,6036,4,1972,
530,Villa,Bygvænget 3,7200, Grindsted,1265000 ,23-01-2005,Alm. Salg,177,7147,5,1965,
530,Villa,Blåbærvej 7,7200, Grindsted,755000 ,21-01-2005,Alm. Salg,105,7190,4,1965,
530,Villa,Ølgodvej 22,7200, Grindsted,1400000 ,20-01-2005,Alm. Salg,170,8235,6,1927,
530,Villa,Krogen 11,7200, Grindsted,1050000 ,19-01-2005,Alm. Salg,147,7143,5,1958,
530,Villa,Dalagervej 10,6623, Vorbasse,153400 ,19-01-2005,Alm. Salg,133,1153,4,2005,
530,Villa,Dalsøvej 35,7200, Grindsted,990000 ,19-01-2005,Alm. Salg,154,6429,5,1976,
530,Rækkehus,Søndre Boulevard 349,7200, Grindsted,725000 ,18-01-2005,Alm. Salg,77,9416,3,1987,
530,Villa,Tingstedet 23,7190, Billund,1650000 ,18-01-2005,Alm. Salg,201,8209,8,1996,
530,Villa,Jorden Rundt 15,7200, Grindsted,675000 ,18-01-2005,Alm. Salg,161,4193,4,1957,
530,Villa,Ribersvej 216,7200, Grindsted,975000 ,17-01-2005,Alm. Salg,120,8125,4,1984,
530,Villa,Engsøparken 87,7200, Grindsted,1900000 ,17-01-2005,Alm. Salg,152,12500,5,1999,
530,Villa,Ådalen 19,7200, Grindsted,1650000 ,17-01-2005,Alm. Salg,320,5156,9,1961,
530,Villa,Håndværkervej 4,6623, Vorbasse,1015000 ,17-01-2005,Alm. Salg,127,7992,4,1974,
530,Villa,Aakjærsvej 16,7200, Grindsted,850000 ,16-01-2005,Alm. Salg,107,7944,4,1946,
530,Villa,Filskovvej 23,7200, Grindsted,445000 ,15-01-2005,Alm. Salg,104,4279,4,1949,
530,Ejerlejlighed,"Banegårdsvej 3A, 2. tv",7200, Grindsted,525000 ,13-01-2005,Alm. Salg,61,8607,2,1988,
530,Ejerlejlighed,"Grønningen 7, 2. th",7200, Grindsted,540000 ,13-01-2005,Alm. Salg,88,6136,3,1967,
530,Villa,Rosengårdsvej 4,7250, Hejnsvig,760000 ,13-01-2005,Alm. Salg,187,4064,7,1973,
530,Villa,Engsøparken 21,7200, Grindsted,2900000 ,13-01-2005,Alm. Salg,258,11240,5,1998,
530,Villa,Engsøparken 155,7200, Grindsted,320000 ,12-01-2005,Alm. Salg,156,2051,6,2006,
530,Villa,Solvej 7,7200, Grindsted,975000 ,11-01-2005,Alm. Salg,132,7386,5,1928,
530,Villa,Jyllandsgade 11,7200, Grindsted,730000 ,11-01-2005,Alm. Salg,97,7526,4,1950,
530,Villa,Kløvermarken 1,7190, Billund,1685000 ,10-01-2005,Alm. Salg,205,8220,8,1968,
530,Villa,Bøgevej 9,6623, Vorbasse,544000 ,10-01-2005,Fam. Salg,174,3126,5,1973,
530,Villa,Engsøparken 147,7200, Grindsted,690000 ,10-01-2005,Alm. Salg,275,2509,6,2009,
530,Villa,Fyrrevænget 303,7190, Billund,965000 ,09-01-2005,Alm. Salg,147,6565,5,1970,
530,Villa,Jyllandsgade 21,7200, Grindsted,1330000 ,09-01-2005,Alm. Salg,155,8581,5,1921,
530,Villa,Søndre Boulevard 285,7200, Grindsted,1120000 ,09-01-2005,Fam. Salg,146,7671,5,1988,
530,Villa,Ribersvej 192,7200, Grindsted,960000 ,07-01-2005,Alm. Salg,129,7442,5,1984,
530,Villa,Nygade 32,7200, Grindsted,975000 ,06-01-2005,Alm. Salg,120,8125,3,1949,
530,Villa,Nebelvej 21,6623, Vorbasse,375000 ,06-01-2005,Alm. Salg,67,5597,2,1952,
530,Villa,Egebjerg Landevej 76,7250, Hejnsvig,400000 ,06-01-2005,Alm. Salg,92,4348,4,1800,
530,Villa,Engsøparken 157,7200, Grindsted,290000 ,05-01-2005,Alm. Salg,144,2014,5,2006,
530,Villa,Lindevej 20,7200, Grindsted,1487500 ,04-01-2005,Fam. Salg,252,5903,8,1991,
530,Villa,Østergaardsvej 7,7200, Grindsted,200000 ,02-01-2005,Alm. Salg,73,2740,3,1954,
530,Villa,Engsøparken 153,7200, Grindsted,416500 ,02-01-2005,Alm. Salg,247,1686,6,2006,
530,Villa,Jørgen Glavinds Vej 6,7200, Grindsted,612500 ,02-01-2005,Alm. Salg,73,8390,3,1957,
530,Rækkehus,Sønderkær 335,7190, Billund,386610 ,31-12-2004,Alm. Salg,91,4248,3,1980,
530,Villa,Mølleparken 103,7190, Billund,1050000 ,30-12-2004,Alm. Salg,139,7554,5,1976,
530,Villa,Vestervang 29,7190, Billund,1155000 ,28-12-2004,Alm. Salg,134,8619,5,1986,
530,Ejerlejlighed,"Nygade 19G, st",7200, Grindsted,630000 ,27-12-2004,Alm. Salg,62,10161,2,1985,
530,Villa,Vestervang 24,7190, Billund,675000 ,27-12-2004,Fam. Salg,199,3392,7,1987,
530,Villa,Gammel Bøvlvej 5,7260, Sønder Omme,525000 ,23-12-2004,Alm. Salg,242,2169,6,1913,
530,Villa,Nørre Alle 3,7200, Grindsted,680000 ,21-12-2004,Alm. Salg,98,6939,4,1931,
530,Villa,Solvangen 13,7200, Grindsted,700000 ,20-12-2004,Alm. Salg,124,5645,4,1965,
530,Villa,Amtsvejen 20,7200, Grindsted,425000 ,20-12-2004,Alm. Salg,93,4570,3,1959,
530,Villa,Svalevænget 5,6623, Vorbasse,1140000 ,19-12-2004,Alm. Salg,151,7550,6,1994,
530,Villa,Tronsø Parkvej 25,7200, Grindsted,600000 ,19-12-2004,Alm. Salg,241,2490,10,1986,
530,Villa,Blichersvej 5,7200, Grindsted,1100000 ,19-12-2004,Alm. Salg,160,6875,6,1951,
530,Villa,Sønderkær 441,7190, Billund,1230000 ,17-12-2004,Alm. Salg,164,7500,7,1986,
530,Villa,Vesterbrogade 15,7200, Grindsted,900000 ,16-12-2004,Andet,162,5556,9,1918,
530,Villa,Flintemarken 28,7190, Billund,1315000 ,16-12-2004,Alm. Salg,149,8826,5,1994,
530,Villa,Flintemarken 1,7190, Billund,950000 ,16-12-2004,Alm. Salg,128,7422,4,1989,
530,Villa,Egebjerg Landevej 90,7250, Hejnsvig,550000 ,16-12-2004,Alm. Salg,210,2619,6,1962,
530,Villa,Fittingvej 42,6623, Vorbasse,2100000 ,15-12-2004,Fam. Salg,312,6731,10,2005,
530,Villa,Fitting Stationsvej 1,6623, Vorbasse,1898033 ,15-12-2004,Fam. Salg,236,8043,8,1912,
530,Villa,Klinkvej 47,6623, Vorbasse,640000 ,14-12-2004,Alm. Salg,174,3678,6,1930,
530,Villa,Amtsvejen 33,7200, Grindsted,268010 ,14-12-2004,Alm. Salg,123,2179,4,1920,
530,Villa,Gyvelvænget 19,7200, Grindsted,150000 ,13-12-2004,Alm. Salg,165,909,7,2004,
530,Villa,Askjærvej 2,7250, Hejnsvig,470000 ,13-12-2004,Alm. Salg,111,4234,2,1960,
530,Villa,Engsøparken 39,7200, Grindsted,266500 ,09-12-2004,Alm. Salg,167,1596,5,2006,
530,Villa,Solsortvej 13,7200, Grindsted,830000 ,08-12-2004,Alm. Salg,142,5845,4,1959,
530,Villa,Fasanvej 9,7190, Billund,575000 ,05-12-2004,Alm. Salg,168,3423,6,1960,
530,Villa,Vestervangsvej 7,7200, Grindsted,2000000 ,28-11-2004,Alm. Salg,145,13793,5,1890,
530,Villa,Søgårdvej 56,7250, Hejnsvig,930000 ,28-11-2004,Alm. Salg,142,6549,5,1988,
530,Villa,Daugårdvej 22,7250, Hejnsvig,325000 ,28-11-2004,Alm. Salg,113,2876,5,1917,
530,Villa,Østergade 55,6623, Vorbasse,522500 ,28-11-2004,Alm. Salg,95,5500,3,1955,
530,Villa,Lillevang 65,7190, Billund,220860 ,27-11-2004,Alm. Salg,144,1534,6,2005,
530,Rækkehus,Grønningen 2B,7190, Billund,685000 ,25-11-2004,Alm. Salg,79,8671,3,1987,
530,Villa,Toften 22,7190, Billund,985000 ,25-11-2004,Alm. Salg,117,8419,4,1967,
530,Villa,Klosterhedevej 10,7200, Grindsted,1000000 ,25-11-2004,Alm. Salg,155,6452,5,1972,
530,Villa,Langgade 30,7250, Hejnsvig,670000 ,24-11-2004,Alm. Salg,127,5276,4,1982,
530,Villa,Søndervold 147,7200, Grindsted,280000 ,23-11-2004,Alm. Salg,178,1573,5,2005,
530,Villa,Flintemarken 59,7190, Billund,2587500 ,23-11-2004,Alm. Salg,281,9208,7,1994,
530,Villa,Engsøparken 99,7200, Grindsted,616250 ,23-11-2004,Fam. Salg,156,3950,4,1998,
530,Villa,Staghøjvej 6,7190, Billund,1040000 ,23-11-2004,Fam. Salg,234,4444,6,2016,
530,Villa,Præstevang 11,7190, Billund,700000 ,22-11-2004,Fam. Salg,105,6667,3,1959,
530,Villa,Møllevænget 13,7190, Billund,845000 ,21-11-2004,Alm. Salg,116,7284,4,1965,
530,Rækkehus,Prærien 44,7200, Grindsted,795000 ,18-11-2004,Alm. Salg,101,7871,4,1984,
530,Villa,Østergade 35,6623, Vorbasse,550000 ,17-11-2004,Alm. Salg,127,4331,4,1942,
530,Villa,Bøvlvej 191,7260, Sønder Omme,805000 ,16-11-2004,Alm. Salg,121,6653,4,1965,
530,Villa,Jyllandsgade 33B,7200, Grindsted,675000 ,16-11-2004,Alm. Salg,252,2679,6,1923,
530,Villa,Hovborgvej 10C,6623, Vorbasse,375000 ,16-11-2004,Fam. Salg,137,2737,4,1975,
530,Ejerlejlighed,"Grønningen 19, 2. tv",7200, Grindsted,500000 ,15-11-2004,Alm. Salg,88,5682,3,1968,
530,Villa,Jørgen Glavinds Vej 3,7200, Grindsted,550000 ,15-11-2004,Alm. Salg,134,4104,4,2019,
530,Villa,Spurvevej 6,7200, Grindsted,895000 ,15-11-2004,Alm. Salg,106,8443,4,1960,
530,Villa,Slåenvej 2,7200, Grindsted,10000 ,13-11-2004,Alm. Salg,155,65,3,2008,
530,Villa,Grønningen 16,7190, Billund,1300000 ,11-11-2004,Alm. Salg,175,7429,5,1998,
530,Villa,Østergade 54,6623, Vorbasse,781564 ,11-11-2004,Alm. Salg,166,4708,7,1942,
530,Villa,Nørregade 48,7200, Grindsted,575000 ,11-11-2004,Fam. Salg,119,4832,4,1933,
530,Villa,Sydtoften 103,7200, Grindsted,1245000 ,10-11-2004,Alm. Salg,157,7930,5,1981,
530,Villa,Gammel Vejlevej 36,7200, Grindsted,595000 ,10-11-2004,Alm. Salg,89,6685,3,1951,
530,Villa,Tronsø Parkvej 25,7200, Grindsted,500000 ,07-11-2004,Alm. Salg,241,2075,10,1986,
530,Villa,Blåhøjvej 8,7200, Grindsted,575000 ,05-11-2004,Alm. Salg,121,4752,4,1989,
530,Rækkehus,Grønningen 4A,7190, Billund,527000 ,04-11-2004,Fam. Salg,79,6671,3,1987,
530,Villa,Hellevej 3,7200, Grindsted,2100000 ,04-11-2004,Alm. Salg,148,14189,5,1958,
530,Villa,Engsøparken 21,7200, Grindsted,2685384 ,04-11-2004,Fam. Salg,258,10408,5,1998,
530,Villa,Poppelvej 6,7200, Grindsted,775000 ,04-11-2004,Alm. Salg,141,5496,6,1960,
530,Villa,Toftegårdsvej 2,7200, Grindsted,250000 ,04-11-2004,Alm. Salg,200,1250,5,2007,
530,Villa,Grønvang 15,7260, Sønder Omme,685000 ,03-11-2004,Alm. Salg,125,5480,4,1974,
530,Villa,Ribersvej 192,7200, Grindsted,985000 ,02-11-2004,Alm. Salg,129,7636,5,1984,
530,Villa,Søndervold 143,7200, Grindsted,1825000 ,02-11-2004,Alm. Salg,156,11699,6,2004,
530,Ejerlejlighed,"Hovedgaden 44, 1",7260, Sønder Omme,850000 ,01-11-2004,Fam. Salg,64,13281,3,1908,
530,Villa,Lillevang 71,7190, Billund,287163 ,01-11-2004,Alm. Salg,172,1670,8,2005,
530,Villa,Toften 6,7190, Billund,562083 ,01-11-2004,Alm. Salg,120,4684,4,1965,
530,Rækkehus,Rønnebærvej 15,7200, Grindsted,750000 ,31-10-2004,Alm. Salg,96,7813,4,1967,
530,Villa,Nørregade 43,7200, Grindsted,450000 ,31-10-2004,Alm. Salg,160,2813,5,1924,
530,Villa,Bøgelunden 3,7250, Hejnsvig,225000 ,31-10-2004,Alm. Salg,76,2961,3,1959,
530,Rækkehus,Sydtoften 99A,7200, Grindsted,695000 ,28-10-2004,Alm. Salg,77,9026,3,1982,
530,Villa,Sønderkær 124,7190, Billund,905000 ,28-10-2004,Alm. Salg,120,7542,4,1977,
530,Villa,Holdgårdsvej 11,7260, Sønder Omme,648379 ,28-10-2004,Alm. Salg,93,6972,2,1935,
530,Rækkehus,Sydtoften 157,7200, Grindsted,760000 ,25-10-2004,Alm. Salg,86,8837,3,1984,
530,Villa,Rahbæksvej 4,7260, Sønder Omme,435835 ,25-10-2004,Andet,162,2690,5,1976,
530,Villa,Mølgårdvej 33,7200, Grindsted,432877 ,25-10-2004,Andet,148,2925,5,1930,
530,Villa,Engsøparken 67,7200, Grindsted,340500 ,25-10-2004,Alm. Salg,212,1606,6,2005,
530,Villa,Engsøparken 69,7200, Grindsted,266500 ,25-10-2004,Alm. Salg,173,1540,6,2005,
530,Villa,Nørrevej 37B,7200, Grindsted,1150000 ,24-10-2004,Alm. Salg,139,8273,5,1998,
530,Villa,Tarm Landevej 29,7260, Sønder Omme,745000 ,24-10-2004,Alm. Salg,339,2198,7,1917,
530,Villa,Tingstedet 82,7190, Billund,1485000 ,24-10-2004,Alm. Salg,157,9459,4,1997,
530,Villa,Almstokvej 25,7190, Billund,898000 ,24-10-2004,Alm. Salg,198,4535,5,1924,
530,Villa,Flintemarken 4,7190, Billund,935000 ,22-10-2004,Alm. Salg,158,5918,6,1987,
530,Villa,Lundhedevej 27,7200, Grindsted,1600000 ,20-10-2004,Andet,197,8122,5,1974,
530,Villa,Søndervold 256,7200, Grindsted,1482000 ,19-10-2004,Alm. Salg,146,10151,5,1997,
530,Rækkehus,Åbrinken 28,7200, Grindsted,495000 ,18-10-2004,Alm. Salg,81,6111,3,1982,
530,Rækkehus,Sønderkær 457,7190, Billund,650000 ,18-10-2004,Alm. Salg,77,8442,3,1985,
530,Villa,Flintemarken 27,7190, Billund,1150000 ,18-10-2004,Alm. Salg,137,8394,5,1988,
530,Villa,Lillevang 59,7190, Billund,244182 ,17-10-2004,Alm. Salg,161,1517,6,2005,
530,Villa,Flintemarken 6,7190, Billund,1258000 ,17-10-2004,Alm. Salg,136,9250,5,1989,
530,Villa,Donslundvej 15,7250, Hejnsvig,575000 ,15-10-2004,Alm. Salg,102,5637,4,1957,
530,Ejerlejlighed,Vestergade 24D,7200, Grindsted,1060000 ,14-10-2004,Alm. Salg,116,9138,3,2003,
530,Villa,Fyrrevænget 207,7190, Billund,645633 ,14-10-2004,Alm. Salg,181,3567,5,1969,
530,Villa,Søndervold 139,7200, Grindsted,2030000 ,14-10-2004,Alm. Salg,168,12083,4,2004,
530,Villa,Engsøparken 15,7200, Grindsted,889096 ,14-10-2004,Fam. Salg,195,4559,5,1998,
530,Ejerlejlighed,"Nygade 19G, st",7200, Grindsted,725000 ,13-10-2004,Alm. Salg,62,11694,2,1985,
530,Rækkehus,Søndervold 56,7200, Grindsted,275270 ,12-10-2004,Alm. Salg,104,2647,2,2005,
530,Villa,Mandøvej 5,7200, Grindsted,950000 ,12-10-2004,Alm. Salg,140,6786,5,1970,
530,Villa,Tingstedet 21,7190, Billund,1295000 ,11-10-2004,Alm. Salg,141,9184,6,1997,
530,Villa,Solbakken 20,7260, Sønder Omme,1046577 ,11-10-2004,Alm. Salg,201,5207,8,1975,
530,Villa,Engsøparken 129,7200, Grindsted,266500 ,11-10-2004,Alm. Salg,190,1403,6,2005,
530,Villa,Tingstedet 116,7190, Billund,1740000 ,10-10-2004,Alm. Salg,183,9508,6,1998,
530,Villa,Søndervang 14,7200, Grindsted,342077 ,10-10-2004,Andet,158,2165,5,1994,
530,Villa,Anemonevej 21,7200, Grindsted,750000 ,07-10-2004,Alm. Salg,126,5952,5,1962,
530,Rækkehus,Markskellet 34,7190, Billund,737127 ,03-10-2004,Alm. Salg,67,11002,3,1988,
530,Villa,Langgade 50,7250, Hejnsvig,785000 ,30-09-2004,Alm. Salg,151,5199,4,1910,
530,Rækkehus,Mølleparken 302A,7190, Billund,590000 ,29-09-2004,Alm. Salg,77,7662,3,1987,
530,Villa,Skjoldbjergvej 44,6623, Vorbasse,325000 ,29-09-2004,Fam. Salg,53,6132,3,1954,
530,Villa,Skødebjergvej 10,6623, Vorbasse,730000 ,28-09-2004,Alm. Salg,193,3782,5,1948,
530,Villa,Kærvej 119,7190, Billund,1185000 ,27-09-2004,Alm. Salg,147,8061,4,1972,
530,Villa,Blichersvej 12,7200, Grindsted,1000000 ,27-09-2004,Alm. Salg,144,6944,4,1969,
530,Villa,Vestre Boulevard 58,7200, Grindsted,675000 ,24-09-2004,Alm. Salg,102,6618,5,1961,
530,Rækkehus,Sydtoften 93,7200, Grindsted,645000 ,23-09-2004,Alm. Salg,73,8836,3,1982,
530,Ejerlejlighed,"Grønningen 3, 1. tv",7200, Grindsted,465000 ,20-09-2004,Alm. Salg,88,5284,3,1967,
530,Ejerlejlighed,"Grønningen 17, 2. th",7200, Grindsted,500000 ,20-09-2004,Alm. Salg,88,5682,3,1968,
530,Villa,Ågeslundvej 25,7200, Grindsted,1068500 ,19-09-2004,Alm. Salg,178,6003,7,1976,
530,Villa,Tarm Landevej 63,7260, Sønder Omme,1395000 ,17-09-2004,Alm. Salg,235,5936,9,1900,
530,Villa,Jyllandsgade 28,7200, Grindsted,1179550 ,16-09-2004,Alm. Salg,215,5486,8,1923,
530,Villa,Engsøparken 149,7200, Grindsted,696500 ,15-09-2004,Alm. Salg,228,3055,6,2005,
530,Ejerlejlighed,"Grønningen 15, 1. th",7200, Grindsted,510000 ,13-09-2004,Alm. Salg,88,5795,3,1968,
530,Villa,Lupinvænget 18,7200, Grindsted,860000 ,10-09-2004,Alm. Salg,142,6056,4,1963,
530,Rækkehus,Sydtoften 23,7200, Grindsted,781148 ,09-09-2004,Alm. Salg,82,9526,3,1983,
530,Ejerlejlighed,"Grønningen 7, 2. tv",7200, Grindsted,542925 ,09-09-2004,Alm. Salg,88,6170,3,1967,
530,Villa,Norgesvej 22,7200, Grindsted,985000 ,09-09-2004,Alm. Salg,165,5970,6,1970,
530,Villa,Juellingsholmsvej 25,7200, Grindsted,1195000 ,08-09-2004,Alm. Salg,228,5241,8,1950,
530,Villa,Ågeslundvej 36,7200, Grindsted,885000 ,06-09-2004,Alm. Salg,125,7080,5,1976,
530,Villa,Søndergade 18,6623, Vorbasse,170000 ,04-09-2004,Alm. Salg,161,1056,7,1930,
530,Villa,Syrenvej 9,7200, Grindsted,950000 ,03-09-2004,Alm. Salg,139,6835,5,1960,
530,Villa,Lillevang 73,7190, Billund,309843 ,02-09-2004,Alm. Salg,182,1702,5,2008,
530,Villa,Skjoldbjergvej 55,6623, Vorbasse,850000 ,01-09-2004,Fam. Salg,188,4521,7,2006,
530,Rækkehus,Sønderkær 491,7190, Billund,675000 ,31-08-2004,Alm. Salg,77,8766,3,1984,
530,Villa,Ågeslundvej 17,7200, Grindsted,720000 ,31-08-2004,Alm. Salg,115,6261,3,1948,
530,Villa,Engsøparken 45,7200, Grindsted,330000 ,30-08-2004,Alm. Salg,163,2025,4,2006,
530,Villa,Engsøparken 47,7200, Grindsted,320000 ,30-08-2004,Alm. Salg,164,1951,5,2006,
530,Villa,Egevænget 301,7190, Billund,975000 ,29-08-2004,Alm. Salg,156,6250,5,1971,
530,Villa,Vestervej 6,7200, Grindsted,725000 ,26-08-2004,Alm. Salg,129,5620,5,1943,
530,Villa,Finlandsvej 10,7200, Grindsted,800000 ,24-08-2004,Alm. Salg,148,5405,5,1969,
530,Villa,Storegade 53,7200, Grindsted,540000 ,24-08-2004,Alm. Salg,125,4320,4,1952,
530,Villa,Søndervold 175,7200, Grindsted,255000 ,22-08-2004,Alm. Salg,163,1564,5,2006,
530,Rækkehus,Rønnebærvej 25,7200, Grindsted,680000 ,18-08-2004,Alm. Salg,86,7907,4,1967,
530,Ejerlejlighed,"Dalgasparken 10, 1",7200, Grindsted,578000 ,17-08-2004,Fam. Salg,101,5723,3,1918,
530,Villa,Lillevang 20,7190, Billund,1390000 ,17-08-2004,Alm. Salg,146,9521,5,2002,
530,Villa,Søndervold 246,7200, Grindsted,206500 ,16-08-2004,Alm. Salg,220,939,6,2005,
530,Villa,Stakrogevej 20,7260, Sønder Omme,1580000 ,14-08-2004,Alm. Salg,251,6295,9,1930,
530,Villa,Søndervold 193,7200, Grindsted,230000 ,11-08-2004,Alm. Salg,162,1420,5,2005,
530,Villa,Flintemarken 25,7190, Billund,1026000 ,11-08-2004,Alm. Salg,121,8479,4,1988,
530,Villa,Markskellet 80,7190, Billund,1295000 ,10-08-2004,Alm. Salg,151,8576,5,1987,
530,Villa,Ribersvej 224,7200, Grindsted,947000 ,09-08-2004,Alm. Salg,120,7892,5,1980,
530,Villa,Primulavej 24,7200, Grindsted,725000 ,08-08-2004,Alm. Salg,108,6713,4,1965,
530,Villa,Engsøparken 131,7200, Grindsted,222000 ,05-08-2004,Alm. Salg,160,1388,5,2005,
530,Villa,Herningvej 9,7260, Sønder Omme,340000 ,04-08-2004,Alm. Salg,120,2833,4,1927,
530,Rækkehus,Sydtoften 25A,7200, Grindsted,795000 ,01-08-2004,Alm. Salg,82,9695,3,1983,
530,Rækkehus,Grønningen 8A,7190, Billund,675000 ,29-07-2004,Alm. Salg,79,8544,3,1987,
530,Villa,Engsøparken 131,7200, Grindsted,222000 ,29-07-2004,Andet,160,1388,5,2005,
530,Rækkehus,Vestergade 29A,7200, Grindsted,110000 ,28-07-2004,Alm. Salg,117,940,3,2006,
530,Rækkehus,Søndervold 26,7200, Grindsted,560000 ,28-07-2004,Alm. Salg,60,9333,2,1989,
530,Rækkehus,Markskellet 49,7190, Billund,685000 ,27-07-2004,Alm. Salg,98,6990,4,1988,
530,Villa,Elmevangen 1,7200, Grindsted,725000 ,25-07-2004,Alm. Salg,88,8239,4,1961,
530,Villa,Baldersbækvej 50,6682, Hovborg,90000 ,25-07-2004,Alm. Salg,241,354,9,1910,
530,Villa,Plougslundvej 185,7190, Billund,1100000 ,25-07-2004,Alm. Salg,167,6587,5,1973,
530,Villa,Engvej 7,7200, Grindsted,795000 ,25-07-2004,Alm. Salg,151,5265,5,1950,
530,Villa,Mølleparken 284,7190, Billund,1250000 ,22-07-2004,Alm. Salg,200,6250,6,1976,
530,Villa,Storegade 60,7200, Grindsted,690000 ,15-07-2004,Alm. Salg,91,7582,5,1936,
530,Villa,Abildvej 5,7200, Grindsted,794873 ,15-07-2004,Fam. Salg,148,5371,5,1972,
530,Villa,Billundvej 14,7250, Hejnsvig,835000 ,12-07-2004,Alm. Salg,153,5458,7,1927,
530,Villa,Engsøparken 63,7200, Grindsted,330000 ,12-07-2004,Alm. Salg,192,1719,5,2007,
530,Villa,Tingstedet 62,7190, Billund,1275000 ,11-07-2004,Alm. Salg,141,9043,6,1997,
530,Villa,Søndre Boulevard 251,7200, Grindsted,1425000 ,09-07-2004,Alm. Salg,163,8742,5,1991,
530,Villa,Systemvej 19,7190, Billund,550000 ,08-07-2004,Alm. Salg,102,5392,2,1959,
530,Villa,Kulsøvej 6,7200, Grindsted,995000 ,08-07-2004,Alm. Salg,152,6546,6,1975,
530,Villa,Lysningen 14,7190, Billund,880000 ,08-07-2004,Alm. Salg,130,6769,5,1987,
530,Villa,Skovvang 17,7260, Sønder Omme,645000 ,08-07-2004,Alm. Salg,147,4388,6,1961,
530,Rækkehus,Sønderkær 341,7190, Billund,735000 ,07-07-2004,Alm. Salg,80,9188,4,1985,
530,Villa,Billundvej 12,7250, Hejnsvig,655000 ,07-07-2004,Alm. Salg,115,5696,4,1989,
530,Villa,Engebækgårdvej 9,7260, Sønder Omme,218000 ,07-07-2004,Alm. Salg,90,2422,4,1922,
530,Villa,Dalbyvej 24,7200, Grindsted,690000 ,07-07-2004,Alm. Salg,145,4759,4,1924,
530,Villa,Fyrrevænget 211,7190, Billund,1140000 ,05-07-2004,Alm. Salg,183,6230,7,1970,
530,Villa,Samsøvej 3,7200, Grindsted,760000 ,04-07-2004,Alm. Salg,105,7238,4,1968,
530,Villa,Hedelykkevej 24,7200, Grindsted,690000 ,04-07-2004,Alm. Salg,124,5565,4,1969,
530,Villa,Solvangen 7,7200, Grindsted,575000 ,03-07-2004,Alm. Salg,103,5583,4,1965,
530,Rækkehus,Søndre Boulevard 343,7200, Grindsted,760000 ,02-07-2004,Alm. Salg,88,8636,3,1988,
530,Villa,Østergade 10,6623, Vorbasse,690000 ,02-07-2004,Alm. Salg,165,4182,5,2014,
530,Villa,Rungborgvej 7,7250, Hejnsvig,850000 ,01-07-2004,Alm. Salg,134,6343,6,1916,
530,Villa,Vejle Landevej 53,7200, Grindsted,350000 ,01-07-2004,Alm. Salg,103,3398,4,1952,
530,Villa,Fanøvej 4,7200, Grindsted,900000 ,30-06-2004,Alm. Salg,139,6475,5,1971,
530,Villa,Lindevej 1,7200, Grindsted,1020000 ,30-06-2004,Alm. Salg,114,8947,4,1961,
530,Rækkehus,Rønnebærvej 1,7200, Grindsted,685000 ,28-06-2004,Alm. Salg,86,7965,4,1967,
530,Villa,Grønvang 30,7260, Sønder Omme,615000 ,28-06-2004,Alm. Salg,175,3514,5,1951,
530,Villa,Søndermarksvej 104,7190, Billund,700000 ,28-06-2004,Alm. Salg,120,5833,3,1969,
530,Villa,Egevænget 409,7190, Billund,900000 ,27-06-2004,Alm. Salg,190,4737,6,1972,
530,Villa,Tingstedet 99,7190, Billund,1400000 ,27-06-2004,Alm. Salg,195,7179,7,1998,
530,Villa,Flintemarken 95,7190, Billund,757500 ,26-06-2004,Alm. Salg,190,3987,8,1993,
530,Ejerlejlighed,"Grønningen 21, st. th",7200, Grindsted,590000 ,24-06-2004,Alm. Salg,100,5900,4,1968,
530,Villa,Flintemarken 81,7190, Billund,1193000 ,24-06-2004,Alm. Salg,147,8116,7,1989,
530,Rækkehus,Sønderkær 427A,7190, Billund,695000 ,23-06-2004,Alm. Salg,77,9026,3,1986,
530,Villa,Anemonevej 24,7200, Grindsted,562000 ,23-06-2004,Andet,156,3603,5,1965,
530,Villa,Rosenvej 9,7200, Grindsted,800000 ,23-06-2004,Alm. Salg,151,5298,5,1977,
530,Villa,Krogagervej 2,7200, Grindsted,900000 ,23-06-2004,Alm. Salg,177,5085,6,1949,
530,Villa,Tingstedet 48,7190, Billund,1385000 ,22-06-2004,Alm. Salg,154,8994,6,1994,
530,Villa,Gyvelvej 7,7200, Grindsted,1350000 ,22-06-2004,Alm. Salg,168,8036,5,1950,
530,Villa,Vestergade 2,6623, Vorbasse,660000 ,22-06-2004,Alm. Salg,264,2500,5,1930,
530,Villa,Stadion Alle 26,7260, Sønder Omme,660000 ,22-06-2004,Alm. Salg,109,6055,4,1948,
530,Villa,Markskellet 48,7190, Billund,1250000 ,22-06-2004,Alm. Salg,135,9259,5,1996,
530,Rækkehus,Markskellet 2,7190, Billund,995000 ,21-06-2004,Alm. Salg,126,7897,5,1987,
530,Villa,Fyrrevænget 107,7190, Billund,735000 ,20-06-2004,Alm. Salg,124,5927,5,1969,
530,Villa,Stenvej 14,7200, Grindsted,450000 ,17-06-2004,Alm. Salg,160,2813,5,2006,
530,Villa,Kobjergvej 3,7190, Billund,1600000 ,17-06-2004,Alm. Salg,190,8421,4,1971,
530,Villa,Tarm Landevej 63,7260, Sønder Omme,1204087 ,15-06-2004,Fam. Salg,235,5124,9,1900,
530,Villa,Grønnegade 4,6623, Vorbasse,600000 ,15-06-2004,Alm. Salg,127,4724,4,1979,
530,Villa,Klodhøjvej 8,7250, Hejnsvig,90000 ,15-06-2004,Fam. Salg,99,909,2,2009,
530,Villa,Nollundvej 77,7200, Grindsted,995000 ,14-06-2004,Alm. Salg,164,6067,5,1953,
530,Villa,Toften 6,7190, Billund,1075000 ,14-06-2004,Alm. Salg,120,8958,4,1965,
530,Villa,Sydtoften 7,7200, Grindsted,1170000 ,13-06-2004,Alm. Salg,132,8864,5,1981,
530,Villa,Søndervold 248,7200, Grindsted,200000 ,13-06-2004,Alm. Salg,155,1290,5,2007,
530,Villa,Pilevej 12,7200, Grindsted,850000 ,12-06-2004,Alm. Salg,114,7456,5,1961,
530,Villa,Søgårdvej 53,7250, Hejnsvig,790000 ,09-06-2004,Alm. Salg,147,5374,4,1979,
530,Villa,Mølleparken 354,7190, Billund,945000 ,08-06-2004,Alm. Salg,131,7214,5,1981,
530,Villa,Æblevej 5,7250, Hejnsvig,366511 ,08-06-2004,Andet,106,3458,3,1965,
530,Villa,Søndermarksvej 309,7190, Billund,1365000 ,08-06-2004,Alm. Salg,218,6261,6,1970,
530,Villa,Gammel Vejlevej 19,7200, Grindsted,615000 ,08-06-2004,Alm. Salg,119,5168,4,1947,
530,Rækkehus,Jørgen Glavinds Vej 32,7200, Grindsted,775000 ,07-06-2004,Alm. Salg,112,6920,4,1955,
530,Villa,Skjoldbjergvej 31,6623, Vorbasse,900000 ,07-06-2004,Alm. Salg,136,6618,4,1954,
530,Villa,Søgårdvej 63,7250, Hejnsvig,640000 ,05-06-2004,Alm. Salg,126,5079,4,1979,
530,Villa,Østergade 14,7200, Grindsted,1080000 ,04-06-2004,Alm. Salg,154,7013,6,1916,
530,Villa,Søndergade 13,6623, Vorbasse,639000 ,03-06-2004,Alm. Salg,94,6798,4,1959,
530,Villa,Lupinvænget 16,7200, Grindsted,782500 ,01-06-2004,Alm. Salg,122,6414,3,1963,
530,Villa,Ole Kirks Vej 17,7190, Billund,234469 ,01-06-2004,Fam. Salg,62,3782,3,1954,
530,Villa,Slåenvej 4A,7200, Grindsted,755000 ,01-06-2004,Alm. Salg,165,4576,5,1922,
530,Villa,Farvergade 12,7260, Sønder Omme,288000 ,31-05-2004,Fam. Salg,87,3310,3,1963,
530,Villa,Engsøparken 51,7200, Grindsted,326500 ,31-05-2004,Alm. Salg,145,2252,5,2005,
530,Villa,Solbakken 14,7260, Sønder Omme,1250000 ,27-05-2004,Alm. Salg,189,6614,6,1979,
530,Villa,Morsbøl Skolevej 14,7200, Grindsted,1143750 ,27-05-2004,Alm. Salg,204,5607,6,1931,
530,Villa,Krogagervej 28,7200, Grindsted,700000 ,27-05-2004,Alm. Salg,106,6604,4,1957,
530,Villa,Søndervold 168,7200, Grindsted,280000 ,26-05-2004,Alm. Salg,179,1564,6,2005,
530,Villa,Nebelvej 23,6623, Vorbasse,745000 ,26-05-2004,Alm. Salg,161,4627,6,1967,
530,Villa,Sydtoften 39,7200, Grindsted,975000 ,26-05-2004,Alm. Salg,128,7617,4,1981,
530,Villa,Glentevej 15,7200, Grindsted,410000 ,26-05-2004,Alm. Salg,121,3388,4,1959,
530,Villa,Ahornvej 16,7200, Grindsted,895000 ,26-05-2004,Alm. Salg,88,10170,4,1965,
530,Rækkehus,Sønderkær 315,7190, Billund,783000 ,23-05-2004,Alm. Salg,91,8604,3,1980,
530,Villa,Søndervold 133,7200, Grindsted,2100000 ,23-05-2004,Alm. Salg,156,13462,6,2004,
530,Villa,Engsøparken 81,7200, Grindsted,277500 ,23-05-2004,Alm. Salg,151,1838,5,2005,
530,Villa,Lillevang 69,7190, Billund,310653 ,18-05-2004,Alm. Salg,206,1508,8,2006,
530,Villa,Lundgårdvej 90,7250, Hejnsvig,275000 ,18-05-2004,Alm. Salg,165,1667,6,1934,
530,Villa,Jyllandsgade 45,7200, Grindsted,750000 ,17-05-2004,Alm. Salg,107,7009,4,1954,
530,Villa,Elkjærhøjevej 4,7190, Billund,615000 ,16-05-2004,Alm. Salg,197,3122,6,1963,
530,Villa,Søndermarksvej 314,7190, Billund,1050000 ,14-05-2004,Alm. Salg,211,4976,7,1970,
530,Villa,Vejlevej 20,7260, Sønder Omme,350000 ,13-05-2004,Auktion,228,1535,7,1900,
530,Villa,Flintemarken 30,7190, Billund,1190000 ,13-05-2004,Alm. Salg,146,8151,6,1990,
530,Villa,Ølgodvej 44,7200, Grindsted,425000 ,13-05-2004,Alm. Salg,132,3220,5,1961,
530,Villa,Søvangvej 9,7200, Grindsted,1700000 ,12-05-2004,Fam. Salg,272,6250,6,2016,
530,Villa,Dalsøvej 35,7200, Grindsted,411037 ,12-05-2004,Fam. Salg,154,2669,5,1976,
530,Villa,Tingstedet 16,7190, Billund,1640000 ,11-05-2004,Alm. Salg,172,9535,6,1995,
530,Villa,Bøgelunden 4,7250, Hejnsvig,300000 ,10-05-2004,Alm. Salg,134,2239,4,1932,
530,Rækkehus,Rahbæksparken 448,7260, Sønder Omme,113000 ,09-05-2004,Alm. Salg,140,807,4,0,
530,Rækkehus,Rahbæksparken 452,7260, Sønder Omme,57500 ,09-05-2004,Alm. Salg,140,411,4,0,
530,Ejerlejlighed,"Grønningen 15, 1. mf",7200, Grindsted,248500 ,09-05-2004,Andet,40,6213,1,1968,
530,Ejerlejlighed,"Grønningen 13, 1. mf",7200, Grindsted,237590 ,09-05-2004,Andet,41,5795,1,1967,
530,Villa,Skovgårdsvej 21,7200, Grindsted,1950000 ,09-05-2004,Alm. Salg,121,16116,3,1905,
530,Villa,Hedelykkevej 7,7200, Grindsted,331500 ,08-05-2004,Fam. Salg,95,3489,2,1997,
530,Ejerlejlighed,"Banegårdsvej 23, 1",7200, Grindsted,595000 ,05-05-2004,Alm. Salg,62,9597,2,1987,
530,Villa,Mølleparken 122,7190, Billund,1385000 ,05-05-2004,Alm. Salg,151,9172,5,1977,
530,Villa,Billundvej 8,7250, Hejnsvig,895000 ,03-05-2004,Alm. Salg,123,7276,4,1952,
530,Villa,Kobjergvej 19,7190, Billund,525000 ,03-05-2004,Alm. Salg,82,6402,3,1893,
530,Villa,Birkeholtvej 24,7200, Grindsted,380183 ,03-05-2004,Alm. Salg,234,1625,3,2008,
530,Rækkehus,Søndervold 75,7200, Grindsted,1380000 ,02-05-2004,Alm. Salg,126,10952,4,2004,
530,Villa,Ølgodvej 45,7200, Grindsted,530000 ,30-04-2004,Alm. Salg,90,5889,4,1950,
530,Villa,Nørrebyvej 3,6623, Vorbasse,775000 ,30-04-2004,Alm. Salg,109,7110,5,1963,
530,Villa,Stenhøjvej 1A,7250, Hejnsvig,380000 ,30-04-2004,Alm. Salg,170,2235,6,1967,
530,Rækkehus,Jørgen Glavinds Vej 44,7200, Grindsted,293820 ,29-04-2004,Alm. Salg,95,3093,4,1955,
530,Villa,Kærtoften 2,7200, Grindsted,1030000 ,29-04-2004,Alm. Salg,164,6280,5,1979,
530,Villa,Østre Alle 16,7200, Grindsted,850000 ,29-04-2004,Alm. Salg,105,8095,4,1932,
530,Villa,Brinken 6,7200, Grindsted,1225000 ,29-04-2004,Alm. Salg,220,5568,8,1967,
530,Villa,Tingstedet 54,7190, Billund,615747 ,28-04-2004,Fam. Salg,137,4495,6,1995,
530,Villa,Kløvermarken 112,7190, Billund,1400000 ,28-04-2004,Alm. Salg,128,10145,4,1976,
530,Rækkehus,Søndervold 75,7200, Grindsted,1350000 ,27-04-2004,Alm. Salg,126,10714,4,2004,
530,Ejerlejlighed,"Grønningen 19, 1. th",7200, Grindsted,525000 ,27-04-2004,Alm. Salg,88,5966,3,1968,
530,Villa,Engsøparken 127,7200, Grindsted,356500 ,26-04-2004,Alm. Salg,178,2003,6,2005,
530,Villa,Lillevang 8,7190, Billund,825327 ,25-04-2004,Andet,191,4321,8,2001,
530,Villa,Ribersvej 182,7200, Grindsted,980000 ,25-04-2004,Alm. Salg,130,7538,5,1980,
530,Villa,Brombærvej 7,7200, Grindsted,495927 ,25-04-2004,Andet,168,2952,6,1967,
530,Villa,Søndervold 187,7200, Grindsted,240000 ,22-04-2004,Alm. Salg,183,1311,6,2005,
530,Villa,Rugvænget 4,7200, Grindsted,1050000 ,22-04-2004,Alm. Salg,156,6731,6,1963,
530,Villa,Enevej 6,7200, Grindsted,1130000 ,21-04-2004,Alm. Salg,136,8309,4,1987,
530,Villa,Søndervold 315,7200, Grindsted,1485000 ,21-04-2004,Alm. Salg,153,9706,5,1994,
530,Villa,Farvergade 6,7260, Sønder Omme,370000 ,18-04-2004,Alm. Salg,162,2284,7,1942,
530,Villa,Lyngvej 2,7200, Grindsted,650000 ,18-04-2004,Alm. Salg,110,5909,4,1966,
530,Villa,Jyllandsgade 53,7200, Grindsted,943376 ,18-04-2004,Alm. Salg,86,10969,3,1959,
530,Villa,Hørlycks Alle 20,7200, Grindsted,875000 ,15-04-2004,Alm. Salg,87,10057,3,1942,
530,Rækkehus,Søndervold 12,7200, Grindsted,820000 ,14-04-2004,Alm. Salg,96,8542,4,1992,
530,Villa,Østergade 32,6623, Vorbasse,800000 ,14-04-2004,Alm. Salg,136,5882,4,1969,
530,Rækkehus,Markskellet 16,7190, Billund,800000 ,13-04-2004,Alm. Salg,95,8421,3,1988,
530,Villa,Farvergade 1,7260, Sønder Omme,710000 ,13-04-2004,Fam. Salg,148,4797,5,1954,
530,Ejerlejlighed,"Grønningen 3, 1. th",7200, Grindsted,425000 ,12-04-2004,Alm. Salg,53,8019,2,1967,
530,Villa,Gyvelvænget 11,7200, Grindsted,975000 ,12-04-2004,Alm. Salg,97,10052,3,2006,
530,Villa,Lysningen 8,7190, Billund,1095000 ,12-04-2004,Alm. Salg,134,8172,4,1987,
530,Villa,Nygade 8,7200, Grindsted,437000 ,06-04-2004,Auktion,138,3167,5,1925,
530,Villa,Vestergade 79,7200, Grindsted,362500 ,06-04-2004,Alm. Salg,86,4215,4,1961,
530,Villa,Søllingdalvej 82,7250, Hejnsvig,625000 ,06-04-2004,Alm. Salg,144,4340,5,1977,
530,Villa,Stadion Alle 30,7260, Sønder Omme,425000 ,06-04-2004,Alm. Salg,100,4250,4,1947,
530,Ejerlejlighed,"Banegårdsvej 3B, 2. mf",7200, Grindsted,470000 ,05-04-2004,Alm. Salg,61,7705,2,1988,
530,Villa,Læsøvej 16,7200, Grindsted,1095000 ,05-04-2004,Alm. Salg,157,6975,6,1969,
530,Villa,Gribsøvej 4,7200, Grindsted,1130000 ,04-04-2004,Alm. Salg,147,7687,5,1974,
530,Villa,Skjoldbjergvej 12,6623, Vorbasse,1100000 ,04-04-2004,Alm. Salg,169,6509,5,1953,
530,Villa,Brinken 7,7200, Grindsted,750000 ,04-04-2004,Fam. Salg,236,3178,8,1965,
530,Villa,Rosengårdsvej 15,7250, Hejnsvig,680000 ,03-04-2004,Alm. Salg,125,5440,5,1974,
530,Villa,Søndervold 141,7200, Grindsted,1400000 ,01-04-2004,Alm. Salg,149,9396,5,2004,
530,Villa,Vedbendvej 6,7200, Grindsted,1100000 ,01-04-2004,Alm. Salg,175,6286,6,1975,
530,Villa,Egebjerg Landevej 88,7250, Hejnsvig,675000 ,01-04-2004,Alm. Salg,146,4623,5,1930,
530,Villa,Tjørnevej 3,7200, Grindsted,725000 ,01-04-2004,Alm. Salg,105,6905,4,1965,
530,Villa,Vestre Boulevard 60,7200, Grindsted,450000 ,31-03-2004,Alm. Salg,132,3409,5,1961,
530,Villa,Sønderkær 211,7190, Billund,1325000 ,31-03-2004,Alm. Salg,174,6726,7,1978,
530,Villa,Jyllandsgade 16,7200, Grindsted,742310 ,30-03-2004,Alm. Salg,97,7653,3,1950,
530,Villa,Æblevej 2,7250, Hejnsvig,490000 ,30-03-2004,Alm. Salg,129,3798,4,1947,
530,Villa,Vandværksvej 1,7260, Sønder Omme,450000 ,30-03-2004,Alm. Salg,104,4327,4,1900,
530,Villa,Hedegårdsvej 4,7190, Billund,1825000 ,30-03-2004,Alm. Salg,173,10549,7,1997,
530,Villa,Stadion Alle 18,7260, Sønder Omme,525000 ,30-03-2004,Alm. Salg,108,4861,5,1920,
530,Villa,Tarm Landevej 15,7260, Sønder Omme,750000 ,29-03-2004,Alm. Salg,139,5396,5,1966,
530,Villa,Fyrrevænget 207,7190, Billund,1230000 ,29-03-2004,Alm. Salg,181,6796,5,1969,
530,Villa,Jyllandsgade 23,7200, Grindsted,1095000 ,29-03-2004,Alm. Salg,162,6759,5,1968,
530,Rækkehus,Søndre Boulevard 339,7200, Grindsted,444993 ,28-03-2004,Alm. Salg,103,4320,4,1988,
530,Villa,Vandværksvej 1,7260, Sønder Omme,500000 ,28-03-2004,Alm. Salg,104,4808,4,1900,
530,Villa,Utoftvej 3,7190, Billund,425000 ,28-03-2004,Alm. Salg,81,5247,2,1957,
530,Rækkehus,Granvej 4,7200, Grindsted,660000 ,25-03-2004,Alm. Salg,89,7416,3,1914,
530,Villa,Solbakken 68,7260, Sønder Omme,1050000 ,25-03-2004,Alm. Salg,204,5147,6,1977,
530,Villa,Søgårdvej 73,7250, Hejnsvig,430000 ,25-03-2004,Fam. Salg,141,3050,5,1979,
530,Villa,Toften 69,7190, Billund,1150000 ,24-03-2004,Alm. Salg,194,5928,7,1968,
530,Villa,Hølvej 6,7190, Billund,95000 ,24-03-2004,Alm. Salg,140,413,9,1910,
530,Rækkehus,Bekkasinvej 10G,7200, Grindsted,1075000 ,23-03-2004,Alm. Salg,102,10539,3,2001,
530,Villa,Boldingvej 3,7250, Hejnsvig,1155015 ,23-03-2004,Alm. Salg,129,8954,5,2004,
530,Villa,Dalbo 64,7200, Grindsted,1150000 ,22-03-2004,Alm. Salg,157,7325,6,1979,
530,Villa,Sønderkær 377,7190, Billund,1150000 ,22-03-2004,Alm. Salg,130,8846,5,1984,
530,Villa,Engsøparken 123,7200, Grindsted,476500 ,22-03-2004,Alm. Salg,205,2324,5,2005,
530,Villa,Nollundvej 165,7200, Grindsted,405000 ,21-03-2004,Alm. Salg,150,2700,5,1947,
530,Villa,Vinkelvej 78,7250, Hejnsvig,650000 ,21-03-2004,Alm. Salg,62,10484,3,1959,
530,Villa,Amtsvejen 4,7200, Grindsted,650000 ,21-03-2004,Alm. Salg,173,3757,6,1919,
530,Villa,Kulsøvej 4,7200, Grindsted,970000 ,18-03-2004,Alm. Salg,163,5951,6,1974,
530,Villa,Grønvang 32,7260, Sønder Omme,540055 ,17-03-2004,Andet,110,4910,4,1970,
530,Villa,Grindstedvej 38,7260, Sønder Omme,258642 ,17-03-2004,Alm. Salg,77,3359,3,1956,
530,Villa,Engsøparken 49,7200, Grindsted,326500 ,17-03-2004,Alm. Salg,133,2455,6,2004,
530,Villa,Kærvej 323,7190, Billund,962000 ,16-03-2004,Alm. Salg,206,4670,6,1972,
530,Villa,Langgade 32,7250, Hejnsvig,365308 ,15-03-2004,Andet,208,1756,5,1916,
530,Villa,Grønvang 3,7260, Sønder Omme,1075000 ,14-03-2004,Alm. Salg,148,7264,5,1972,
530,Villa,Stadion Alle 20A,7260, Sønder Omme,830000 ,11-03-2004,Alm. Salg,162,5123,4,1918,
530,Villa,Kløvervænget 10,7200, Grindsted,520000 ,07-03-2004,Alm. Salg,105,4952,4,1964,
530,Villa,Dalbo 54,7200, Grindsted,830000 ,05-03-2004,Alm. Salg,112,7411,4,1979,
530,Villa,Egevænget 304,7190, Billund,915000 ,04-03-2004,Alm. Salg,140,6536,5,1972,
530,Villa,Solbakken 19,7260, Sønder Omme,890000 ,03-03-2004,Alm. Salg,154,5779,5,1978,
530,Villa,Søndervold 131,7200, Grindsted,1975000 ,02-03-2004,Alm. Salg,158,12500,6,2004,
530,Rækkehus,Søndervold 75,7200, Grindsted,319234 ,01-03-2004,Alm. Salg,126,2534,4,2004,
530,Villa,Søndergade 17,6623, Vorbasse,669810 ,01-03-2004,Alm. Salg,164,4084,4,1979,
530,Villa,Solbakken 23,7260, Sønder Omme,995000 ,29-02-2004,Alm. Salg,150,6633,6,1977,
530,Villa,Vestervang 10,7190, Billund,1380000 ,28-02-2004,Alm. Salg,187,7380,8,1987,
530,Villa,Mølleparken 111,7190, Billund,1135000 ,27-02-2004,Alm. Salg,154,7370,5,1976,
530,Villa,Birkevej 5,7260, Sønder Omme,850000 ,27-02-2004,Andet,149,5705,6,1970,
530,Villa,Nørager 19,7260, Sønder Omme,822424 ,26-02-2004,Fam. Salg,160,5140,7,1980,
530,Villa,Svinget 7,7200, Grindsted,795000 ,25-02-2004,Alm. Salg,100,7950,4,1956,
530,Villa,Engsøparken 43,7200, Grindsted,280000 ,25-02-2004,Alm. Salg,147,1905,5,2004,
530,Villa,Gilbjergvej 25,7250, Hejnsvig,360000 ,25-02-2004,Alm. Salg,94,3830,4,1948,
530,Rækkehus,Sønderkær 489,7190, Billund,790000 ,24-02-2004,Alm. Salg,110,7182,4,1983,
530,Villa,Tingstedet 46,7190, Billund,1350000 ,24-02-2004,Alm. Salg,193,6995,7,1994,
530,Villa,Lindevej 10,7190, Billund,900000 ,24-02-2004,Alm. Salg,155,5806,6,1972,
530,Villa,Vilhelmsmindevej 50,7260, Sønder Omme,1050000 ,24-02-2004,Alm. Salg,120,8750,4,1922,
530,Villa,Vestervang 4,7190, Billund,1002000 ,24-02-2004,Auktion,140,7157,5,1987,
530,Villa,Mølleparken 136,7190, Billund,1120000 ,23-02-2004,Alm. Salg,161,6957,5,1975,
530,Villa,Søndre Boulevard 261,7200, Grindsted,1450000 ,18-02-2004,Alm. Salg,152,9539,5,1990,
530,Villa,Søndervold 170,7200, Grindsted,296500 ,17-02-2004,Alm. Salg,183,1620,6,2005,
530,Villa,Søndervold 189,7200, Grindsted,250000 ,16-02-2004,Alm. Salg,171,1462,5,2004,
530,Villa,Dalsvej 19,7200, Grindsted,760000 ,15-02-2004,Alm. Salg,164,4634,5,1962,
530,Villa,Egebjerg Landevej 86,7250, Hejnsvig,585000 ,12-02-2004,Alm. Salg,143,4091,4,1931,
530,Villa,Nørager 23,7260, Sønder Omme,815000 ,12-02-2004,Alm. Salg,127,6417,4,1979,
530,Villa,Knudsøvej 8,7200, Grindsted,1150000 ,10-02-2004,Alm. Salg,173,6647,6,1975,
530,Villa,Søndervold 179,7200, Grindsted,250000 ,09-02-2004,Alm. Salg,173,1445,7,2004,
530,Villa,Amtsvejen 23,7200, Grindsted,589438 ,09-02-2004,Alm. Salg,97,6077,4,1942,
530,Villa,Nørrevej 19,7200, Grindsted,1400000 ,05-02-2004,Alm. Salg,241,5809,7,1973,
530,Villa,Tusborgvej 17,7200, Grindsted,2375000 ,05-02-2004,Alm. Salg,163,14571,5,1935,
530,Villa,Anemonevej 11,7200, Grindsted,1190000 ,03-02-2004,Alm. Salg,144,8264,6,1961,
530,Villa,Fyrrevænget 111,7190, Billund,865000 ,03-02-2004,Alm. Salg,149,5805,5,1969,
530,Villa,Morsbølvej 66,7200, Grindsted,2100000 ,03-02-2004,Alm. Salg,281,7473,7,1970,
530,Villa,Sønderkær 227,7190, Billund,1300000 ,03-02-2004,Alm. Salg,255,5098,10,1980,
530,Rækkehus,Markskellet 19,7190, Billund,695000 ,02-02-2004,Alm. Salg,81,8580,3,1988,
530,Villa,Åglimt 15,7200, Grindsted,775000 ,02-02-2004,Alm. Salg,120,6458,4,1970,
530,Villa,Jernbanegade 16,7200, Grindsted,1200000 ,30-01-2004,Alm. Salg,110,10909,6,1930,
530,Villa,Bogholdervej 1C,6623, Vorbasse,1150000 ,29-01-2004,Alm. Salg,167,6886,5,2003,
530,Villa,Dalsvinget 60,7200, Grindsted,1145000 ,29-01-2004,Alm. Salg,146,7842,5,1978,
530,Villa,Bøvlvej 173,7260, Sønder Omme,420000 ,29-01-2004,Alm. Salg,114,3684,5,1941,
530,Villa,Rankenbjergvej 5,6623, Vorbasse,767000 ,28-01-2004,Alm. Salg,124,6185,3,1902,
530,Villa,Hovborgvej 34A,6623, Vorbasse,3388000 ,27-01-2004,Alm. Salg,465,7286,11,1907,
530,Villa,Tarm Landevej 29,7260, Sønder Omme,5400000 ,27-01-2004,Alm. Salg,339,15929,7,1917,
530,Villa,Aakjærsvej 16,7200, Grindsted,730000 ,27-01-2004,Alm. Salg,107,6822,4,1946,
530,Villa,Toften 4,7190, Billund,650000 ,26-01-2004,Alm. Salg,158,4114,5,1966,
530,Villa,Æblevej 10,7250, Hejnsvig,430000 ,26-01-2004,Alm. Salg,111,3874,4,1960,
530,Ejerlejlighed,"Grønningen 19, st. tv",7200, Grindsted,536195 ,25-01-2004,Alm. Salg,88,6093,3,1968,
530,Villa,Nollundvej 87,7200, Grindsted,660000 ,25-01-2004,Alm. Salg,137,4818,4,1963,
530,Villa,Mølleparken 256,7190, Billund,985000 ,25-01-2004,Alm. Salg,152,6480,5,1975,
530,Villa,Vestervang 4,7190, Billund,537500 ,22-01-2004,Andet,140,3839,5,1987,
530,Villa,Holdgårdsvej 9,7260, Sønder Omme,240000 ,22-01-2004,Fam. Salg,123,1951,4,1934,
530,Villa,Lærke Alle 1,7260, Sønder Omme,785000 ,22-01-2004,Alm. Salg,121,6488,4,1969,
530,Rækkehus,Vestre Boulevard 10,7200, Grindsted,590000 ,21-01-2004,Alm. Salg,105,5619,4,1932,
530,Ejerlejlighed,Klostervej 26,7200, Grindsted,1540000 ,21-01-2004,Alm. Salg,245,6286,10,1991,
530,Villa,Tyttebærvej 13,7200, Grindsted,1105000 ,21-01-2004,Alm. Salg,146,7568,5,1968,
530,Villa,Okslundvej 82,6623, Vorbasse,2612724 ,20-01-2004,Alm. Salg,228,11459,6,1995,
530,Villa,Søndergade 8A,6623, Vorbasse,855000 ,19-01-2004,Alm. Salg,155,5516,6,1973,
530,Villa,Vejlevej 35,7260, Sønder Omme,575000 ,17-01-2004,Fam. Salg,111,5180,4,1965,
530,Rækkehus,Dalsvinget 20B,7200, Grindsted,661469 ,16-01-2004,Alm. Salg,102,6485,4,1978,
530,Villa,Flintemarken 4,7190, Billund,900000 ,13-01-2004,Alm. Salg,158,5696,6,1987,
530,Villa,Gribsøvej 1,7200, Grindsted,970000 ,12-01-2004,Alm. Salg,144,6736,5,1975,
530,Villa,Østervangsvej 4,7200, Grindsted,250000 ,11-01-2004,Alm. Salg,108,2315,3,1932,
530,Villa,Bækkevej 2,6623, Vorbasse,475000 ,11-01-2004,Alm. Salg,130,3654,3,1936,
530,Villa,Krogagervej 14,7200, Grindsted,58593 ,11-01-2004,Alm. Salg,143,410,4,1955,
530,Rækkehus,Sydtoften 15,7200, Grindsted,795000 ,09-01-2004,Alm. Salg,82,9695,3,1982,
530,Villa,Grindstedvej 70,7260, Sønder Omme,405000 ,09-01-2004,Alm. Salg,88,4602,3,1962,
530,Villa,Plougslundvej 205,7190, Billund,831000 ,09-01-2004,Alm. Salg,147,5653,5,1973,
530,Rækkehus,Søndre Boulevard 369,7200, Grindsted,780000 ,05-01-2004,Alm. Salg,83,9398,3,1987,
530,Villa,Stationsvej 21,7200, Grindsted,500000 ,05-01-2004,Alm. Salg,105,4762,4,1963,
530,Villa,Dalsøvej 117,7200, Grindsted,775000 ,04-01-2004,Andet,120,6458,4,1980,
530,Villa,Søndervold 102,7200, Grindsted,1375000 ,04-01-2004,Alm. Salg,161,8540,5,1996,
530,Villa,Skovgårdsvej 4,7200, Grindsted,2700000 ,04-01-2004,Alm. Salg,213,12676,6,1960,
530,Villa,Jorden Rundt 11,7200, Grindsted,517646 ,03-01-2004,Alm. Salg,98,5282,4,1961,
530,Villa,Nørregade 8,6623, Vorbasse,200000 ,01-01-2004,Alm. Salg,258,775,6,1922,
530,Ejerlejlighed,"Hovedgaden 43, st",7260, Sønder Omme,1025000 ,28-12-2003,Alm. Salg,73,14041,2,1930,
530,Ejerlejlighed,"Grønningen 23, 2. tv",7200, Grindsted,450000 ,28-12-2003,Alm. Salg,88,5114,3,1968,
530,Ejerlejlighed,"Sønderbro 4, 1",7260, Sønder Omme,1025000 ,28-12-2003,Alm. Salg,67,15299,2,1930,
530,Ejerlejlighed,"Sønderbro 2, 1",7260, Sønder Omme,1025000 ,28-12-2003,Alm. Salg,96,10677,3,1930,
530,Ejerlejlighed,"Sønderbro 6, st",7260, Sønder Omme,1025000 ,28-12-2003,Alm. Salg,74,13851,2,1930,
530,Villa,Granvej 6,7200, Grindsted,830000 ,22-12-2003,Alm. Salg,192,4323,5,1915,
530,Ejerlejlighed,"Solvej 24, 1",7200, Grindsted,1000000 ,21-12-2003,Alm. Salg,103,9709,3,2003,
530,Villa,Høstvej 3,7250, Hejnsvig,570000 ,21-12-2003,Fam. Salg,136,4191,5,1968,
530,Villa,Toften 26,7200, Grindsted,525000 ,21-12-2003,Alm. Salg,108,4861,4,1978,
530,Villa,Egeparken 12,7260, Sønder Omme,575000 ,18-12-2003,Andet,154,3734,5,1998,
530,Villa,Mølleparken 338,7190, Billund,850000 ,18-12-2003,Alm. Salg,133,6391,5,1981,
530,Ejerlejlighed,"Grønningen 11, 2. th",7200, Grindsted,525000 ,17-12-2003,Alm. Salg,100,5250,4,1967,
530,Villa,Tranevej 4,7200, Grindsted,1300000 ,16-12-2003,Alm. Salg,168,7738,5,1976,
530,Villa,Vejle Landevej 53,7200, Grindsted,350000 ,16-12-2003,Andet,103,3398,4,1952,
530,Villa,Toften 3,7200, Grindsted,742952 ,16-12-2003,Alm. Salg,156,4763,5,1967,
530,Villa,Nørrevej 20,7200, Grindsted,595000 ,15-12-2003,Alm. Salg,104,5721,4,1970,
530,Villa,Langgade 54,7250, Hejnsvig,550000 ,14-12-2003,Alm. Salg,136,4044,4,1978,
530,Rækkehus,Sønderkær 455,7190, Billund,640000 ,12-12-2003,Alm. Salg,77,8312,3,1985,
530,Villa,Søndergade 4,6623, Vorbasse,535000 ,11-12-2003,Alm. Salg,139,3849,4,1934,
530,Villa,Daugårdvej 35,7250, Hejnsvig,350000 ,11-12-2003,Alm. Salg,58,6034,2,1935,
530,Villa,Nørrevej 26,7200, Grindsted,305000 ,10-12-2003,Alm. Salg,142,2148,5,1974,
530,Villa,Mølleparken 232,7190, Billund,900000 ,09-12-2003,Fam. Salg,165,5455,6,1976,
530,Villa,Blåhøjvej 37,7200, Grindsted,300000 ,08-12-2003,Auktion,102,2941,4,1926,
530,Villa,Egevænget 115,7190, Billund,760000 ,08-12-2003,Alm. Salg,133,5714,5,1972,
530,Villa,Pilevej 11,7200, Grindsted,324018 ,07-12-2003,Andet,174,1862,6,2019,
530,Villa,Ribersvej 240,7200, Grindsted,840000 ,06-12-2003,Alm. Salg,151,5563,5,1981,
530,Villa,Søndervænget 2,6623, Vorbasse,902574 ,04-12-2003,Alm. Salg,145,6225,6,1990,
530,Villa,Egevænget 302,7190, Billund,740000 ,04-12-2003,Alm. Salg,120,6167,4,1971,
530,Villa,Tarm Landevej 25,7260, Sønder Omme,745000 ,01-12-2003,Alm. Salg,227,3282,6,1942,
530,Villa,Nørregade 35,7200, Grindsted,792000 ,01-12-2003,Alm. Salg,83,9542,2,1938,
530,Villa,Morsbølvej 92,7200, Grindsted,1850000 ,01-12-2003,Alm. Salg,200,9250,7,1969,
530,Villa,Østervænget 2A,6623, Vorbasse,700000 ,01-12-2003,Alm. Salg,131,5344,5,1982,
530,Villa,Grindstedvej 45,7260, Sønder Omme,375000 ,30-11-2003,Alm. Salg,268,1399,7,1995,
530,Villa,Toften 25,7200, Grindsted,525000 ,29-11-2003,Alm. Salg,122,4303,4,1977,
530,Villa,Rahbæksvej 4,7260, Sønder Omme,750000 ,27-11-2003,Alm. Salg,162,4630,5,1976,
530,Villa,Gammel Hejnsvigvej 10,7190, Billund,656000 ,27-11-2003,Alm. Salg,105,6248,3,1968,
530,Villa,Skovparken 402,7190, Billund,373745 ,26-11-2003,Fam. Salg,121,3089,5,1965,
530,Villa,Abildvej 11,7200, Grindsted,860000 ,26-11-2003,Alm. Salg,163,5276,5,1972,
530,Villa,Lindevej 14,7200, Grindsted,1975000 ,26-11-2003,Alm. Salg,158,12500,6,1990,
530,Villa,Bredgade 46,7250, Hejnsvig,540000 ,25-11-2003,Alm. Salg,145,3724,6,1924,
530,Rækkehus,Grønningen 24,7190, Billund,825000 ,24-11-2003,Alm. Salg,73,11301,2,1988,
530,Villa,Egevænget 407,7190, Billund,1350000 ,24-11-2003,Alm. Salg,133,10150,4,1971,
530,Villa,Hovedgaden 23,7260, Sønder Omme,564000 ,23-11-2003,Alm. Salg,154,3662,5,1923,
530,Villa,Ølgodvej 10,7200, Grindsted,100000 ,23-11-2003,Alm. Salg,103,971,3,2015,
530,Villa,Vejle Landevej 63,7200, Grindsted,1197000 ,20-11-2003,Alm. Salg,272,4401,8,1954,
530,Rækkehus,Bekkasinvej 10M,7200, Grindsted,900000 ,19-11-2003,Alm. Salg,87,10345,3,2001,
530,Villa,Hovborgvej 10B,6623, Vorbasse,980000 ,18-11-2003,Alm. Salg,116,8448,5,1997,
530,Villa,Blåbærvej 5,7200, Grindsted,800000 ,18-11-2003,Alm. Salg,109,7339,4,1966,
530,Villa,Solbakken 28,7260, Sønder Omme,680000 ,17-11-2003,Alm. Salg,121,5620,4,1976,
530,Villa,Enevej 15,7200, Grindsted,1395000 ,17-11-2003,Alm. Salg,195,7154,6,1977,
530,Villa,Sønderkær 361,7190, Billund,2175000 ,17-11-2003,Alm. Salg,168,12946,6,1984,
530,Villa,Søgårdvej 81,7250, Hejnsvig,815000 ,14-11-2003,Alm. Salg,135,6037,6,1985,
530,Villa,Færøvej 7,7200, Grindsted,850000 ,12-11-2003,Alm. Salg,218,3899,8,1970,
530,Villa,Vandværksvej 1,7260, Sønder Omme,895000 ,12-11-2003,Alm. Salg,104,8606,4,1900,
530,Villa,Syrenvej 2,7200, Grindsted,700000 ,11-11-2003,Alm. Salg,114,6140,4,1961,
530,Villa,Søndergade 4,7250, Hejnsvig,361623 ,10-11-2003,Alm. Salg,222,1629,10,1925,
530,Villa,Møllebakken 2,7250, Hejnsvig,412500 ,10-11-2003,Alm. Salg,112,3683,4,1932,
530,Villa,Lillevang 43,7190, Billund,253213 ,09-11-2003,Alm. Salg,169,1498,5,2005,
530,Villa,Lillevang 43,7190, Billund,252764 ,08-11-2003,Alm. Salg,169,1496,5,2005,
530,Villa,Ribersvej 132,7200, Grindsted,760000 ,06-11-2003,Alm. Salg,160,4750,6,1979,
530,Villa,Storegade 30,7200, Grindsted,1150000 ,05-11-2003,Alm. Salg,188,6117,5,1922,
530,Villa,Nygade 23,7200, Grindsted,1200000 ,05-11-2003,Fam. Salg,108,11111,3,1959,
530,Villa,Solbakken 33,7260, Sønder Omme,870000 ,04-11-2003,Alm. Salg,139,6259,6,1976,
530,Villa,Kulsøvej 6,7200, Grindsted,455206 ,03-11-2003,Fam. Salg,152,2995,6,1975,
530,Villa,Søndervold 172,7200, Grindsted,260000 ,03-11-2003,Alm. Salg,161,1615,7,2004,
530,Villa,Kærtoften 22,7200, Grindsted,810000 ,02-11-2003,Alm. Salg,154,5260,4,1970,
530,Villa,Havrevænget 26,7200, Grindsted,725000 ,02-11-2003,Alm. Salg,91,7967,3,1963,
530,Villa,Søndervold 131,7200, Grindsted,260000 ,30-10-2003,Alm. Salg,158,1646,6,2004,
530,Villa,Søndervold 145,7200, Grindsted,245000 ,30-10-2003,Alm. Salg,170,1441,6,2004,
530,Villa,Systemvej 11,7190, Billund,850000 ,29-10-2003,Alm. Salg,91,9341,3,1947,
530,Villa,Ribersvej 110,7200, Grindsted,1135000 ,28-10-2003,Alm. Salg,216,5255,5,1992,
530,Villa,Søndervold 139,7200, Grindsted,265000 ,28-10-2003,Alm. Salg,168,1577,4,2004,
530,Villa,Vandværksvej 9,7260, Sønder Omme,460000 ,27-10-2003,Alm. Salg,130,3538,4,1968,
530,Rækkehus,Sydtoften 149,7200, Grindsted,925000 ,26-10-2003,Fam. Salg,106,8726,4,1984,
530,Villa,Lillevang 10,7190, Billund,1955000 ,26-10-2003,Alm. Salg,219,8927,7,2001,
530,Villa,Tjørnevej 13,7200, Grindsted,1065000 ,26-10-2003,Alm. Salg,160,6656,7,1965,
530,Villa,Vibevej 2,7190, Billund,650000 ,26-10-2003,Alm. Salg,166,3916,6,1966,
530,Villa,Kløvervænget 5,7200, Grindsted,836000 ,26-10-2003,Alm. Salg,224,3732,6,1964,
530,Villa,Dalsøvej 13,7200, Grindsted,725000 ,23-10-2003,Alm. Salg,150,4833,4,1977,
530,Villa,Fyrrevænget 416,7190, Billund,408531 ,22-10-2003,Alm. Salg,123,3321,4,1970,
530,Villa,Sønderby Mosevej 8,7200, Grindsted,1350000 ,22-10-2003,Alm. Salg,174,7759,6,1995,
530,Villa,Odinsvej 24,7200, Grindsted,1375000 ,21-10-2003,Alm. Salg,229,6004,11,1972,
530,Villa,Søndervold 135,7200, Grindsted,240000 ,20-10-2003,Alm. Salg,149,1611,5,2004,
530,Villa,Østermosevej 7,6623, Vorbasse,60000 ,20-10-2003,Alm. Salg,165,364,5,2009,
530,Villa,Solsortvej 9,7190, Billund,655000 ,19-10-2003,Alm. Salg,132,4962,6,1960,
530,Rækkehus,Prærien 44,7200, Grindsted,560000 ,16-10-2003,Alm. Salg,101,5545,4,1984,
530,Ejerlejlighed,"Grønningen 21, st. tv",7200, Grindsted,415000 ,16-10-2003,Alm. Salg,76,5461,2,1968,
530,Villa,Nørreled 27,7200, Grindsted,518208 ,16-10-2003,Fam. Salg,134,3867,5,1953,
530,Villa,Søndervold 147,7200, Grindsted,265000 ,15-10-2003,Alm. Salg,178,1489,5,2005,
530,Villa,Slaugvej 6,6623, Vorbasse,514485 ,15-10-2003,Alm. Salg,138,3728,7,1936,
530,Villa,Vestergade 49,7200, Grindsted,750000 ,15-10-2003,Alm. Salg,99,7576,3,1959,
530,Rækkehus,Herningvej 8,7260, Sønder Omme,250000 ,14-10-2003,Alm. Salg,102,2451,3,1919,
530,Ejerlejlighed,"Nørregade 16, 1",7200, Grindsted,1350000 ,13-10-2003,Alm. Salg,88,15341,3,1917,
530,Villa,Lillevang 3,7190, Billund,322809 ,13-10-2003,Alm. Salg,153,2110,5,2004,
530,Villa,Grindstedvej 62,7260, Sønder Omme,572000 ,13-10-2003,Alm. Salg,100,5720,3,1927,
530,Villa,Egevænget 412,7190, Billund,940000 ,12-10-2003,Alm. Salg,143,6573,4,1972,
530,Villa,Søndervold 143,7200, Grindsted,240000 ,10-10-2003,Alm. Salg,156,1538,6,2004,
530,Villa,Lillevang 31,7190, Billund,330164 ,09-10-2003,Alm. Salg,189,1747,6,2004,
530,Villa,Tingstedet 112,7190, Billund,721942 ,09-10-2003,Fam. Salg,194,3721,8,1998,
530,Villa,Sønderkær 381,7190, Billund,960000 ,08-10-2003,Alm. Salg,185,5189,8,1985,
530,Villa,Pilevej 11,7200, Grindsted,640000 ,07-10-2003,Alm. Salg,174,3678,6,2019,
530,Villa,Æblevej 5,7250, Hejnsvig,560000 ,07-10-2003,Alm. Salg,106,5283,3,1965,
530,Villa,Holdgårdsvej 6,7260, Sønder Omme,680000 ,07-10-2003,Alm. Salg,112,6071,4,1959,
530,Villa,Blåhøjvej 7,7200, Grindsted,251600 ,07-10-2003,Alm. Salg,79,3185,4,1943,
530,Villa,Prærien 52,7200, Grindsted,1190000 ,06-10-2003,Alm. Salg,182,6538,6,1980,
530,Villa,Østergaardsvej 12,7200, Grindsted,500000 ,05-10-2003,Alm. Salg,162,3086,6,1913,
530,Villa,Søndervold 137,7200, Grindsted,275000 ,05-10-2003,Alm. Salg,161,1708,5,2004,
530,Ejerlejlighed,"Nørregade 16, 1",7200, Grindsted,576000 ,02-10-2003,Alm. Salg,88,6545,3,1917,
530,Villa,Tarm Landevej 16,7260, Sønder Omme,1200000 ,02-10-2003,Alm. Salg,236,5085,8,1935,
530,Villa,Søndervold 133,7200, Grindsted,265000 ,02-10-2003,Alm. Salg,156,1699,6,2004,
530,Rækkehus,Systemvej 36A,7190, Billund,800000 ,01-10-2003,Alm. Salg,99,8081,4,1964,
530,Villa,Glentevej 11,7200, Grindsted,642500 ,01-10-2003,Alm. Salg,81,7932,3,1961,
530,Villa,Engsøparken 77,7200, Grindsted,241000 ,01-10-2003,Alm. Salg,120,2008,5,2004,
530,Villa,Ribersvej 66,7200, Grindsted,870214 ,26-09-2003,Alm. Salg,123,7075,4,1978,
530,Villa,Skole Alle 12,7260, Sønder Omme,1095000 ,25-09-2003,Alm. Salg,215,5093,6,1900,
530,Villa,Østerbrogade 7,7200, Grindsted,1245000 ,25-09-2003,Alm. Salg,125,9960,4,1961,
530,Villa,Eg Mejerivej 1,7200, Grindsted,530000 ,24-09-2003,Alm. Salg,151,3510,6,1920,
530,Villa,Ribersvej 160,7200, Grindsted,950000 ,23-09-2003,Alm. Salg,121,7851,4,1980,
530,Villa,Lysningen 10,7190, Billund,899000 ,23-09-2003,Alm. Salg,100,8990,4,1987,
530,Villa,Rosengårdsvej 4,7250, Hejnsvig,292692 ,22-09-2003,Alm. Salg,187,1565,7,1973,
530,Ejerlejlighed,"Banegårdsvej 17, st",7200, Grindsted,700000 ,21-09-2003,Alm. Salg,68,10294,2,1987,
530,Rækkehus,Lysningen 18,7190, Billund,860000 ,18-09-2003,Alm. Salg,99,8687,4,1986,
530,Villa,Sønderkær 242,7190, Billund,975000 ,18-09-2003,Alm. Salg,143,6818,4,1978,
530,Villa,Bygvænget 33,7200, Grindsted,750000 ,18-09-2003,Alm. Salg,90,8333,3,1962,
530,Villa,Østergaardsvej 4,7200, Grindsted,790000 ,17-09-2003,Alm. Salg,190,4158,8,1900,
530,Villa,Grindsted Landevej 7,7200, Grindsted,675000 ,17-09-2003,Alm. Salg,89,7584,3,1959,
530,Villa,Østergade 58,6623, Vorbasse,665000 ,17-09-2003,Alm. Salg,132,5038,3,1940,
530,Villa,Tingstedet 100,7190, Billund,1790000 ,16-09-2003,Alm. Salg,192,9323,5,1999,
530,Villa,Billundvej 47,7250, Hejnsvig,2600000 ,15-09-2003,Alm. Salg,335,7761,7,1916,
530,Villa,Grindsted Landevej 98,7200, Grindsted,395322 ,15-09-2003,Fam. Salg,143,2764,6,1878,
530,Villa,Sønderkær 205,7190, Billund,830000 ,15-09-2003,Alm. Salg,118,7034,4,1977,
530,Villa,Toften 71,7190, Billund,850000 ,14-09-2003,Alm. Salg,133,6391,5,1970,
530,Ejerlejlighed,"Solvej 60, 4",7200, Grindsted,1075000 ,11-09-2003,Alm. Salg,103,10437,3,2003,
530,Villa,Daugårdvej 37,7250, Hejnsvig,170000 ,11-09-2003,Fam. Salg,110,1545,3,1954,
530,Ejerlejlighed,"Grønningen 13, 2. mf",7200, Grindsted,240000 ,10-09-2003,Fam. Salg,41,5854,1,1967,
530,Ejerlejlighed,"Grønningen 15, 2. mf",7200, Grindsted,230000 ,10-09-2003,Fam. Salg,40,5750,1,1968,
530,Ejerlejlighed,"Grønningen 17, st. th",7200, Grindsted,470000 ,10-09-2003,Fam. Salg,88,5341,3,1968,
530,Rækkehus,Markskellet 17,7190, Billund,660000 ,09-09-2003,Fam. Salg,81,8148,3,1988,
530,Rækkehus,Søndervold 16,7200, Grindsted,520000 ,09-09-2003,Fam. Salg,59,8814,2,1989,
530,Ejerlejlighed,"Nygade 19F, 1",7200, Grindsted,440000 ,09-09-2003,Fam. Salg,60,7333,2,1985,
530,Ejerlejlighed,"Grønningen 21, 1. th",7200, Grindsted,560000 ,09-09-2003,Fam. Salg,100,5600,4,1968,
530,Villa,Tingstedet 105,7190, Billund,1250000 ,09-09-2003,Fam. Salg,142,8803,6,1998,
530,Villa,Grønningen 42,7190, Billund,1350000 ,09-09-2003,Fam. Salg,147,9184,6,1998,
530,Villa,Klosterhedevej 5,7200, Grindsted,940000 ,09-09-2003,Alm. Salg,123,7642,4,1973,
530,Villa,Lupinvænget 3,7200, Grindsted,477735 ,09-09-2003,Fam. Salg,138,3462,5,1964,
530,Villa,Fynsgade 5,7200, Grindsted,880000 ,09-09-2003,Fam. Salg,130,6769,5,1960,
530,Villa,Nebelvej 3,6623, Vorbasse,300000 ,08-09-2003,Alm. Salg,124,2419,4,2016,
530,Ejerlejlighed,"Solvej 62, 4",7200, Grindsted,1075000 ,07-09-2003,Alm. Salg,103,10437,3,2003,
530,Rækkehus,Søndervold 20,7200, Grindsted,563000 ,05-09-2003,Alm. Salg,59,9542,2,1989,
530,Villa,Dalbo 61,7200, Grindsted,950000 ,05-09-2003,Alm. Salg,154,6169,6,1978,
530,Villa,Tingstedet 39,7190, Billund,1550000 ,04-09-2003,Alm. Salg,148,10473,5,1994,
530,Villa,Fuglsøvej 6,7200, Grindsted,1250000 ,03-09-2003,Alm. Salg,180,6944,5,1975,
530,Rækkehus,Sønderkær 453,7190, Billund,860000 ,01-09-2003,Alm. Salg,135,6370,5,1983,
530,Villa,Tingstedet 33,7190, Billund,1290000 ,01-09-2003,Alm. Salg,180,7167,8,1995,
530,Villa,Midtgårdvej 23,7200, Grindsted,718984 ,01-09-2003,Fam. Salg,116,6198,4,1985,
530,Villa,Søndervold 327,7200, Grindsted,1600000 ,01-09-2003,Alm. Salg,161,9938,6,1995,
530,Villa,Daugårdvej 6,7250, Hejnsvig,1240000 ,01-09-2003,Alm. Salg,204,6078,6,1954,
530,Villa,Tingstedet 103,7190, Billund,1565000 ,31-08-2003,Alm. Salg,169,9260,6,1998,
530,Villa,Dalsvinget 8,7200, Grindsted,1102942 ,31-08-2003,Alm. Salg,159,6526,6,1977,
530,Villa,Krarupvej 8,7200, Grindsted,615000 ,31-08-2003,Alm. Salg,101,6089,3,1953,
530,Rækkehus,Grønningen 2A,7190, Billund,660000 ,28-08-2003,Alm. Salg,81,8148,3,1987,
530,Villa,Engvej 16,7200, Grindsted,496242 ,28-08-2003,Alm. Salg,153,3243,4,1918,
530,Villa,Bredgade 15,7250, Hejnsvig,416500 ,27-08-2003,Fam. Salg,222,1876,7,1902,
530,Villa,Bredgade 57,7250, Hejnsvig,355000 ,27-08-2003,Alm. Salg,147,2415,6,1926,
530,Villa,Aakjærsvej 2,7200, Grindsted,583489 ,26-08-2003,Alm. Salg,94,6207,2,1942,
530,Ejerlejlighed,"Grønningen 5, 2. th",7200, Grindsted,550000 ,24-08-2003,Alm. Salg,100,5500,4,1967,
530,Villa,Vestervang 13,7190, Billund,1195000 ,22-08-2003,Alm. Salg,145,8241,6,1987,
530,Villa,Fynsgade 62,7200, Grindsted,720000 ,21-08-2003,Alm. Salg,123,5854,4,1959,
530,Villa,Sjællandsgade 5,7200, Grindsted,1215000 ,20-08-2003,Alm. Salg,133,9135,5,1950,
530,Villa,Midtkjærvej 9,7250, Hejnsvig,760000 ,18-08-2003,Alm. Salg,179,4246,8,1927,
530,Villa,Jasminvej 6,7200, Grindsted,1470000 ,17-08-2003,Alm. Salg,157,9363,5,1988,
530,Villa,Birkebæk Alle 5,7260, Sønder Omme,489000 ,16-08-2003,Alm. Salg,97,5041,4,1951,
530,Villa,Daltoften 16,7200, Grindsted,770000 ,12-08-2003,Alm. Salg,121,6364,4,1980,
530,Villa,Skrænten 8,7250, Hejnsvig,750000 ,11-08-2003,Alm. Salg,141,5319,5,1985,
530,Villa,Lindevej 2,7200, Grindsted,850000 ,11-08-2003,Alm. Salg,165,5152,6,1961,
530,Villa,Sønderkær 389,7190, Billund,1150000 ,10-08-2003,Alm. Salg,185,6216,6,1987,
530,Villa,Fitting Stationsvej 18,6623, Vorbasse,440000 ,08-08-2003,Alm. Salg,242,1818,6,1929,
530,Villa,Tranebærvej 4,7200, Grindsted,925000 ,07-08-2003,Alm. Salg,160,5781,4,1966,
530,Villa,Primulavej 7,7200, Grindsted,1144000 ,05-08-2003,Alm. Salg,169,6769,5,1962,
530,Villa,Boldingvej 10,7250, Hejnsvig,1300000 ,05-08-2003,Alm. Salg,134,9701,5,1965,
530,Villa,Dalsøvej 29,7200, Grindsted,905000 ,01-08-2003,Alm. Salg,192,4714,7,1976,
530,Villa,Ribersvej 58,7200, Grindsted,750000 ,31-07-2003,Alm. Salg,134,5597,5,1978,
530,Villa,Vestergade 91,7200, Grindsted,872426 ,31-07-2003,Alm. Salg,164,5320,6,1947,
530,Villa,Svinget 9,7200, Grindsted,795000 ,31-07-2003,Alm. Salg,90,8833,3,1956,
530,Villa,Tingstedet 38,7190, Billund,1390000 ,30-07-2003,Alm. Salg,141,9858,6,1996,
530,Villa,Lysningen 6,7190, Billund,847500 ,30-07-2003,Alm. Salg,106,7995,3,1987,
530,Villa,Stadion Alle 32,7260, Sønder Omme,225000 ,29-07-2003,Alm. Salg,67,3358,3,1950,
530,Villa,Langgade 59,7250, Hejnsvig,480000 ,24-07-2003,Alm. Salg,122,3934,4,1977,
530,Villa,Nebelvej 27,6623, Vorbasse,82500 ,23-07-2003,Alm. Salg,144,573,5,2004,
530,Villa,Dalsvinget 3,7200, Grindsted,1035000 ,23-07-2003,Alm. Salg,172,6017,6,1976,
530,Villa,Søndermarksvej 405,7190, Billund,670000 ,23-07-2003,Alm. Salg,137,4891,5,1971,
530,Villa,Engvej 5,7200, Grindsted,1175000 ,23-07-2003,Alm. Salg,116,10129,5,1952,
530,Villa,Havrevænget 12,7200, Grindsted,715000 ,22-07-2003,Alm. Salg,78,9167,3,1962,
530,Villa,Søvangvej 10,7200, Grindsted,845000 ,21-07-2003,Alm. Salg,166,5090,3,1966,
530,Villa,Sønderkær 271,7190, Billund,935000 ,20-07-2003,Alm. Salg,231,4048,8,1979,
530,Villa,Solvej 3,7190, Billund,845000 ,18-07-2003,Alm. Salg,201,4204,5,1942,
530,Villa,Vilhelmsmindevej 46,7260, Sønder Omme,560000 ,17-07-2003,Alm. Salg,144,3889,5,1941,
530,Villa,Sønderkær 267,7190, Billund,521227 ,15-07-2003,Alm. Salg,148,3522,5,1979,
530,Villa,Tronsø Parkvej 9,7200, Grindsted,673799 ,15-07-2003,Alm. Salg,89,7571,3,1949,
530,Villa,Birkeholtvej 24,7200, Grindsted,700000 ,15-07-2003,Alm. Salg,234,2991,3,2008,
530,Villa,Toften 41,7190, Billund,700000 ,15-07-2003,Alm. Salg,94,7447,3,1970,
530,Rækkehus,Mølleparken 302D,7190, Billund,615000 ,14-07-2003,Alm. Salg,77,7987,3,1985,
530,Villa,Grønvang 15,7260, Sønder Omme,615000 ,14-07-2003,Alm. Salg,125,4920,4,1974,
530,Villa,Tranebærvej 12,7200, Grindsted,876444 ,13-07-2003,Alm. Salg,111,7896,4,1966,
530,Villa,Nørrevej 23,7200, Grindsted,857805 ,13-07-2003,Alm. Salg,155,5534,6,1986,
530,Villa,Storegade 29,7200, Grindsted,670000 ,10-07-2003,Alm. Salg,125,5360,5,1948,
530,Villa,Egevænget 110,7190, Billund,700000 ,09-07-2003,Alm. Salg,130,5385,5,1971,
530,Villa,Skovvang 25,7260, Sønder Omme,2000000 ,09-07-2003,Fam. Salg,188,10638,6,1999,
530,Rækkehus,Grønningen 26,7190, Billund,630000 ,08-07-2003,Alm. Salg,71,8873,2,1988,
530,Villa,Langgade 58,7250, Hejnsvig,390000 ,07-07-2003,Alm. Salg,82,4756,2,1954,
530,Villa,Engvangen 5,7200, Grindsted,458985 ,06-07-2003,Andet,159,2887,6,1985,
530,Villa,Nørrevej 1,7200, Grindsted,1250000 ,06-07-2003,Alm. Salg,231,5411,7,1916,
530,Villa,Søgårdvej 69,7250, Hejnsvig,910000 ,04-07-2003,Alm. Salg,153,5948,6,1979,
530,Ejerlejlighed,"Grønningen 15, 1. mf",7200, Grindsted,240000 ,03-07-2003,Alm. Salg,40,6000,1,1968,
530,Villa,Nyvej 16B,7250, Hejnsvig,345276 ,03-07-2003,Alm. Salg,111,3111,4,1968,
530,Villa,Tårngade 5,6623, Vorbasse,1245027 ,02-07-2003,Alm. Salg,252,4941,5,1931,
530,Villa,Sønderkær 229,7190, Billund,1675000 ,02-07-2003,Alm. Salg,151,11093,4,1981,
530,Villa,Solbakken 3,7260, Sønder Omme,410000 ,01-07-2003,Alm. Salg,150,2733,5,2021,
530,Rækkehus,Søndervold 10,7200, Grindsted,470000 ,30-06-2003,Alm. Salg,115,4087,5,1992,
530,Ejerlejlighed,"Hovedgaden 2, 1",7260, Sønder Omme,1580000 ,30-06-2003,Alm. Salg,109,14495,3,1913,
530,Villa,Nørrevej 27,7200, Grindsted,610000 ,30-06-2003,Alm. Salg,110,5545,3,1986,
530,Villa,Fasanvej 8,7190, Billund,850000 ,30-06-2003,Fam. Salg,144,5903,6,1959,
530,Villa,Sønderkær 175,7190, Billund,855000 ,29-06-2003,Alm. Salg,141,6064,5,1977,
530,Rækkehus,Nørager 83,7260, Sønder Omme,605000 ,26-06-2003,Alm. Salg,77,7857,2,1980,
530,Villa,Lupinvænget 28,7200, Grindsted,475000 ,25-06-2003,Alm. Salg,87,5460,2,1963,
530,Villa,Tyttebærvej 13,7200, Grindsted,550000 ,25-06-2003,Andet,146,3767,5,1968,
530,Villa,Bøvlvej 179,7260, Sønder Omme,288000 ,25-06-2003,Alm. Salg,110,2618,3,1949,
530,Villa,Østergaardsvej 2,7200, Grindsted,610000 ,24-06-2003,Alm. Salg,154,3961,5,1934,
530,Villa,Lærkevang 10,7200, Grindsted,1265000 ,24-06-2003,Alm. Salg,212,5967,6,1976,
530,Villa,Syrenvej 2,7200, Grindsted,670000 ,23-06-2003,Fam. Salg,114,5877,4,1961,
530,Villa,Løvlundvej 3,7190, Billund,402985 ,23-06-2003,Andet,236,1708,7,1918,
530,Villa,Engdraget 6,7200, Grindsted,375000 ,19-06-2003,Alm. Salg,142,2641,5,1979,
530,Villa,Enghaven 6,7260, Sønder Omme,229500 ,19-06-2003,Fam. Salg,148,1551,6,2004,
530,Villa,Knudsøvej 1,7200, Grindsted,550000 ,19-06-2003,Alm. Salg,138,3986,5,1974,
530,Villa,Søndergade 12,7250, Hejnsvig,470000 ,19-06-2003,Alm. Salg,170,2765,8,1953,
530,Villa,Vestervej 9,7200, Grindsted,985000 ,18-06-2003,Alm. Salg,176,5597,5,1934,
530,Villa,Mølleparken 318,7190, Billund,1230000 ,17-06-2003,Alm. Salg,225,5467,6,1984,
530,Villa,Sønderkær 285,7190, Billund,1138838 ,16-06-2003,Fam. Salg,172,6621,6,1979,
530,Villa,Skovparken 232,7190, Billund,845000 ,16-06-2003,Alm. Salg,181,4669,7,1964,
530,Villa,Sønderkær 421,7190, Billund,790000 ,16-06-2003,Alm. Salg,136,5809,4,1987,
530,Villa,Frederiksnådevej 1,6623, Vorbasse,554055 ,15-06-2003,Alm. Salg,228,2430,6,1966,
530,Villa,Vibes Alle 14,7200, Grindsted,1040000 ,15-06-2003,Alm. Salg,137,7591,7,1954,
530,Villa,Abildvej 5,7200, Grindsted,700000 ,12-06-2003,Alm. Salg,148,4730,5,1972,
530,Villa,Ågeslundvej 17,7200, Grindsted,575000 ,10-06-2003,Alm. Salg,115,5000,3,1948,
530,Villa,Hovedgaden 54,7190, Billund,715000 ,05-06-2003,Alm. Salg,88,8125,3,1951,
530,Villa,Brinken 8,7200, Grindsted,660000 ,05-06-2003,Alm. Salg,135,4889,4,1965,
530,Villa,Flintemarken 69,7190, Billund,1200000 ,05-06-2003,Alm. Salg,137,8759,6,1995,
530,Villa,Markskellet 53,7190, Billund,1200000 ,02-06-2003,Alm. Salg,131,9160,6,1988,
530,Villa,Bredgade 35,7250, Hejnsvig,580000 ,02-06-2003,Alm. Salg,60,9667,2,1958,
530,Villa,Skovparken 208,7190, Billund,1245000 ,02-06-2003,Alm. Salg,138,9022,4,1966,
530,Villa,Søvangvej 10,7200, Grindsted,1840000 ,01-06-2003,Alm. Salg,166,11084,3,1966,
530,Villa,Nebelvej 21,6623, Vorbasse,395000 ,01-06-2003,Alm. Salg,67,5896,2,1952,
530,Villa,Søndre Boulevard 311,7200, Grindsted,1085000 ,01-06-2003,Alm. Salg,121,8967,4,1987,
530,Villa,Tingstedet 47,7190, Billund,1540000 ,31-05-2003,Alm. Salg,166,9277,6,1994,
530,Villa,Nebelvej 13,6623, Vorbasse,785000 ,28-05-2003,Alm. Salg,119,6597,3,1952,
530,Villa,Anemonevej 28,7200, Grindsted,955000 ,26-05-2003,Alm. Salg,144,6632,4,1964,
530,Villa,Søndre Boulevard 275,7200, Grindsted,550471 ,26-05-2003,Andet,132,4170,6,1988,
530,Villa,Skovparken 306,7190, Billund,817500 ,25-05-2003,Alm. Salg,129,6337,5,1964,
530,Villa,Blåhøjvej 6,7200, Grindsted,312144 ,25-05-2003,Alm. Salg,116,2691,6,1910,
530,Rækkehus,Grønningen 6B,7190, Billund,660388 ,23-05-2003,Alm. Salg,79,8359,3,1987,
530,Villa,Vibes Alle 9,7200, Grindsted,445000 ,23-05-2003,Alm. Salg,106,4198,4,1931,
530,Villa,Tårngade 6,6623, Vorbasse,630000 ,23-05-2003,Alm. Salg,126,5000,3,1935,
530,Villa,Flintemarken 77,7190, Billund,1285000 ,23-05-2003,Alm. Salg,148,8682,6,1987,
530,Villa,Søndervold 195,7200, Grindsted,255000 ,22-05-2003,Alm. Salg,167,1527,6,2004,
530,Villa,Morsbøl Skolevej 1,7200, Grindsted,2100000 ,21-05-2003,Alm. Salg,238,8824,6,1913,
530,Villa,Åhavevej 34,7200, Grindsted,1400000 ,21-05-2003,Alm. Salg,214,6542,8,1973,
530,Villa,Nørreled 26,7200, Grindsted,995000 ,21-05-2003,Alm. Salg,113,8805,4,1947,
530,Villa,Vestre Boulevard 58,7200, Grindsted,665000 ,20-05-2003,Alm. Salg,102,6520,5,1961,
530,Villa,Gammel Bøvlvej 46,7260, Sønder Omme,680000 ,20-05-2003,Alm. Salg,106,6415,3,1959,
530,Villa,Lysningen 6,7190, Billund,408156 ,19-05-2003,Andet,106,3851,3,1987,
530,Villa,Ribersvej 214,7200, Grindsted,850000 ,18-05-2003,Fam. Salg,112,7589,4,1981,
530,Villa,Langmosevej 6,7250, Hejnsvig,1075000 ,17-05-2003,Alm. Salg,241,4461,6,1996,
530,Villa,Klinkvej 48,6623, Vorbasse,165000 ,15-05-2003,Alm. Salg,149,1107,5,2004,
530,Villa,Lupinvænget 35,7200, Grindsted,633000 ,14-05-2003,Alm. Salg,125,5064,4,1963,
530,Villa,Søndermarksvej 106,7190, Billund,1085000 ,14-05-2003,Alm. Salg,180,6028,4,1970,
530,Villa,Åhavevej 20,7200, Grindsted,845000 ,14-05-2003,Alm. Salg,211,4005,8,1972,
530,Villa,Toften 13,7190, Billund,760000 ,13-05-2003,Alm. Salg,171,4444,5,1966,
530,Villa,Kløvervænget 7,7200, Grindsted,630000 ,12-05-2003,Alm. Salg,110,5727,4,1964,
530,Villa,Lærkevang 1,7200, Grindsted,983040 ,11-05-2003,Alm. Salg,122,8058,3,1961,
530,Villa,Sydtoften 11,7200, Grindsted,892732 ,10-05-2003,Alm. Salg,123,7258,5,1981,
530,Villa,Skovvej 26,7260, Sønder Omme,775000 ,08-05-2003,Alm. Salg,94,8245,3,1958,
530,Villa,Fyrrevænget 416,7190, Billund,825000 ,07-05-2003,Alm. Salg,123,6707,4,1970,
530,Villa,Engsøparken 13,7200, Grindsted,2275000 ,07-05-2003,Alm. Salg,265,8585,7,2000,
530,Rækkehus,Systemvej 36G,7190, Billund,588492 ,06-05-2003,Alm. Salg,58,10146,2,1964,
530,Villa,Lillevang 61,7190, Billund,299923 ,06-05-2003,Alm. Salg,160,1875,6,2003,
530,Villa,Bemsigvej 14,7200, Grindsted,700000 ,06-05-2003,Alm. Salg,125,5600,5,1956,
530,Rækkehus,Dalsvinget 20E,7200, Grindsted,600000 ,05-05-2003,Alm. Salg,96,6250,4,1978,
530,Villa,Vestre Boulevard 44,7200, Grindsted,625000 ,05-05-2003,Alm. Salg,100,6250,4,1959,
530,Villa,Vilhelmsmindevej 46,7260, Sønder Omme,450000 ,05-05-2003,Alm. Salg,144,3125,5,1941,
530,Villa,Dalgasvej 5,7200, Grindsted,475000 ,05-05-2003,Alm. Salg,90,5278,3,1949,
530,Villa,Fyrrevænget 409,7190, Billund,1085753 ,04-05-2003,Alm. Salg,168,6463,5,1970,
530,Villa,Blichersvej 13,7200, Grindsted,730000 ,04-05-2003,Alm. Salg,158,4620,5,2014,
530,Villa,Birkevej 3,6623, Vorbasse,535000 ,03-05-2003,Alm. Salg,196,2730,6,1969,
530,Villa,Nørregade 20,6623, Vorbasse,397500 ,01-05-2003,Alm. Salg,145,2741,6,1921,
530,Villa,Grindstedvej 15,7260, Sønder Omme,350000 ,01-05-2003,Alm. Salg,94,3723,2,1934,
530,Villa,Engsøparken 117,7200, Grindsted,450000 ,01-05-2003,Alm. Salg,178,2528,4,2006,
530,Villa,Toften 65,7190, Billund,820000 ,30-04-2003,Alm. Salg,151,5430,6,1968,
530,Villa,Boldingvej 3,7250, Hejnsvig,40000 ,30-04-2003,Auktion,129,310,5,2004,
530,Villa,Almstokvej 17,7190, Billund,381709 ,28-04-2003,Fam. Salg,170,2245,6,1954,
530,Villa,Granvej 7,7190, Billund,1210000 ,28-04-2003,Alm. Salg,205,5902,8,1969,
530,Ejerlejlighed,"Vestergade 8, 1",7200, Grindsted,1000000 ,27-04-2003,Alm. Salg,78,12821,4,1968,
530,Villa,Ådalen 11,7200, Grindsted,1100000 ,27-04-2003,Fam. Salg,155,7097,6,1964,
530,Villa,Jorden Rundt 11,7200, Grindsted,995000 ,27-04-2003,Alm. Salg,98,10153,4,1961,
530,Villa,Toften 24,7200, Grindsted,720000 ,27-04-2003,Alm. Salg,138,5217,4,1978,
530,Villa,Søndre Boulevard 261,7200, Grindsted,1315000 ,25-04-2003,Alm. Salg,152,8651,5,1990,
530,Villa,Østre Alle 14,7200, Grindsted,540000 ,24-04-2003,Alm. Salg,105,5143,4,1932,
530,Villa,Lupinvænget 9,7200, Grindsted,760000 ,24-04-2003,Alm. Salg,125,6080,4,1963,
530,Villa,Grindstedvej 45,7260, Sønder Omme,200000 ,24-04-2003,Alm. Salg,268,746,7,1995,
530,Ejerlejlighed,"Grønningen 11, 1. tv",7200, Grindsted,340000 ,20-04-2003,Alm. Salg,76,4474,2,1967,
530,Villa,Havrevænget 26,7200, Grindsted,641737 ,20-04-2003,Alm. Salg,91,7052,3,1963,
530,Villa,Toften 5,7200, Grindsted,795000 ,20-04-2003,Alm. Salg,132,6023,6,1967,
530,Villa,Holdgårdsvej 23,7260, Sønder Omme,371000 ,19-04-2003,Alm. Salg,173,2145,7,1935,
530,Villa,Drivvejen 22,6623, Vorbasse,900000 ,16-04-2003,Alm. Salg,152,5921,6,1977,
530,Villa,Sønderkær 387,7190, Billund,765000 ,15-04-2003,Fam. Salg,114,6711,4,1987,
530,Rækkehus,Grønningen 24,7190, Billund,688000 ,14-04-2003,Alm. Salg,73,9425,2,1988,
530,Villa,Frederiksnådevej 1,6623, Vorbasse,1200000 ,14-04-2003,Alm. Salg,228,5263,6,1966,
530,Villa,Storegade 20,7200, Grindsted,268450 ,14-04-2003,Andet,87,3086,3,1947,
530,Villa,Bøgevej 1,6623, Vorbasse,551182 ,14-04-2003,Fam. Salg,154,3579,5,1976,
530,Villa,Dalgasvej 11,7200, Grindsted,565000 ,14-04-2003,Alm. Salg,91,6209,3,1949,
530,Rækkehus,Rønnebærvej 17,7200, Grindsted,675000 ,13-04-2003,Alm. Salg,102,6618,4,1967,
530,Villa,Nebelvej 46,6623, Vorbasse,255000 ,13-04-2003,Auktion,106,2406,4,1976,
530,Villa,Vestervang 3,7190, Billund,1450000 ,12-04-2003,Alm. Salg,173,8382,5,1986,
530,Villa,Sønderkær 202,7190, Billund,762000 ,11-04-2003,Alm. Salg,131,5817,4,1977,
530,Villa,Frederiksnådevej 1,6623, Vorbasse,1175000 ,10-04-2003,Fam. Salg,228,5154,6,1966,
530,Villa,Plougslundvej 223,7190, Billund,1475000 ,10-04-2003,Alm. Salg,179,8240,5,1973,
530,Villa,Dalsøvej 215,7200, Grindsted,625000 ,08-04-2003,Alm. Salg,117,5342,2,1963,
530,Villa,Vestervang 31,7190, Billund,1140000 ,08-04-2003,Alm. Salg,134,8507,6,1986,
530,Villa,Ribersvej 24,7200, Grindsted,775000 ,08-04-2003,Alm. Salg,116,6681,4,1978,
530,Villa,Sønderbro 5,7260, Sønder Omme,575000 ,08-04-2003,Fam. Salg,97,5928,3,1927,
530,Villa,Egebjerg Landevej 73,7250, Hejnsvig,50000 ,07-04-2003,Alm. Salg,188,266,6,1914,
530,Villa,Markskellet 73,7190, Billund,1025000 ,06-04-2003,Alm. Salg,183,5601,7,1988,
530,Villa,Langgade 65,7250, Hejnsvig,565000 ,05-04-2003,Alm. Salg,142,3979,5,1980,
530,Villa,Lillevang 9,7190, Billund,338739 ,03-04-2003,Alm. Salg,200,1694,7,2004,
530,Villa,Lindevej 2,7200, Grindsted,830000 ,02-04-2003,Andet,165,5030,6,1961,
530,Villa,Mølleparken 251,7190, Billund,1047500 ,01-04-2003,Alm. Salg,185,5662,5,1976,
530,Villa,Jørgen Glavinds Vej 22,7200, Grindsted,620000 ,31-03-2003,Alm. Salg,138,4493,4,1957,
530,Villa,Skovvang 5,7260, Sønder Omme,375000 ,30-03-2003,Fam. Salg,114,3289,3,1952,
530,Villa,Pilealle 8,7200, Grindsted,675000 ,28-03-2003,Alm. Salg,146,4623,4,1965,
530,Rækkehus,Rønnebærvej 17,7200, Grindsted,625000 ,27-03-2003,Alm. Salg,102,6127,4,1967,
530,Villa,Norgesvej 22,7200, Grindsted,500000 ,27-03-2003,Fam. Salg,165,3030,6,1970,
530,Villa,Julsøvej 2,7200, Grindsted,875000 ,24-03-2003,Alm. Salg,131,6679,4,1973,
530,Villa,Markskellet 64,7190, Billund,1045000 ,23-03-2003,Alm. Salg,122,8566,5,1988,
530,Rækkehus,Sønderkær 451,7190, Billund,748000 ,22-03-2003,Alm. Salg,90,8311,3,1983,
530,Villa,Kærvej 103,7190, Billund,2128000 ,21-03-2003,Alm. Salg,164,7288,8,1973,
530,Villa,Rugvænget 13,7200, Grindsted,675000 ,21-03-2003,Alm. Salg,140,4821,3,1962,
530,Villa,Sønderkær 165,7190, Billund,924402 ,20-03-2003,Alm. Salg,134,6899,5,1976,
530,Villa,Østergade 10,6623, Vorbasse,675000 ,19-03-2003,Alm. Salg,165,4091,5,2014,
530,Villa,Nørager 55,7260, Sønder Omme,890000 ,18-03-2003,Alm. Salg,184,4837,6,1980,
530,Villa,Nollundvej 125,7200, Grindsted,495000 ,18-03-2003,Alm. Salg,136,3640,4,1954,
530,Villa,Færøvej 9,7200, Grindsted,820000 ,18-03-2003,Alm. Salg,134,6119,4,1970,
530,Villa,Nygade 25,7200, Grindsted,620000 ,17-03-2003,Alm. Salg,98,6327,4,1950,
530,Villa,Bemsigvej 12,7200, Grindsted,885000 ,16-03-2003,Alm. Salg,154,5747,4,1938,
530,Villa,Stakrogevej 85,7260, Sønder Omme,750000 ,14-03-2003,Alm. Salg,154,4870,4,1880,
530,Rækkehus,Sønderkær 423A,7190, Billund,640000 ,13-03-2003,Alm. Salg,77,8312,3,1986,
530,Rækkehus,Sønderkær 425B,7190, Billund,608000 ,11-03-2003,Alm. Salg,77,7896,3,1986,
530,Villa,Aakjærsvej 15,7200, Grindsted,660000 ,11-03-2003,Alm. Salg,99,6667,3,1946,
530,Villa,Enghaven 11,7260, Sønder Omme,391000 ,10-03-2003,Fam. Salg,155,2523,5,1947,
530,Villa,Grindsted Landevej 69,7200, Grindsted,1100000 ,10-03-2003,Alm. Salg,125,8800,6,1922,
530,Villa,Nebelvej 43,6623, Vorbasse,461965 ,10-03-2003,Andet,283,1632,8,1901,
530,Villa,Holdgårdsvej 26,7260, Sønder Omme,425000 ,10-03-2003,Alm. Salg,130,3269,4,1934,
530,Rækkehus,Bekkasinvej 10G,7200, Grindsted,1055915 ,07-03-2003,Alm. Salg,102,10352,3,2001,
530,Ejerlejlighed,"Grønningen 13, 1. th",7200, Grindsted,507293 ,07-03-2003,Alm. Salg,88,5765,3,1967,
530,Villa,Søndervold 191,7200, Grindsted,230000 ,07-03-2003,Alm. Salg,208,1106,6,2003,
530,Villa,Holdgårdsvej 10,7260, Sønder Omme,720000 ,07-03-2003,Alm. Salg,118,6102,3,1971,
530,Villa,Dalbo 73,7200, Grindsted,850000 ,06-03-2003,Alm. Salg,192,4427,7,1978,
530,Villa,Jyllandsgade 16,7200, Grindsted,733126 ,06-03-2003,Alm. Salg,97,7558,3,1950,
530,Villa,Nyvej 13,7250, Hejnsvig,450000 ,06-03-2003,Alm. Salg,93,4839,2,1940,
530,Villa,Anemonevej 15,7200, Grindsted,1105000 ,05-03-2003,Alm. Salg,208,5313,6,1966,
530,Villa,Daugårdvej 12,7250, Hejnsvig,285000 ,05-03-2003,Alm. Salg,50,5700,2,1944,
530,Villa,Mølleparken 424,7190, Billund,1070000 ,04-03-2003,Alm. Salg,140,7643,6,1984,
530,Villa,Dalbo 54,7200, Grindsted,820000 ,04-03-2003,Alm. Salg,112,7321,4,1979,
530,Villa,Hasselvej 7,7260, Sønder Omme,950000 ,04-03-2003,Alm. Salg,172,5523,5,1971,
530,Villa,Lundhedevej 27,7200, Grindsted,1500000 ,04-03-2003,Alm. Salg,197,7614,5,1974,
530,Villa,Tingstedet 53,7190, Billund,1270000 ,03-03-2003,Alm. Salg,176,7216,7,1997,
530,Villa,Midtgårdvej 25,7200, Grindsted,50750 ,02-03-2003,Alm. Salg,117,434,3,2004,
530,Villa,Grønvang 25,7260, Sønder Omme,795000 ,01-03-2003,Alm. Salg,243,3272,8,1972,
530,Villa,Østergade 30,6623, Vorbasse,450000 ,28-02-2003,Alm. Salg,110,4091,4,1966,
530,Villa,Møbjergvej 41,7260, Sønder Omme,1515716 ,27-02-2003,Alm. Salg,176,8612,4,1997,
530,Villa,Sognegårdsvej 2,7200, Grindsted,472007 ,27-02-2003,Alm. Salg,210,2248,6,1998,
530,Villa,Åmarkvej 2,7200, Grindsted,880000 ,27-02-2003,Alm. Salg,185,4757,6,1972,
530,Villa,Lillevang 57,7190, Billund,214462 ,26-02-2003,Alm. Salg,178,1205,7,2003,
530,Villa,A G Jensens Vej 6,7250, Hejnsvig,505000 ,26-02-2003,Alm. Salg,119,4244,4,1966,
530,Rækkehus,Banegårdsvej 7,7200, Grindsted,785000 ,24-02-2003,Alm. Salg,108,7269,4,1985,
530,Villa,Langgade 37,7250, Hejnsvig,318017 ,23-02-2003,Auktion,148,2149,3,1929,
530,Villa,Mossøvej 9,7200, Grindsted,877411 ,22-02-2003,Alm. Salg,139,6312,5,1974,
530,Villa,Toften 17,7200, Grindsted,721710 ,22-02-2003,Alm. Salg,113,6387,4,1974,
530,Villa,Bogfinkevej 27,7190, Billund,1275000 ,21-02-2003,Alm. Salg,190,6711,6,1963,
530,Villa,Stationsvej 31,7200, Grindsted,735000 ,20-02-2003,Alm. Salg,144,5104,5,1974,
530,Villa,Lillevang 33,7190, Billund,334214 ,20-02-2003,Alm. Salg,155,2156,6,2004,
530,Villa,Sønderkær 379,7190, Billund,1140000 ,20-02-2003,Alm. Salg,143,7972,6,1984,
530,Ejerlejlighed,"Banegårdsvej 27, 1",7200, Grindsted,565000 ,17-02-2003,Alm. Salg,62,9113,2,1987,
530,Rækkehus,Sydtoften 17,7200, Grindsted,730000 ,13-02-2003,Alm. Salg,82,8902,3,1982,
530,Villa,Kirkevej 15,7250, Hejnsvig,640000 ,13-02-2003,Alm. Salg,122,5246,4,1952,
530,Villa,Søgårdvej 85,7250, Hejnsvig,500000 ,13-02-2003,Andet,138,3623,4,1980,
530,Villa,Østermosevej 7,6623, Vorbasse,260000 ,13-02-2003,Fam. Salg,165,1576,5,2009,
530,Rækkehus,Søndervold 75,7200, Grindsted,316806 ,10-02-2003,Alm. Salg,126,2514,4,2004,
530,Rækkehus,Systemvej 36F,7190, Billund,589244 ,09-02-2003,Alm. Salg,63,9353,2,1964,
530,Villa,Østervænget 74,6623, Vorbasse,425000 ,07-02-2003,Alm. Salg,135,3148,6,1987,
530,Rækkehus,Sønderkær 331,7190, Billund,813000 ,06-02-2003,Alm. Salg,128,6352,4,1980,
530,Villa,Sønderkær 506,7190, Billund,945000 ,05-02-2003,Alm. Salg,135,7000,5,1979,
530,Rækkehus,Søndervold 79,7200, Grindsted,948000 ,04-02-2003,Alm. Salg,126,7524,4,2003,
530,Ejerlejlighed,"Grønningen 9, 1. th",7200, Grindsted,575000 ,04-02-2003,Alm. Salg,88,6534,3,1967,
530,Rækkehus,Sydtoften 157,7200, Grindsted,775000 ,03-02-2003,Alm. Salg,86,9012,3,1984,
530,Villa,Tyttebærvej 14,7200, Grindsted,873907 ,02-02-2003,Alm. Salg,164,5329,6,1966,
530,Villa,Østergade 11,7200, Grindsted,760868 ,31-01-2003,Alm. Salg,135,5636,6,1919,
530,Villa,Lillevang 35,7190, Billund,288712 ,30-01-2003,Alm. Salg,160,1804,6,2004,
530,Ejerlejlighed,"Grønningen 21, 2. th",7200, Grindsted,550000 ,29-01-2003,Alm. Salg,100,5500,4,1968,
530,Villa,Sydtoften 109,7200, Grindsted,1050000 ,29-01-2003,Alm. Salg,111,8678,4,1983,
530,Villa,Søndervold 183,7200, Grindsted,270000 ,29-01-2003,Alm. Salg,169,1598,7,2004,
530,Villa,Vejlevej 42,7260, Sønder Omme,575000 ,26-01-2003,Alm. Salg,135,4259,4,1942,
530,Villa,Ansagervej 5,7200, Grindsted,1510000 ,26-01-2003,Alm. Salg,180,8389,8,1931,
530,Villa,Grønnegade 7,6623, Vorbasse,568807 ,26-01-2003,Alm. Salg,116,4904,4,1967,
530,Rækkehus,Søndervold 10,7200, Grindsted,820000 ,25-01-2003,Alm. Salg,115,7130,5,1992,
530,Villa,Amtsvejen 35,7200, Grindsted,606120 ,23-01-2003,Alm. Salg,112,5412,5,1963,
530,Villa,Søllingdalvej 80,7250, Hejnsvig,725000 ,21-01-2003,Alm. Salg,152,4770,5,1977,
530,Villa,Engsøparken 119,7200, Grindsted,757500 ,21-01-2003,Alm. Salg,236,3210,5,2004,
530,Villa,Syrenvej 9,7200, Grindsted,835000 ,20-01-2003,Alm. Salg,139,6007,5,1960,
530,Rækkehus,Grønningen 32,7190, Billund,615000 ,19-01-2003,Alm. Salg,71,8662,2,1988,
530,Villa,Sjællandsgade 2,7200, Grindsted,470000 ,19-01-2003,Alm. Salg,222,2117,5,0,
530,Villa,Håndværkervej 6,6623, Vorbasse,130000 ,19-01-2003,Alm. Salg,233,558,8,2006,
530,Villa,Krogagervej 36,7200, Grindsted,805000 ,17-01-2003,Andet,134,6007,5,1960,
530,Villa,Poppelvej 6,7200, Grindsted,750000 ,17-01-2003,Andet,141,5319,6,1960,
530,Villa,Mølleparken 160,7190, Billund,930000 ,16-01-2003,Alm. Salg,150,6200,5,1975,
530,Villa,Lindevej 1,7200, Grindsted,830000 ,16-01-2003,Alm. Salg,114,7281,4,1961,
530,Villa,Postgade 1,7200, Grindsted,480000 ,15-01-2003,Alm. Salg,103,4660,4,1965,
530,Villa,Engsøparken 115,7200, Grindsted,350000 ,14-01-2003,Alm. Salg,155,2258,6,2003,
530,Villa,Ahornvej 20,7200, Grindsted,850000 ,14-01-2003,Alm. Salg,149,5705,5,1965,
530,Rækkehus,Nørager 93,7260, Sønder Omme,575000 ,13-01-2003,Alm. Salg,77,7468,2,1980,
530,Rækkehus,Sønderkær 317,7190, Billund,375000 ,12-01-2003,Alm. Salg,108,3472,4,1980,
530,Villa,Gribsøvej 10,7200, Grindsted,1521324 ,12-01-2003,Alm. Salg,237,6419,8,1975,
530,Villa,Syrenvej 21,7200, Grindsted,685000 ,12-01-2003,Alm. Salg,146,4692,5,1960,
530,Villa,Hedegårdsvej 22,7190, Billund,1329999 ,12-01-2003,Fam. Salg,271,3958,11,1997,
530,Villa,Meldhedevej 4,7200, Grindsted,795000 ,08-01-2003,Alm. Salg,129,6163,4,1978,
530,Villa,Fyrrevænget 405,7190, Billund,700000 ,08-01-2003,Alm. Salg,120,5833,4,1970,
530,Villa,Mølleparken 314,7190, Billund,890000 ,07-01-2003,Alm. Salg,155,5742,4,1980,
530,Villa,Ribersvej 194,7200, Grindsted,530545 ,05-01-2003,Fam. Salg,142,3736,4,1980,
530,Rækkehus,Markskellet 51,7190, Billund,695000 ,02-01-2003,Alm. Salg,83,8373,3,1988,
530,Villa,Holdgårdsvej 9,7260, Sønder Omme,730264 ,02-01-2003,Alm. Salg,123,5937,4,1934,
530,Villa,Holdgårdsvej 13,7260, Sønder Omme,315000 ,02-01-2003,Alm. Salg,89,3539,3,1958,
530,Villa,Grønnegade 15,6623, Vorbasse,410000 ,29-12-2002,Alm. Salg,169,2426,6,1960,
530,Villa,Skjoldbjergvej 23,6623, Vorbasse,1235450 ,26-12-2002,Alm. Salg,279,4428,8,1930,
530,Villa,Nørrevej 43A,7200, Grindsted,900000 ,22-12-2002,Auktion,136,6618,5,1997,
530,Villa,Tronsø Parkvej 13,7200, Grindsted,657076 ,22-12-2002,Alm. Salg,142,4627,5,1951,
530,Villa,Daltoften 43,7200, Grindsted,920000 ,19-12-2002,Alm. Salg,151,6093,4,1978,
530,Villa,Østergade 41,6623, Vorbasse,455000 ,19-12-2002,Alm. Salg,149,3054,4,1940,
530,Rækkehus,Sønderkær 483,7190, Billund,630000 ,18-12-2002,Alm. Salg,77,8182,3,1984,
530,Rækkehus,Jørgen Glavinds Vej 28,7200, Grindsted,550000 ,18-12-2002,Alm. Salg,71,7746,4,1955,
530,Villa,Klinkvej 37,7250, Hejnsvig,1200000 ,17-12-2002,Alm. Salg,268,4478,3,1985,
530,Villa,Tingstedet 61,7190, Billund,1300000 ,15-12-2002,Alm. Salg,167,7784,6,1997,
530,Villa,Bredgade 4,7250, Hejnsvig,625000 ,12-12-2002,Fam. Salg,119,5252,2,2012,
530,Villa,Kærtoften 15,7200, Grindsted,395000 ,12-12-2002,Alm. Salg,153,2582,6,1969,
530,Villa,Pilealle 8,7200, Grindsted,575000 ,12-12-2002,Alm. Salg,146,3938,4,1965,
530,Villa,Ribersvej 44,7200, Grindsted,940000 ,12-12-2002,Alm. Salg,125,7520,4,1978,
530,Villa,Toften 53,7190, Billund,680000 ,11-12-2002,Alm. Salg,118,5763,4,1967,
530,Villa,Sønderkær 126,7190, Billund,1350000 ,11-12-2002,Alm. Salg,174,7759,5,1976,
530,Villa,Skole Alle 6,7260, Sønder Omme,317000 ,08-12-2002,Alm. Salg,129,2457,5,1915,
530,Villa,Plougslundvej 173,7190, Billund,472596 ,08-12-2002,Alm. Salg,142,3328,5,1973,
530,Villa,Toften 26,7190, Billund,715000 ,08-12-2002,Alm. Salg,146,4897,5,1968,
530,Villa,Søndervang 6,7200, Grindsted,450000 ,06-12-2002,Alm. Salg,128,3516,4,1959,
530,Rækkehus,Systemvej 36A,7190, Billund,720000 ,05-12-2002,Alm. Salg,99,7273,4,1964,
530,Rækkehus,Sønderkær 335,7190, Billund,699000 ,01-12-2002,Alm. Salg,91,7681,3,1980,
530,Villa,Lillevang 37,7190, Billund,347444 ,01-12-2002,Alm. Salg,180,1930,6,2004,
530,Villa,Bredgade 39,7250, Hejnsvig,570000 ,01-12-2002,Alm. Salg,186,3065,6,1910,
530,Villa,Søgårdvej 62,7250, Hejnsvig,950000 ,29-11-2002,Alm. Salg,142,6690,5,1986,
530,Rækkehus,Vesterled 2,7260, Sønder Omme,377915 ,28-11-2002,Alm. Salg,56,6748,1,1947,
530,Villa,Drivvejen 14,6623, Vorbasse,422491 ,28-11-2002,Alm. Salg,233,1813,9,1986,
530,Villa,Nyvej 16B,7250, Hejnsvig,686816 ,28-11-2002,Alm. Salg,111,6188,4,1968,
530,Villa,Bogfinkevej 23,7190, Billund,895000 ,27-11-2002,Alm. Salg,111,8063,4,1963,
530,Ejerlejlighed,"Solvej 64, 4",7200, Grindsted,1085000 ,26-11-2002,Alm. Salg,103,10534,3,2003,
530,Villa,Systemvej 15,7190, Billund,495000 ,26-11-2002,Alm. Salg,166,2982,6,1956,
530,Villa,Lynghedevej 4,7200, Grindsted,1075000 ,26-11-2002,Alm. Salg,203,5296,7,1976,
530,Villa,Nebelvej 17,6623, Vorbasse,445000 ,26-11-2002,Alm. Salg,108,4120,4,1952,
530,Villa,Langgade 32,7250, Hejnsvig,700000 ,26-11-2002,Fam. Salg,208,3365,5,1916,
530,Villa,Åbrinken 6,7200, Grindsted,595000 ,25-11-2002,Alm. Salg,119,5000,5,1969,
530,Ejerlejlighed,"Banegårdsvej 25, 1",7200, Grindsted,522182 ,24-11-2002,Alm. Salg,62,8422,2,1987,
530,Villa,Bogfinkevej 12,7190, Billund,825000 ,24-11-2002,Alm. Salg,119,6933,5,1964,
530,Villa,Nørager 16,7260, Sønder Omme,525000 ,21-11-2002,Fam. Salg,152,3454,5,1995,
530,Villa,Lillevang 20,7190, Billund,1375000 ,20-11-2002,Alm. Salg,146,9418,5,2002,
530,Villa,Søndervold 173,7200, Grindsted,270000 ,20-11-2002,Alm. Salg,179,1508,6,2003,
530,Villa,Søndergade 14,7250, Hejnsvig,490000 ,20-11-2002,Alm. Salg,88,5568,5,1958,
530,Villa,Gammel Bøvlvej 40,7260, Sønder Omme,820926 ,20-11-2002,Alm. Salg,129,6364,4,1953,
530,Villa,Åhavevej 12,7200, Grindsted,785000 ,20-11-2002,Alm. Salg,155,5065,5,1972,
530,Rækkehus,Grindstedvej 8,7260, Sønder Omme,202000 ,19-11-2002,Auktion,83,2434,4,1932,
530,Villa,Billundvej 6,7250, Hejnsvig,828252 ,18-11-2002,Fam. Salg,187,4429,7,1961,
530,Ejerlejlighed,"Grønningen 13, 1. mf",7200, Grindsted,200000 ,16-11-2002,Alm. Salg,41,4878,1,1967,
530,Villa,Åbrinken 6,7200, Grindsted,595000 ,14-11-2002,Alm. Salg,119,5000,5,1969,
530,Villa,Nebelvej 44,6623, Vorbasse,740000 ,14-11-2002,Alm. Salg,191,3874,3,1932,
530,Villa,Søndervold 244,7200, Grindsted,226500 ,13-11-2002,Alm. Salg,174,1302,5,2003,
530,Rækkehus,Søndre Boulevard 383,7200, Grindsted,763000 ,11-11-2002,Alm. Salg,81,9420,3,1987,
530,Villa,Nyvej 3,7250, Hejnsvig,425576 ,11-11-2002,Alm. Salg,58,7338,2,1961,
530,Villa,Mølleparken 306,7190, Billund,1095000 ,11-11-2002,Alm. Salg,137,7993,4,1981,
530,Villa,Tegnhøjvej 28,7250, Hejnsvig,1170000 ,10-11-2002,Alm. Salg,237,4937,8,1900,
530,Villa,Parallelvej 4,7260, Sønder Omme,520000 ,10-11-2002,Alm. Salg,116,4483,4,1965,
530,Villa,Islandsvej 10,7200, Grindsted,810000 ,07-11-2002,Alm. Salg,136,5956,5,1970,
530,Villa,Jasminvej 8,7200, Grindsted,1200000 ,07-11-2002,Alm. Salg,199,6030,7,1979,
530,Villa,Tarm Landevej 15,7260, Sønder Omme,397754 ,06-11-2002,Andet,139,2862,5,1966,
530,Villa,Lillevang 13,7190, Billund,327489 ,06-11-2002,Alm. Salg,190,1724,7,2003,
530,Villa,Skolegyden 3,7200, Grindsted,335000 ,06-11-2002,Fam. Salg,106,3160,3,1954,
530,Villa,Østerbrogade 14,7200, Grindsted,1000000 ,06-11-2002,Fam. Salg,217,4608,8,1910,
530,Villa,Fyrrevænget 310,7190, Billund,800000 ,04-11-2002,Alm. Salg,177,4520,6,1970,
530,Villa,Sydtoften 163,7200, Grindsted,1000000 ,03-11-2002,Alm. Salg,145,6897,6,1985,
530,Villa,Frederiksberg Alle 2,7200, Grindsted,997500 ,03-11-2002,Alm. Salg,104,9591,4,1961,
530,Villa,Østergade 21,6623, Vorbasse,575000 ,02-11-2002,Alm. Salg,113,5088,4,1965,
530,Villa,Kærtoften 7,7200, Grindsted,291000 ,31-10-2002,Auktion,119,2445,4,1966,
530,Villa,Solbakken 37,7260, Sønder Omme,338272 ,30-10-2002,Andet,133,2543,3,1981,
530,Villa,Knurborgvej 2,6623, Vorbasse,630000 ,30-10-2002,Alm. Salg,114,5526,4,1910,
530,Villa,Fyrrevænget 201,7190, Billund,900000 ,29-10-2002,Alm. Salg,120,7500,5,1970,
530,Villa,Dalbyvej 16,7200, Grindsted,430000 ,29-10-2002,Alm. Salg,100,4300,3,1939,
530,Rækkehus,Sønderkær 457,7190, Billund,635000 ,28-10-2002,Alm. Salg,77,8247,3,1985,
530,Villa,Østervænget 66,6623, Vorbasse,825000 ,28-10-2002,Alm. Salg,118,6992,4,1983,
530,Villa,Nollundvej 166,7200, Grindsted,360000 ,28-10-2002,Alm. Salg,111,3243,3,1958,
530,Villa,Købmandsvej 6,6623, Vorbasse,514214 ,28-10-2002,Alm. Salg,99,5194,5,2001,
530,Rækkehus,Sønderkær 345,7190, Billund,720000 ,27-10-2002,Alm. Salg,80,9000,4,1985,
530,Villa,Solvej 3,7200, Grindsted,1295000 ,27-10-2002,Alm. Salg,167,7754,5,1916,
530,Villa,Hovborgvej 28,6623, Vorbasse,342000 ,27-10-2002,Alm. Salg,77,4442,2,1966,
530,Villa,Lindevej 2,7200, Grindsted,730000 ,24-10-2002,Alm. Salg,165,4424,6,1961,
530,Villa,Krogen 5,7200, Grindsted,1500000 ,23-10-2002,Alm. Salg,181,8287,5,2006,
530,Villa,Plougslundvej 155,7190, Billund,1162500 ,22-10-2002,Alm. Salg,184,6318,5,1973,
530,Villa,Sverrigsvej 4,7200, Grindsted,380000 ,21-10-2002,Alm. Salg,112,3393,4,1969,
530,Villa,Ribe Landevej 84,7250, Hejnsvig,600000 ,20-10-2002,Fam. Salg,245,2449,7,1932,
530,Villa,Skovgårdsvej 18,7200, Grindsted,50000 ,19-10-2002,Alm. Salg,138,362,5,1946,
530,Villa,Ribersvej 222,7200, Grindsted,800000 ,17-10-2002,Alm. Salg,120,6667,4,1980,
530,Villa,Lillevang 43,7190, Billund,252764 ,14-10-2002,Alm. Salg,169,1496,5,2005,
530,Rækkehus,Grønningen 26,7190, Billund,630000 ,13-10-2002,Alm. Salg,71,8873,2,1988,
530,Villa,Lillevang 4,7190, Billund,1180000 ,13-10-2002,Alm. Salg,122,9672,6,2003,
530,Villa,Mølleparken 384,7190, Billund,965000 ,13-10-2002,Alm. Salg,130,7423,5,1980,
530,Villa,Lillevang 47,7190, Billund,226260 ,13-10-2002,Alm. Salg,184,1230,6,2003,
530,Villa,Morsbøl Skolevej 14,7200, Grindsted,111828 ,13-10-2002,Alm. Salg,204,548,6,1931,
530,Villa,Rømøvej 6,7200, Grindsted,690000 ,11-10-2002,Alm. Salg,116,5948,4,1969,
530,Rækkehus,Sønderkær 341,7190, Billund,700000 ,10-10-2002,Alm. Salg,80,8750,4,1985,
530,Villa,Nollundvej 115,7200, Grindsted,750000 ,10-10-2002,Alm. Salg,109,6881,3,1956,
530,Villa,Daltoften 10,7200, Grindsted,920000 ,10-10-2002,Alm. Salg,127,7244,4,1981,
530,Villa,Lillevang 45,7190, Billund,247364 ,09-10-2002,Alm. Salg,137,1806,6,2003,
530,Villa,Lillevang 41,7190, Billund,245204 ,09-10-2002,Alm. Salg,142,1727,5,2003,
530,Villa,Langgade 56,7250, Hejnsvig,474693 ,09-10-2002,Alm. Salg,112,4238,3,1954,
530,Villa,Jyllandsgade 33A,7200, Grindsted,825000 ,09-10-2002,Alm. Salg,174,4741,7,1960,
530,Villa,Bækkevej 32,6623, Vorbasse,1140000 ,08-10-2002,Alm. Salg,161,7081,4,1955,
530,Villa,Lillevang 39,7190, Billund,357524 ,07-10-2002,Alm. Salg,170,2103,5,2003,
530,Ejerlejlighed,Vestergade 24A,7200, Grindsted,1088000 ,06-10-2002,Alm. Salg,117,9299,3,2003,
530,Villa,Møllevænget 35,7190, Billund,710000 ,06-10-2002,Alm. Salg,117,6068,4,1965,
530,Villa,Flintemarken 5,7190, Billund,877000 ,03-10-2002,Alm. Salg,99,8859,4,1989,
530,Villa,Sydtoften 87,7200, Grindsted,771820 ,02-10-2002,Alm. Salg,108,7146,3,1984,
530,Villa,Ravlundvej 16,7200, Grindsted,130000 ,01-10-2002,Andet,173,751,5,1886,
530,Villa,Storegade 60,7200, Grindsted,595000 ,30-09-2002,Alm. Salg,91,6538,5,1936,
530,Villa,Poppelvej 8,7200, Grindsted,900626 ,30-09-2002,Alm. Salg,127,7092,4,1960,
530,Villa,Toften 32,7200, Grindsted,516239 ,30-09-2002,Alm. Salg,113,4568,4,1976,
530,Villa,Lærkevang 20,7200, Grindsted,600000 ,29-09-2002,Alm. Salg,230,2609,6,1922,
530,Rækkehus,Søndre Boulevard 353,7200, Grindsted,690000 ,27-09-2002,Alm. Salg,81,8519,3,1986,
530,Villa,Østerbo 7,7250, Hejnsvig,406584 ,27-09-2002,Fam. Salg,151,2693,6,1910,
530,Villa,Gribsøvej 5,7200, Grindsted,980000 ,26-09-2002,Alm. Salg,159,6164,5,1975,
530,Rækkehus,Systemvej 36E,7190, Billund,630000 ,24-09-2002,Alm. Salg,82,7683,4,1964,
530,Rækkehus,Systemvej 36C,7190, Billund,680000 ,24-09-2002,Alm. Salg,90,7556,3,1964,
530,Villa,Mølleparken 164,7190, Billund,995000 ,24-09-2002,Alm. Salg,163,6104,5,1975,
530,Villa,Jyllandsgade 11,7200, Grindsted,679492 ,23-09-2002,Alm. Salg,97,7005,4,1950,
530,Rækkehus,Systemvej 36F,7190, Billund,515000 ,22-09-2002,Alm. Salg,63,8175,2,1964,
530,Villa,Sønderkær 173,7190, Billund,1050000 ,22-09-2002,Alm. Salg,145,7241,5,1977,
530,Villa,Vibes Alle 19,7200, Grindsted,560000 ,19-09-2002,Auktion,89,6292,3,1947,
530,Villa,Drivvejen 18,6623, Vorbasse,813452 ,19-09-2002,Fam. Salg,155,5248,4,1978,
530,Villa,Kirkegade 9,6623, Vorbasse,505000 ,19-09-2002,Alm. Salg,63,8016,3,1960,
530,Villa,Plougslundvej 171,7190, Billund,1100000 ,18-09-2002,Alm. Salg,142,7746,6,1973,
530,Villa,Krarupvej 7,7200, Grindsted,430000 ,18-09-2002,Alm. Salg,113,3805,3,1963,
530,Villa,Sydtoften 69,7200, Grindsted,1230000 ,18-09-2002,Alm. Salg,154,7987,5,1984,
530,Villa,Skovparken 218B,7190, Billund,600000 ,15-09-2002,Alm. Salg,140,4286,4,1961,
530,Villa,Vedbendvej 5,7200, Grindsted,1056500 ,15-09-2002,Alm. Salg,188,5620,7,1976,
530,Villa,Toften 24,7190, Billund,750000 ,11-09-2002,Alm. Salg,107,7009,4,1969,
530,Villa,Tolvalenvej 23,7260, Sønder Omme,1000000 ,10-09-2002,Fam. Salg,224,4464,8,1936,
530,Villa,Sønderkær 250,7190, Billund,1175000 ,09-09-2002,Alm. Salg,179,6564,5,1978,
530,Villa,Æblevej 5,7250, Hejnsvig,595900 ,09-09-2002,Alm. Salg,106,5622,3,1965,
530,Rækkehus,Søndervold 14,7200, Grindsted,530000 ,08-09-2002,Alm. Salg,60,8833,2,1989,
530,Villa,Grønvang 27,7260, Sønder Omme,742471 ,08-09-2002,Alm. Salg,157,4729,5,1966,
530,Villa,Gammel Vejlevej 19,7200, Grindsted,695000 ,08-09-2002,Alm. Salg,119,5840,4,1947,
530,Villa,Vesterled 1,7260, Sønder Omme,610000 ,06-09-2002,Alm. Salg,76,8026,3,1952,
530,Villa,Gammel Bøvlvej 38,7260, Sønder Omme,84739 ,05-09-2002,Alm. Salg,170,498,5,0,
530,Rækkehus,Nørre Alle 9,7200, Grindsted,430000 ,04-09-2002,Alm. Salg,98,4388,4,1910,
530,Villa,Grindsted Landevej 46,7200, Grindsted,670000 ,04-09-2002,Alm. Salg,170,3941,5,1910,
530,Villa,Skovparken 402,7190, Billund,795000 ,03-09-2002,Alm. Salg,121,6570,5,1965,
530,Villa,Søndergade 35,6623, Vorbasse,323000 ,01-09-2002,Fam. Salg,73,4425,4,1953,
530,Villa,Lyngvej 8,7200, Grindsted,725000 ,01-09-2002,Alm. Salg,108,6713,4,1967,
530,Villa,Møllevænget 7,7190, Billund,600000 ,29-08-2002,Alm. Salg,94,6383,3,1964,
530,Villa,Klodhøjvej 7,7250, Hejnsvig,440500 ,29-08-2002,Alm. Salg,132,3337,5,1920,
530,Villa,Nebelvej 24,6623, Vorbasse,550000 ,29-08-2002,Alm. Salg,105,5238,3,1966,
530,Villa,Engsøparken 9,7200, Grindsted,250000 ,29-08-2002,Alm. Salg,160,1563,4,2003,
530,Rækkehus,Sønderkær 315,7190, Billund,710000 ,28-08-2002,Alm. Salg,91,7802,3,1980,
530,Villa,Tranevej 10,7200, Grindsted,1035000 ,28-08-2002,Alm. Salg,142,7289,5,1976,
530,Villa,Skovparken 216,7190, Billund,2300000 ,28-08-2002,Alm. Salg,252,9127,7,1961,
530,Villa,Østergaardsvej 18,7200, Grindsted,375000 ,27-08-2002,Alm. Salg,126,2976,4,1912,
530,Villa,Hovedgaden 54,7190, Billund,346657 ,27-08-2002,Fam. Salg,88,3939,3,1951,
530,Villa,Mejerivej 12,7250, Hejnsvig,1000000 ,27-08-2002,Alm. Salg,293,3413,6,1875,
530,Villa,Nordtoften 3,7260, Sønder Omme,562500 ,26-08-2002,Alm. Salg,102,5515,4,1961,
530,Villa,Blåbærvej 4,7200, Grindsted,357496 ,22-08-2002,Fam. Salg,108,3310,4,1965,
530,Villa,Kolstrupvej 60,7200, Grindsted,515000 ,21-08-2002,Alm. Salg,175,2943,6,1946,
530,Villa,Fittingvej 42,6623, Vorbasse,198135 ,20-08-2002,Alm. Salg,312,635,10,2005,
530,Villa,Hjortlundvej 15,7200, Grindsted,390000 ,19-08-2002,Alm. Salg,158,2468,4,1930,
530,Villa,Finlandsvej 1,7200, Grindsted,1125000 ,18-08-2002,Alm. Salg,152,7401,6,1968,
530,Villa,Jyllandsgade 17,7200, Grindsted,730000 ,18-08-2002,Alm. Salg,70,10429,3,1956,
530,Villa,Søndre Boulevard 291,7200, Grindsted,1225000 ,18-08-2002,Alm. Salg,137,8942,4,1988,
530,Villa,Vesterhedevej 27,7200, Grindsted,1195000 ,18-08-2002,Alm. Salg,199,6005,8,1932,
530,Villa,J P Jensens Vej 8,7200, Grindsted,1468545 ,15-08-2002,Alm. Salg,172,8538,8,1948,
530,Villa,Granvej 1,7200, Grindsted,425000 ,15-08-2002,Fam. Salg,132,3220,4,1925,
530,Villa,Fitting Stationsvej 8,6623, Vorbasse,950000 ,15-08-2002,Alm. Salg,159,5975,6,1925,
530,Villa,Præstevænget 10,7250, Hejnsvig,375000 ,14-08-2002,Alm. Salg,112,3348,3,1927,
530,Villa,Okslundvej 82,6623, Vorbasse,3750000 ,13-08-2002,Alm. Salg,228,16447,6,1995,
530,Villa,Vestervang 8,7190, Billund,524480 ,13-08-2002,Andet,140,3746,6,1987,
530,Villa,Sønderkær 122,7190, Billund,1025000 ,13-08-2002,Alm. Salg,145,7069,4,1977,
530,Villa,Engvangen 4,7200, Grindsted,850000 ,11-08-2002,Alm. Salg,180,4722,6,1974,
530,Villa,Vejle Landevej 46,7200, Grindsted,890000 ,11-08-2002,Alm. Salg,202,4406,7,1932,
530,Villa,Glentevej 27,7200, Grindsted,600000 ,08-08-2002,Alm. Salg,198,3030,8,1959,
530,Villa,Teglgaardsvej 8,7200, Grindsted,525000 ,08-08-2002,Alm. Salg,128,4102,4,1939,
530,Villa,Krog Skolevej 1,7190, Billund,450000 ,07-08-2002,Alm. Salg,177,2542,5,1939,
530,Villa,Tjørnevej 12,7200, Grindsted,650000 ,06-08-2002,Alm. Salg,138,4710,6,1965,
530,Villa,Flintemarken 26,7190, Billund,1185000 ,06-08-2002,Alm. Salg,125,9480,6,1991,
530,Villa,Pilealle 5,7200, Grindsted,315000 ,05-08-2002,Alm. Salg,134,2351,5,1963,
530,Ejerlejlighed,"Grønningen 17, 1. th",7200, Grindsted,460000 ,04-08-2002,Alm. Salg,88,5227,3,1968,
530,Villa,Havrevænget 9,7200, Grindsted,643075 ,01-08-2002,Alm. Salg,79,8140,3,1963,
530,Villa,Nørager 12,7260, Sønder Omme,875000 ,31-07-2002,Alm. Salg,152,5757,6,1981,
530,Villa,Poppelvej 10,7200, Grindsted,600000 ,28-07-2002,Fam. Salg,91,6593,4,1961,
530,Villa,Søgårdvej 45,7250, Hejnsvig,775000 ,25-07-2002,Alm. Salg,136,5699,5,1979,
530,Villa,Dalsøvej 181,7200, Grindsted,680000 ,24-07-2002,Alm. Salg,94,7234,4,1981,
530,Villa,Nygade 23,7200, Grindsted,805000 ,24-07-2002,Alm. Salg,108,7454,3,1959,
530,Villa,Egebjerg Landevej 79,7250, Hejnsvig,625000 ,24-07-2002,Alm. Salg,226,2765,8,1914,
530,Villa,Bygvænget 16,7200, Grindsted,391500 ,24-07-2002,Fam. Salg,92,4255,3,1963,
530,Rækkehus,Sønderkær 485,7190, Billund,625000 ,23-07-2002,Alm. Salg,77,8117,3,1984,
530,Villa,Skjoldbjergvej 32,6623, Vorbasse,315000 ,23-07-2002,Alm. Salg,104,3029,3,1947,
530,Villa,Stenvej 19,7200, Grindsted,850000 ,22-07-2002,Alm. Salg,123,6911,5,1962,
530,Villa,Fyrrevænget 107,7190, Billund,789500 ,20-07-2002,Alm. Salg,124,6367,5,1969,
530,Villa,Grindstedvej 17,7260, Sønder Omme,567824 ,19-07-2002,Alm. Salg,109,5209,2,1936,
530,Villa,Tinghusgade 21,7200, Grindsted,330000 ,18-07-2002,Alm. Salg,102,3235,4,1946,
530,Villa,Lamborgvej 15,7200, Grindsted,295000 ,18-07-2002,Alm. Salg,102,2892,3,1942,
530,Villa,Flintemarken 25,7190, Billund,1050000 ,18-07-2002,Alm. Salg,121,8678,4,1988,
530,Villa,Hovborgvej 10C,6623, Vorbasse,756661 ,17-07-2002,Alm. Salg,137,5523,4,1975,
530,Villa,Slaugvej 10,6623, Vorbasse,90000 ,17-07-2002,Alm. Salg,141,638,5,2009,
530,Villa,Birkeholtvej 24,7200, Grindsted,565000 ,16-07-2002,Alm. Salg,234,2415,3,2008,
530,Villa,Fitting Stationsvej 1,6623, Vorbasse,1965000 ,14-07-2002,Alm. Salg,236,8326,8,1912,
530,Villa,Nebelvej 14,6623, Vorbasse,450000 ,14-07-2002,Alm. Salg,220,2045,5,1943,
530,Rækkehus,Lysningen 50,7190, Billund,723000 ,12-07-2002,Alm. Salg,86,8407,3,1988,
530,Villa,Parkvej 14,6623, Vorbasse,760000 ,12-07-2002,Alm. Salg,192,3958,6,1974,
530,Rækkehus,Nørager 26,7260, Sønder Omme,465000 ,09-07-2002,Alm. Salg,115,4043,3,1980,
530,Villa,Kløvervej 8,7190, Billund,1825000 ,09-07-2002,Alm. Salg,221,8258,7,1987,
530,Villa,Nørrevej 35,7200, Grindsted,1170000 ,09-07-2002,Alm. Salg,193,6062,5,1984,
530,Villa,Sydtoften 41,7200, Grindsted,980000 ,09-07-2002,Alm. Salg,153,6405,5,1984,
530,Villa,Nørrevej 14,7200, Grindsted,320000 ,08-07-2002,Andet,122,2623,2,1943,
530,Villa,Fittingvej 40,6623, Vorbasse,460000 ,07-07-2002,Alm. Salg,86,5349,2,1929,
530,Villa,Abildvej 1,7200, Grindsted,450000 ,07-07-2002,Alm. Salg,94,4787,4,1962,
530,Villa,Engsøparken 121,7200, Grindsted,692500 ,07-07-2002,Alm. Salg,201,3445,6,2004,
530,Villa,Sønderkær 140,7190, Billund,1095000 ,05-07-2002,Alm. Salg,169,6479,6,1976,
530,Villa,Rahbæksvej 12,7260, Sønder Omme,612500 ,04-07-2002,Alm. Salg,153,4003,4,1977,
530,Villa,Fitting Stationsvej 1,6623, Vorbasse,1950000 ,04-07-2002,Fam. Salg,236,8263,8,1912,
530,Villa,Arresøvej 7,7200, Grindsted,1000000 ,03-07-2002,Fam. Salg,170,5882,5,1973,
530,Villa,Vestergade 89,7200, Grindsted,650000 ,03-07-2002,Fam. Salg,105,6190,5,1964,
530,Villa,Kirkegade 13,6623, Vorbasse,803000 ,03-07-2002,Alm. Salg,114,7044,5,1970,
530,Villa,Finlandsvej 4,7200, Grindsted,970000 ,02-07-2002,Alm. Salg,135,6467,5,1969,
530,Villa,Nørrevej 27,7200, Grindsted,600000 ,28-06-2002,Alm. Salg,110,5455,3,1986,
530,Villa,Egevangen 6,7200, Grindsted,650000 ,28-06-2002,Fam. Salg,116,5603,4,1960,
530,Rækkehus,Sønderkær 409A,7190, Billund,585000 ,26-06-2002,Alm. Salg,77,7597,3,1986,
530,Villa,Kirkevej 12,7250, Hejnsvig,765000 ,26-06-2002,Alm. Salg,232,3297,7,1944,
530,Villa,Vestervang 25,7190, Billund,1045000 ,26-06-2002,Alm. Salg,156,6699,6,1986,
530,Villa,Engvangen 12,7200, Grindsted,530000 ,26-06-2002,Alm. Salg,130,4077,5,1977,
530,Villa,Nørager 14,7260, Sønder Omme,725000 ,26-06-2002,Alm. Salg,117,6197,4,1987,
530,Villa,Søndervang 13,7200, Grindsted,507674 ,26-06-2002,Alm. Salg,118,4302,4,1960,
530,Villa,Vestervej 12,7200, Grindsted,354000 ,25-06-2002,Alm. Salg,202,1752,8,1942,
530,Villa,Tingstedet 55,7190, Billund,1325000 ,25-06-2002,Alm. Salg,147,9014,6,1997,
530,Villa,Elmelunden 213,7190, Billund,635000 ,25-06-2002,Alm. Salg,99,6414,4,1964,
530,Villa,Svinget 1,7200, Grindsted,1115000 ,25-06-2002,Alm. Salg,117,9530,4,2003,
530,Villa,Fittingvej 14,6623, Vorbasse,760000 ,25-06-2002,Alm. Salg,120,6333,5,1932,
530,Villa,Tarm Landevej 17,7260, Sønder Omme,636000 ,24-06-2002,Alm. Salg,131,4855,3,1941,
530,Villa,Egeparken 19,7260, Sønder Omme,164030 ,19-06-2002,Alm. Salg,194,846,7,2004,
530,Villa,Stenhøjvej 11,7250, Hejnsvig,480000 ,19-06-2002,Andet,120,4000,5,1974,
530,Villa,Skovparken 218A,7190, Billund,1775000 ,19-06-2002,Alm. Salg,159,11164,5,1997,
530,Villa,Elmevangen 3,7200, Grindsted,750000 ,18-06-2002,Alm. Salg,99,7576,3,1960,
530,Villa,Møllegade 2,6623, Vorbasse,498000 ,17-06-2002,Alm. Salg,153,3255,8,1930,
530,Villa,Engsøparken 103,7200, Grindsted,900000 ,13-06-2002,Alm. Salg,174,5172,6,2003,
530,Rækkehus,Rønnebærvej 19,7200, Grindsted,530000 ,11-06-2002,Fam. Salg,109,4862,4,1000,
530,Villa,Tegnhøjvej 28,7250, Hejnsvig,2500000 ,11-06-2002,Alm. Salg,237,10549,8,1900,
530,Villa,Søgårdparken 22,7250, Hejnsvig,179200 ,11-06-2002,Alm. Salg,153,1171,6,2003,
530,Villa,Daugårdvej 24,7250, Hejnsvig,259250 ,09-06-2002,Fam. Salg,152,1706,4,1955,
530,Villa,Hørlycks Alle 9,7200, Grindsted,860055 ,07-06-2002,Alm. Salg,213,4038,8,1940,
530,Villa,Mølleparken 382,7190, Billund,920000 ,06-06-2002,Alm. Salg,118,7797,4,1980,
530,Villa,Grindstedvej 72,7260, Sønder Omme,690000 ,06-06-2002,Alm. Salg,98,7041,3,1959,
530,Rækkehus,Markskellet 21,7190, Billund,685000 ,05-06-2002,Alm. Salg,81,8457,3,1988,
530,Villa,Tinghusgade 21,7200, Grindsted,330000 ,03-06-2002,Alm. Salg,102,3235,4,1946,
530,Villa,Grindsted Landevej 98,7200, Grindsted,523226 ,03-06-2002,Alm. Salg,143,3659,6,1878,
530,Villa,Sønderkær 221,7190, Billund,1060000 ,03-06-2002,Alm. Salg,142,7465,5,1977,
530,Villa,Dalsøvej 3,7200, Grindsted,760000 ,02-06-2002,Alm. Salg,158,4810,9,1975,
530,Villa,Færøvej 1,7200, Grindsted,750000 ,30-05-2002,Alm. Salg,148,5068,4,1971,
530,Villa,Markskellet 58,7190, Billund,1095000 ,29-05-2002,Alm. Salg,114,9605,4,1997,
530,Villa,Engsøparken 111,7200, Grindsted,436300 ,29-05-2002,Alm. Salg,122,3576,3,2003,
530,Villa,Engsøparken 131,7200, Grindsted,222000 ,29-05-2002,Alm. Salg,160,1388,5,2005,
530,Villa,Engdraget 4,7190, Billund,1120000 ,28-05-2002,Alm. Salg,195,5744,7,1986,
530,Villa,Nebelvej 3,6623, Vorbasse,135279 ,28-05-2002,Alm. Salg,124,1091,4,2016,
530,Villa,Tingstedet 53,7190, Billund,1200000 ,27-05-2002,Alm. Salg,176,6818,7,1997,
530,Villa,Engsøparken 85,7200, Grindsted,321000 ,27-05-2002,Alm. Salg,163,1969,5,2005,
530,Villa,Søllingdalvej 14,7250, Hejnsvig,850000 ,27-05-2002,Alm. Salg,143,5944,6,1974,
530,Villa,Tiphedevej 2,7200, Grindsted,810000 ,26-05-2002,Alm. Salg,143,5664,5,1973,
530,Villa,Ribersvej 210,7200, Grindsted,1065000 ,23-05-2002,Alm. Salg,146,7295,5,1991,
530,Villa,Mølleparken 221,7190, Billund,1385000 ,23-05-2002,Alm. Salg,219,6324,5,1976,
530,Ejerlejlighed,"Kirke Alle 11, 1",7260, Sønder Omme,415000 ,21-05-2002,Alm. Salg,79,5253,3,1920,
530,Villa,Dalsvinget 8,7200, Grindsted,928739 ,20-05-2002,Andet,159,5495,6,1977,
530,Villa,Møllestien 2,7200, Grindsted,240000 ,18-05-2002,Alm. Salg,138,1739,4,1920,
530,Villa,Mølleparken 103,7190, Billund,950000 ,16-05-2002,Alm. Salg,139,6835,5,1976,
530,Villa,Mølleparken 133,7190, Billund,1100000 ,16-05-2002,Alm. Salg,176,6250,4,1977,
530,Villa,Færøvej 10,7200, Grindsted,815000 ,16-05-2002,Alm. Salg,120,6792,4,1972,
530,Villa,Sønderkær 164,7190, Billund,865000 ,16-05-2002,Alm. Salg,118,7331,4,1977,
530,Rækkehus,Bekkasinvej 12C,7200, Grindsted,1110000 ,14-05-2002,Alm. Salg,102,10882,3,2001,
530,Villa,Skole Alle 10,7260, Sønder Omme,570000 ,13-05-2002,Alm. Salg,120,4750,4,1910,
530,Villa,A G Jensens Vej 3,7250, Hejnsvig,460000 ,13-05-2002,Alm. Salg,98,4694,3,1939,
530,Villa,Skrænten 10,7250, Hejnsvig,30000 ,13-05-2002,Alm. Salg,163,184,6,2006,
530,Villa,Glentevej 30,7200, Grindsted,550000 ,12-05-2002,Alm. Salg,98,5612,4,1959,
530,Villa,Engsøparken 119,7200, Grindsted,751000 ,10-05-2002,Alm. Salg,236,3182,5,2004,
530,Rækkehus,Lysningen 52,7190, Billund,705000 ,07-05-2002,Alm. Salg,86,8198,3,1988,
530,Rækkehus,Søndervold 26,7200, Grindsted,575000 ,06-05-2002,Fam. Salg,60,9583,2,1989,
530,Villa,Filskovvej 23,7200, Grindsted,250000 ,06-05-2002,Auktion,104,2404,4,1949,
530,Rækkehus,Nørager 95,7260, Sønder Omme,542754 ,05-05-2002,Alm. Salg,64,8481,2,1981,
530,Villa,Fittingvej 20,6623, Vorbasse,100000 ,05-05-2002,Auktion,69,1449,2,1912,
530,Villa,Lindevej 18,7200, Grindsted,1450000 ,05-05-2002,Alm. Salg,153,9477,6,1993,
530,Villa,Rosengårdsvej 4,7250, Hejnsvig,620000 ,03-05-2002,Alm. Salg,187,3316,7,1973,
530,Villa,Pilevej 7,7200, Grindsted,885000 ,02-05-2002,Alm. Salg,115,7696,3,1962,
530,Villa,Sønderkær 279,7190, Billund,1002789 ,30-04-2002,Alm. Salg,143,7013,5,1979,
530,Villa,Tingstedet 97,7190, Billund,1450000 ,29-04-2002,Alm. Salg,139,10432,5,1999,
530,Villa,Engvej 16,7200, Grindsted,710000 ,28-04-2002,Alm. Salg,153,4641,4,1918,
530,Villa,Jyllandsgade 9,7200, Grindsted,850000 ,28-04-2002,Alm. Salg,122,6967,4,1955,
530,Villa,Vejlevej 38,7260, Sønder Omme,510000 ,27-04-2002,Alm. Salg,88,5795,3,1960,
530,Ejerlejlighed,"Grønningen 13, 1. tv",7200, Grindsted,303680 ,24-04-2002,Alm. Salg,53,5730,2,1967,
530,Villa,Dalsøvej 73,7200, Grindsted,776876 ,24-04-2002,Fam. Salg,124,6265,4,1976,
530,Villa,Tingstedet 98,7190, Billund,1459999 ,23-04-2002,Alm. Salg,163,8957,6,1997,
530,Villa,Lillevang 11,7190, Billund,1695000 ,22-04-2002,Alm. Salg,152,11151,6,1999,
530,Villa,Mandøvej 17,7200, Grindsted,810000 ,21-04-2002,Alm. Salg,135,6000,5,1969,
530,Villa,Dalsvinget 58,7200, Grindsted,1020000 ,16-04-2002,Alm. Salg,142,7183,6,1976,
530,Rækkehus,Søndre Boulevard 361,7200, Grindsted,695000 ,15-04-2002,Alm. Salg,80,8688,3,1986,
530,Villa,Midtgårdvej 23,7200, Grindsted,695000 ,15-04-2002,Alm. Salg,116,5991,4,1985,
530,Villa,Lillevang 4,7190, Billund,298869 ,14-04-2002,Alm. Salg,122,2450,6,2003,
530,Villa,Hovedgaden 34,7260, Sønder Omme,900000 ,12-04-2002,Fam. Salg,263,3422,10,1954,
530,Villa,Skovvang 9,7260, Sønder Omme,898672 ,12-04-2002,Alm. Salg,166,5414,4,1952,
530,Villa,Grønnegade 7,6623, Vorbasse,570000 ,11-04-2002,Alm. Salg,116,4914,4,1967,
530,Rækkehus,Sønderkær 351,7190, Billund,810000 ,10-04-2002,Alm. Salg,87,9310,3,1985,
530,Villa,Birkevænget 1,7190, Billund,500000 ,09-04-2002,Alm. Salg,156,3205,5,1971,
530,Villa,Abildvej 3,7200, Grindsted,595100 ,07-04-2002,Alm. Salg,93,6399,3,1967,
530,Villa,Birkeholtvej 24,7200, Grindsted,2500000 ,04-04-2002,Alm. Salg,234,10684,3,2008,
530,Villa,Østervænget 18,6623, Vorbasse,840000 ,03-04-2002,Alm. Salg,140,6000,5,1980,
530,Villa,Dalsøvej 121,7200, Grindsted,840000 ,03-04-2002,Alm. Salg,121,6942,4,1979,
530,Villa,Søndergade 12,6623, Vorbasse,300000 ,03-04-2002,Fam. Salg,118,2542,3,1953,
530,Villa,Bækkevej 30,6623, Vorbasse,850000 ,03-04-2002,Alm. Salg,144,5903,5,2006,
530,Villa,Kobjergvej 13,7190, Billund,575000 ,26-03-2002,Alm. Salg,324,1775,5,2005,
530,Villa,Nygade 14,7200, Grindsted,670000 ,26-03-2002,Alm. Salg,166,4036,6,1910,
530,Villa,Urupvej 20,7200, Grindsted,600000 ,26-03-2002,Alm. Salg,169,3550,5,1928,
530,Villa,Lillevang 15,7190, Billund,1145000 ,25-03-2002,Alm. Salg,115,9957,5,2002,
530,Villa,Vestervang 17,7190, Billund,1150000 ,25-03-2002,Alm. Salg,143,8042,5,1987,
530,Villa,Ribersvej 212,7200, Grindsted,1020000 ,24-03-2002,Alm. Salg,139,7338,5,1981,
530,Villa,Højene 3,7250, Hejnsvig,850000 ,24-03-2002,Alm. Salg,128,6641,3,1970,
530,Ejerlejlighed,"Grønningen 3, st. tv",7200, Grindsted,538441 ,22-03-2002,Alm. Salg,88,6119,3,1967,
530,Rækkehus,Markskellet 6,7190, Billund,835000 ,21-03-2002,Alm. Salg,124,6734,5,1987,
530,Villa,Amtsvejen 57,7200, Grindsted,415000 ,21-03-2002,Alm. Salg,103,4029,3,1949,
530,Villa,Østergaardsvej 4,7200, Grindsted,240000 ,21-03-2002,Alm. Salg,190,1263,8,1900,
530,Villa,Engsøparken 7,7200, Grindsted,250000 ,21-03-2002,Alm. Salg,176,1420,7,2003,
530,Villa,Engsøparken 103,7200, Grindsted,251000 ,21-03-2002,Alm. Salg,174,1443,6,2003,
530,Rækkehus,Dalsvinget 20B,7200, Grindsted,675000 ,20-03-2002,Alm. Salg,102,6618,4,1978,
530,Villa,Dalgasvej 2,6623, Vorbasse,575000 ,20-03-2002,Alm. Salg,214,2687,6,1926,
530,Villa,Glentevej 28,7200, Grindsted,896241 ,19-03-2002,Alm. Salg,101,8874,4,1959,
530,Villa,Åmarkvej 7,7200, Grindsted,980000 ,19-03-2002,Alm. Salg,163,6012,6,1973,
530,Villa,Bækkevej 30,6623, Vorbasse,1475000 ,18-03-2002,Fam. Salg,144,10243,5,2006,
530,Villa,Engsøparken 105,7200, Grindsted,1170000 ,17-03-2002,Alm. Salg,121,9669,4,2003,
530,Villa,Jørgen Glavinds Vej 22,7200, Grindsted,585000 ,15-03-2002,Alm. Salg,138,4239,4,1957,
530,Villa,Egebjerg Landevej 89,7250, Hejnsvig,420000 ,14-03-2002,Alm. Salg,75,5600,2,1955,
530,Villa,Tingstedet 60,7190, Billund,1270000 ,13-03-2002,Alm. Salg,140,9071,6,1995,
530,Villa,Sønderkær 393,7190, Billund,1045000 ,11-03-2002,Alm. Salg,130,8038,5,1985,
530,Villa,Mølleparken 306,7190, Billund,614500 ,11-03-2002,Alm. Salg,137,4485,4,1981,
530,Villa,Tingstedet 5,7190, Billund,1550000 ,11-03-2002,Alm. Salg,176,8807,7,1994,
530,Villa,Enevej 6,7200, Grindsted,550000 ,10-03-2002,Andet,136,4044,4,1987,
530,Villa,Dalsvinget 34,7200, Grindsted,725000 ,10-03-2002,Alm. Salg,116,6250,5,1976,
530,Villa,Fittingvej 42,6623, Vorbasse,2939000 ,07-03-2002,Alm. Salg,312,9420,10,2005,
530,Villa,Plougslundvej 203,7190, Billund,1600000 ,07-03-2002,Fam. Salg,198,8081,6,1974,
530,Rækkehus,Dalsvinget 20F,7200, Grindsted,670000 ,06-03-2002,Alm. Salg,96,6979,4,1978,
530,Villa,Systemvej 15,7190, Billund,750000 ,06-03-2002,Alm. Salg,166,4518,6,1956,
530,Villa,Østervangsvej 13,7200, Grindsted,995000 ,06-03-2002,Alm. Salg,145,6862,7,1943,
530,Villa,Flintemarken 6,7190, Billund,1169000 ,05-03-2002,Alm. Salg,136,8596,5,1989,
530,Villa,Tranebærvej 8,7200, Grindsted,895000 ,03-03-2002,Alm. Salg,105,8524,4,1965,
530,Villa,Morsbølvej 76,7200, Grindsted,717675 ,01-03-2002,Alm. Salg,197,3643,5,1997,
530,Villa,Østerbrogade 17,7200, Grindsted,750000 ,01-03-2002,Alm. Salg,137,5474,5,1920,
530,Villa,Mølleparken 143,7190, Billund,832500 ,27-02-2002,Alm. Salg,117,7115,4,1976,
530,Villa,Markskellet 43,7190, Billund,1250000 ,27-02-2002,Alm. Salg,132,9470,5,1989,
530,Rækkehus,Nørregade 3B,6623, Vorbasse,390000 ,26-02-2002,Alm. Salg,55,7091,2,1930,
530,Ejerlejlighed,"Hovedgaden 2, 1",7260, Sønder Omme,1340000 ,26-02-2002,Alm. Salg,109,12294,3,1913,
530,Villa,Skjoldbjergvej 5,6623, Vorbasse,1000000 ,26-02-2002,Alm. Salg,183,5464,6,1975,
530,Villa,Vestergade 68,7200, Grindsted,795098 ,25-02-2002,Alm. Salg,75,10601,3,1959,
530,Villa,Kirkebyvej 140,7260, Sønder Omme,490000 ,24-02-2002,Alm. Salg,148,3311,6,1927,
530,Villa,Søndervold 114,7200, Grindsted,200000 ,20-02-2002,Alm. Salg,154,1299,5,2003,
530,Villa,Skole Alle 6,7260, Sønder Omme,310000 ,20-02-2002,Auktion,129,2403,5,1915,
530,Villa,Almstokvej 35,6623, Vorbasse,220000 ,20-02-2002,Alm. Salg,68,3235,2,1944,
530,Villa,Flintemarken 95,7190, Billund,1550000 ,20-02-2002,Alm. Salg,190,8158,8,1993,
530,Villa,Teglgaardsvej 12,7200, Grindsted,810000 ,19-02-2002,Alm. Salg,190,4263,6,1931,
530,Villa,Mølleparken 239,7190, Billund,1000000 ,19-02-2002,Alm. Salg,154,6494,5,1977,
530,Villa,Lillevang 20,7190, Billund,294819 ,18-02-2002,Alm. Salg,146,2019,5,2002,
530,Villa,Rolighedsvej 1,6623, Vorbasse,460000 ,18-02-2002,Alm. Salg,130,3538,5,1900,
530,Villa,Dalbo 28,7200, Grindsted,795000 ,18-02-2002,Alm. Salg,127,6260,5,1977,
530,Villa,Hovedgaden 22,7260, Sønder Omme,380000 ,18-02-2002,Alm. Salg,167,2275,7,1900,
530,Rækkehus,Sønderkær 405B,7190, Billund,630000 ,17-02-2002,Alm. Salg,77,8182,3,1986,
530,Villa,Lillevang 22,7190, Billund,305079 ,17-02-2002,Alm. Salg,186,1640,7,2002,
530,Villa,Bredgade 46,7250, Hejnsvig,535000 ,17-02-2002,Alm. Salg,145,3690,6,1924,
530,Rækkehus,Sønderkær 407B,7190, Billund,648000 ,15-02-2002,Alm. Salg,77,8416,3,1987,
530,Villa,Dalbo 19,7200, Grindsted,830000 ,14-02-2002,Alm. Salg,145,5724,5,1978,
530,Villa,Nollundvej 115,7200, Grindsted,665000 ,13-02-2002,Alm. Salg,109,6101,3,1956,
530,Villa,Kronhedevej 6,7200, Grindsted,800000 ,13-02-2002,Alm. Salg,145,5517,6,1973,
530,Villa,Markskellet 88,7190, Billund,1200000 ,10-02-2002,Alm. Salg,148,8108,5,1987,
530,Villa,Svinget 1,7200, Grindsted,400000 ,10-02-2002,Alm. Salg,117,3419,4,2003,
530,Villa,Granvej 7,7200, Grindsted,835000 ,06-02-2002,Alm. Salg,124,6734,4,1955,
530,Villa,Tolvalenvej 27,7260, Sønder Omme,400000 ,05-02-2002,Fam. Salg,156,2564,5,1925,
530,Rækkehus,Søndre Boulevard 355,7200, Grindsted,775000 ,04-02-2002,Alm. Salg,81,9568,3,1987,
530,Villa,Skovparken 302,7190, Billund,456489 ,04-02-2002,Alm. Salg,149,3064,4,2017,
530,Villa,Ølgodvej 2,7200, Grindsted,500000 ,04-02-2002,Fam. Salg,119,4202,4,1954,
530,Villa,Mølleparken 212,7190, Billund,1201753 ,04-02-2002,Alm. Salg,183,6567,6,1975,
530,Villa,Nørrevej 19,7200, Grindsted,516000 ,03-02-2002,Fam. Salg,241,2141,7,1973,
530,Villa,Dalbo 17,7200, Grindsted,840000 ,31-01-2002,Alm. Salg,121,6942,4,1980,
530,Villa,Storegade 33,7200, Grindsted,175000 ,31-01-2002,Alm. Salg,124,1411,6,1951,
530,Villa,Hestkærvej 40,7200, Grindsted,240000 ,31-01-2002,Andet,109,2202,5,1953,
530,Villa,Møllebakkevej 23,7200, Grindsted,125000 ,31-01-2002,Alm. Salg,161,776,7,1890,
530,Villa,Egevej 12,7260, Sønder Omme,545301 ,30-01-2002,Alm. Salg,108,5049,4,1967,
530,Ejerlejlighed,"Grønningen 17, 1. th",7200, Grindsted,460000 ,29-01-2002,Alm. Salg,88,5227,3,1968,
530,Villa,Skovbrynet 6,7260, Sønder Omme,528728 ,29-01-2002,Andet,173,3056,5,1970,
530,Ejerlejlighed,Nørregade 61,7200, Grindsted,1850000 ,28-01-2002,Alm. Salg,169,5728,10,1967,
530,Villa,Holdgårdsvej 3,7260, Sønder Omme,385000 ,28-01-2002,Alm. Salg,70,5500,3,1937,
530,Villa,Kærtoften 3B,7200, Grindsted,588000 ,27-01-2002,Alm. Salg,132,4455,5,1923,
530,Villa,Svinget 7,7200, Grindsted,730000 ,23-01-2002,Alm. Salg,100,7300,4,1956,
530,Villa,Grindstedvej 22,7260, Sønder Omme,525000 ,22-01-2002,Alm. Salg,85,6176,3,1940,
530,Villa,Østervangsvej 8,7200, Grindsted,1920492 ,22-01-2002,Alm. Salg,131,14660,3,1935,
530,Villa,Fuglsøvej 4,7200, Grindsted,875000 ,22-01-2002,Alm. Salg,143,6119,5,1974,
530,Villa,Nyvej 11,7250, Hejnsvig,650000 ,22-01-2002,Alm. Salg,98,6633,3,1962,
530,Villa,Sønderkær 305,7190, Billund,730000 ,20-01-2002,Alm. Salg,157,4650,7,1981,
530,Villa,Gammel Bøvlvej 24,7260, Sønder Omme,695000 ,20-01-2002,Alm. Salg,94,7394,3,1948,
530,Villa,Drosselvej 9,6623, Vorbasse,120000 ,20-01-2002,Alm. Salg,221,543,6,2004,
530,Villa,Aakjærsvej 16,7200, Grindsted,621098 ,19-01-2002,Alm. Salg,107,5805,4,1946,
530,Ejerlejlighed,"Solvej 54, 3",7200, Grindsted,1025000 ,14-01-2002,Alm. Salg,107,9579,3,2003,
530,Villa,Nygade 12,7200, Grindsted,645000 ,14-01-2002,Alm. Salg,109,5917,4,1914,
530,Villa,Østergade 48,6623, Vorbasse,400000 ,14-01-2002,Alm. Salg,75,5333,2,1935,
530,Villa,Kærtoften 2,7200, Grindsted,900000 ,11-01-2002,Alm. Salg,164,5488,5,1979,
530,Villa,Vestergade 5,6623, Vorbasse,615000 ,09-01-2002,Alm. Salg,160,3844,5,1956,
530,Villa,Engvangen 31,7200, Grindsted,390000 ,09-01-2002,Alm. Salg,97,4021,3,1950,
530,Villa,Jyllandsgade 16,7200, Grindsted,733634 ,08-01-2002,Alm. Salg,97,7563,3,1950,
530,Villa,Vestervang 23,7190, Billund,586235 ,06-01-2002,Fam. Salg,168,3489,7,1986,
530,Villa,Abildvej 15,7200, Grindsted,690000 ,03-01-2002,Andet,120,5750,5,1972,
530,Rækkehus,Systemvej 36D,7190, Billund,678924 ,01-01-2002,Alm. Salg,76,8933,3,1964,
530,Villa,Markskellet 28,7190, Billund,800000 ,01-01-2002,Alm. Salg,100,8000,5,1987,
530,Villa,Gammel Bøvlvej 32,7260, Sønder Omme,790000 ,01-01-2002,Alm. Salg,222,3559,5,1970,
530,Villa,Skovparken 404,7190, Billund,750000 ,30-12-2001,Fam. Salg,246,3049,6,1965,
530,Villa,Elmelunden 217,7190, Billund,587000 ,26-12-2001,Alm. Salg,97,6052,4,1963,
530,Villa,Flintemarken 61,7190, Billund,1430000 ,26-12-2001,Alm. Salg,148,9662,5,1988,
530,Villa,Vesterhedevej 38,7250, Hejnsvig,322500 ,26-12-2001,Alm. Salg,103,3131,5,1923,
530,Villa,Ølgodvej 34,7200, Grindsted,340000 ,21-12-2001,Alm. Salg,66,5152,2,1954,
530,Rækkehus,Systemvej 36A,7190, Billund,720000 ,20-12-2001,Alm. Salg,99,7273,4,1964,
530,Rækkehus,Systemvej 36B,7190, Billund,690000 ,20-12-2001,Alm. Salg,92,7500,3,1964,
530,Villa,Brombærvej 12,7200, Grindsted,440000 ,20-12-2001,Alm. Salg,155,2839,5,1968,
530,Villa,Blichersvej 13,7200, Grindsted,351338 ,20-12-2001,Alm. Salg,158,2224,5,2014,
530,Villa,Solvangen 1,7200, Grindsted,650000 ,19-12-2001,Alm. Salg,116,5603,4,1977,
530,Villa,Krarupvej 5,7200, Grindsted,675000 ,18-12-2001,Alm. Salg,130,5192,4,1965,
530,Villa,Bredsten Landevej 197,7200, Grindsted,880905 ,18-12-2001,Alm. Salg,144,6117,5,1917,
530,Rækkehus,Rønnebærvej 7,7200, Grindsted,665000 ,17-12-2001,Alm. Salg,86,7733,4,1967,
530,Villa,Fanøvej 5,7200, Grindsted,875000 ,17-12-2001,Alm. Salg,139,6295,5,1971,
530,Villa,Sønderkær 146,7190, Billund,860000 ,16-12-2001,Alm. Salg,165,5212,6,1977,
530,Villa,Købmandsvej 10,6623, Vorbasse,206823 ,16-12-2001,Alm. Salg,158,1309,7,2002,
530,Villa,Præstevænget 4,7250, Hejnsvig,450000 ,16-12-2001,Alm. Salg,128,3516,5,1935,
530,Villa,Lupinvænget 15,7200, Grindsted,649815 ,14-12-2001,Alm. Salg,98,6631,4,1962,
530,Villa,Vestre Alle 8,7200, Grindsted,800000 ,12-12-2001,Alm. Salg,125,6400,6,1940,
530,Villa,Prærien 58,7200, Grindsted,155000 ,12-12-2001,Alm. Salg,120,1292,5,2002,
530,Villa,Østergade 18,7200, Grindsted,860000 ,06-12-2001,Alm. Salg,134,6418,5,1918,
530,Villa,Hørlycks Alle 12A,7200, Grindsted,421039 ,06-12-2001,Fam. Salg,154,2734,4,1932,
530,Villa,Fittingvej 6,6623, Vorbasse,630000 ,06-12-2001,Alm. Salg,133,4737,4,1965,
530,Rækkehus,Sydtoften 149,7200, Grindsted,795000 ,03-12-2001,Alm. Salg,106,7500,4,1984,
530,Villa,Nollundvej 166,7200, Grindsted,121000 ,03-12-2001,Auktion,111,1090,3,1958,
530,Villa,Engsøparken 105,7200, Grindsted,247500 ,03-12-2001,Alm. Salg,121,2045,4,2003,
530,Villa,Blichersvej 10,7200, Grindsted,725000 ,03-12-2001,Alm. Salg,124,5847,4,1941,
530,Villa,Hasselvej 4,7260, Sønder Omme,530000 ,02-12-2001,Alm. Salg,204,2598,8,1968,
530,Villa,Hinnumvej 3,7200, Grindsted,630000 ,02-12-2001,Alm. Salg,213,2958,7,1914,
530,Villa,Solsortvej 14,7200, Grindsted,675000 ,29-11-2001,Alm. Salg,93,7258,4,1954,
530,Villa,Gammel Bøvlvej 43,7260, Sønder Omme,375896 ,29-11-2001,Alm. Salg,131,2869,5,1965,
530,Villa,Ahornvej 16,7200, Grindsted,615000 ,26-11-2001,Alm. Salg,88,6989,4,1965,
530,Villa,Hørlycks Alle 12A,7200, Grindsted,845825 ,25-11-2001,Fam. Salg,154,5492,4,1932,
530,Villa,Mandøvej 16,7200, Grindsted,770000 ,23-11-2001,Alm. Salg,132,5833,4,1969,
530,Villa,Kærvej 11,7200, Grindsted,985000 ,22-11-2001,Alm. Salg,144,6840,4,1958,
530,Villa,Langgade 20B,7250, Hejnsvig,1500000 ,22-11-2001,Alm. Salg,203,7389,7,2002,
530,Villa,Svalevænget 4,6623, Vorbasse,1370000 ,21-11-2001,Alm. Salg,177,7740,6,1997,
530,Villa,Lillevang 27,7190, Billund,1095000 ,21-11-2001,Alm. Salg,115,9522,5,2001,
530,Villa,Postgade 6,7200, Grindsted,395000 ,21-11-2001,Alm. Salg,130,3038,4,1925,
530,Villa,Tingstedet 35,7190, Billund,1460000 ,18-11-2001,Alm. Salg,161,9068,6,1994,
530,Villa,Tronsø Parkvej 17,7200, Grindsted,460000 ,18-11-2001,Alm. Salg,78,5897,3,1964,
530,Villa,Langgade 29,7250, Hejnsvig,50000 ,18-11-2001,Alm. Salg,169,296,4,2001,
530,Villa,Bogholdervej 1C,6623, Vorbasse,40000 ,18-11-2001,Alm. Salg,167,240,5,2003,
530,Villa,Tingstedet 13,7190, Billund,1110000 ,16-11-2001,Alm. Salg,135,8222,5,1994,
530,Villa,Solvangen 13,7200, Grindsted,650000 ,15-11-2001,Alm. Salg,124,5242,4,1965,
530,Villa,Søgårdvej 79,7250, Hejnsvig,1180000 ,15-11-2001,Alm. Salg,156,7564,5,1984,
530,Villa,Skjoldbjergvej 23,6623, Vorbasse,2500000 ,14-11-2001,Alm. Salg,279,8961,8,1930,
530,Villa,Parkvej 18,6623, Vorbasse,662500 ,13-11-2001,Alm. Salg,142,4665,5,1975,
530,Villa,Staruphøjevej 8,7250, Hejnsvig,600000 ,12-11-2001,Alm. Salg,329,1824,7,1930,
530,Villa,Ole Kirks Vej 10,7190, Billund,1085000 ,10-11-2001,Alm. Salg,170,6382,6,1951,
530,Villa,Gammel Hejnsvigvej 11,7190, Billund,970000 ,08-11-2001,Alm. Salg,129,7519,5,1960,
530,Villa,Skovgårdsvej 4,7200, Grindsted,1297160 ,07-11-2001,Alm. Salg,213,6090,6,1960,
530,Villa,Dalsøvej 52A,7200, Grindsted,820000 ,06-11-2001,Alm. Salg,150,5467,6,1977,
530,Villa,Nebelvej 19,6623, Vorbasse,700000 ,06-11-2001,Alm. Salg,92,7609,6,1953,
530,Villa,Aakjærsvej 9,7200, Grindsted,877236 ,06-11-2001,Alm. Salg,89,9857,3,1948,
530,Villa,Skjoldbjergvej 36,6623, Vorbasse,400000 ,05-11-2001,Alm. Salg,125,3200,5,1956,
530,Villa,Torvegade 6,7250, Hejnsvig,442000 ,02-11-2001,Fam. Salg,149,2780,5,1928,
530,Villa,Tingstedet 10,7190, Billund,1350000 ,02-11-2001,Alm. Salg,150,9000,6,1995,
530,Villa,Gyvelvej 10,7200, Grindsted,495000 ,30-10-2001,Alm. Salg,73,6781,4,1960,
530,Rækkehus,Markskellet 34,7190, Billund,628000 ,29-10-2001,Alm. Salg,67,9373,3,1988,
530,Villa,Toften 27,7200, Grindsted,499046 ,29-10-2001,Alm. Salg,142,3514,6,1980,
530,Villa,Fynsgade 66,7200, Grindsted,1400000 ,28-10-2001,Alm. Salg,171,8187,5,1964,
530,Villa,Sverrigsvej 7,7200, Grindsted,785000 ,28-10-2001,Alm. Salg,124,6331,5,1969,
530,Villa,Nørager 25,7260, Sønder Omme,850000 ,28-10-2001,Alm. Salg,138,6159,5,1980,
530,Villa,Tingstedet 21,7190, Billund,1225000 ,27-10-2001,Alm. Salg,141,8688,6,1997,
530,Villa,Møbjergvej 77,7260, Sønder Omme,965000 ,27-10-2001,Alm. Salg,173,5578,5,1900,
530,Villa,Jasminvej 1,7200, Grindsted,1100000 ,25-10-2001,Alm. Salg,134,8209,4,1977,
530,Villa,Dalagervej 9,6623, Vorbasse,70000 ,24-10-2001,Fam. Salg,217,323,7,2005,
530,Villa,Egevænget 210,7190, Billund,1100000 ,24-10-2001,Alm. Salg,174,6322,6,1974,
530,Villa,Birksøvej 13,7200, Grindsted,925000 ,21-10-2001,Alm. Salg,141,6560,5,1973,
530,Villa,Bredgade 64,7250, Hejnsvig,825000 ,20-10-2001,Alm. Salg,203,4064,7,1927,
530,Rækkehus,Sydtoften 139,7200, Grindsted,755000 ,18-10-2001,Alm. Salg,82,9207,3,1984,
530,Rækkehus,Jørgen Glavinds Vej 40,7200, Grindsted,550000 ,18-10-2001,Alm. Salg,71,7746,4,1955,
530,Villa,Mølleparken 384,7190, Billund,529990 ,18-10-2001,Fam. Salg,130,4077,5,1980,
530,Villa,Dalagervej 25,6623, Vorbasse,176038 ,18-10-2001,Alm. Salg,174,1012,10,2002,
530,Villa,Bredsten Landevej 197,7200, Grindsted,1385000 ,17-10-2001,Alm. Salg,144,9618,5,1917,
530,Villa,Grindsted Landevej 12,7200, Grindsted,535000 ,16-10-2001,Alm. Salg,97,5515,5,1942,
530,Villa,Løvlundvej 2,7250, Hejnsvig,635000 ,16-10-2001,Alm. Salg,156,4071,5,1951,
530,Villa,Pilevej 11,7200, Grindsted,620000 ,13-10-2001,Alm. Salg,174,3563,6,2019,
530,Villa,Birkevej 8,7260, Sønder Omme,850000 ,12-10-2001,Alm. Salg,176,4830,6,1970,
530,Villa,Solsortvej 9B,7200, Grindsted,1087500 ,11-10-2001,Alm. Salg,210,5179,6,1972,
530,Villa,Søndervold 301,7200, Grindsted,1500000 ,10-10-2001,Alm. Salg,161,9317,5,1995,
530,Villa,Hinnumvej 3,7200, Grindsted,1550000 ,10-10-2001,Alm. Salg,213,7277,7,1914,
530,Villa,Dalsøvej 109,7200, Grindsted,915000 ,08-10-2001,Alm. Salg,128,7148,4,1980,
530,Villa,Lillevang 15,7190, Billund,294436 ,08-10-2001,Alm. Salg,115,2560,5,2002,
530,Villa,Ågeslundvej 36,7200, Grindsted,850000 ,08-10-2001,Alm. Salg,125,6800,5,1976,
530,Villa,Stenvej 16,7200, Grindsted,540000 ,07-10-2001,Alm. Salg,150,3600,4,1955,
530,Villa,Vilhelmsmindevej 11,7200, Grindsted,730000 ,07-10-2001,Alm. Salg,213,3427,8,1919,
530,Villa,Dalgasvej 8,7200, Grindsted,400000 ,04-10-2001,Alm. Salg,98,4082,3,1950,
530,Villa,Skovgårdsvej 22,7200, Grindsted,475000 ,04-10-2001,Alm. Salg,228,2083,6,1909,
530,Villa,Mølleparken 239,7190, Billund,1050000 ,04-10-2001,Alm. Salg,154,6818,5,1977,
530,Villa,Sydtoften 63,7200, Grindsted,1140000 ,04-10-2001,Alm. Salg,159,7170,5,1984,
530,Villa,Gammel Bøvlvej 33,7260, Sønder Omme,585000 ,04-10-2001,Alm. Salg,108,5417,5,1959,
530,Villa,Lysningen 12,7190, Billund,925000 ,03-10-2001,Alm. Salg,100,9250,4,1987,
530,Villa,Søgårdvej 65,7250, Hejnsvig,954398 ,02-10-2001,Alm. Salg,164,5820,6,1979,
530,Ejerlejlighed,"Banegårdsvej 27, 1",7200, Grindsted,500000 ,01-10-2001,Alm. Salg,62,8065,2,1987,
530,Villa,Rahbæksvej 10,7260, Sønder Omme,710000 ,30-09-2001,Alm. Salg,128,5547,5,1975,
530,Villa,Mølleparken 228,7190, Billund,1275000 ,30-09-2001,Alm. Salg,149,8557,5,1976,
530,Villa,Grindstedvej 66,7260, Sønder Omme,475000 ,28-09-2001,Alm. Salg,213,2230,6,1937,
530,Villa,Lyngvej 14,7200, Grindsted,755000 ,27-09-2001,Alm. Salg,122,6189,5,1967,
530,Rækkehus,Systemvej 36E,7190, Billund,650000 ,26-09-2001,Andet,82,7927,4,1964,
530,Rækkehus,Systemvej 36C,7190, Billund,675000 ,26-09-2001,Andet,90,7500,3,1964,
530,Rækkehus,Systemvej 36F,7190, Billund,475000 ,26-09-2001,Andet,63,7540,2,1964,
530,Villa,Åmosevej 4,7200, Grindsted,995267 ,24-09-2001,Alm. Salg,145,6864,5,1972,
530,Villa,Herningvej 13,7260, Sønder Omme,420000 ,23-09-2001,Alm. Salg,104,4038,3,1952,
530,Ejerlejlighed,"Nygade 19B, st",7200, Grindsted,700000 ,20-09-2001,Alm. Salg,83,8434,3,1988,
530,Villa,Langgade 52,7250, Hejnsvig,375000 ,20-09-2001,Alm. Salg,125,3000,4,1954,
530,Villa,Hovborgvej 28,6623, Vorbasse,348500 ,20-09-2001,Alm. Salg,77,4526,2,1966,
530,Villa,Søndermarksvej 103,7190, Billund,707500 ,19-09-2001,Alm. Salg,107,6612,4,1969,
530,Villa,Nørrevej 20,7200, Grindsted,400000 ,18-09-2001,Alm. Salg,104,3846,4,1970,
530,Villa,Storegade 33,7200, Grindsted,135000 ,18-09-2001,Alm. Salg,124,1089,6,1951,
530,Villa,Østergade 50,6623, Vorbasse,570000 ,18-09-2001,Fam. Salg,136,4191,5,1932,
530,Villa,Søndermarksvej 105,7190, Billund,1080000 ,17-09-2001,Alm. Salg,160,6750,6,1968,
530,Villa,Nebelvej 15,6623, Vorbasse,695000 ,15-09-2001,Alm. Salg,97,7165,4,1953,
530,Villa,Nørregade 8,6623, Vorbasse,250000 ,15-09-2001,Alm. Salg,258,969,6,1922,
530,Villa,Bredgade 3,7250, Hejnsvig,841050 ,15-09-2001,Alm. Salg,201,4184,6,1872,
530,Ejerlejlighed,"Grønningen 23, 1. mf",7200, Grindsted,205000 ,12-09-2001,Alm. Salg,40,5125,1,1968,
530,Villa,Danmarksvej 3,7200, Grindsted,870000 ,12-09-2001,Alm. Salg,134,6493,5,1972,
530,Rækkehus,Grønningen 12A,7190, Billund,635000 ,11-09-2001,Alm. Salg,79,8038,3,1987,
530,Villa,Sønderkær 408,7190, Billund,1035000 ,11-09-2001,Alm. Salg,136,7610,5,1981,
530,Villa,Vestervang 11,7190, Billund,1220000 ,11-09-2001,Alm. Salg,156,7821,6,1986,
530,Villa,Rugvænget 17,7200, Grindsted,820000 ,11-09-2001,Alm. Salg,106,7736,4,1962,
530,Villa,Utoftvej 13,7200, Grindsted,1360000 ,11-09-2001,Alm. Salg,194,7010,5,1995,
530,Villa,Vandmosevej 10,7250, Hejnsvig,680000 ,10-09-2001,Alm. Salg,102,6667,3,1962,
530,Villa,Skjoldbjergvej 38,6623, Vorbasse,750000 ,09-09-2001,Alm. Salg,157,4777,6,1940,
530,Villa,Vestergade 124A,7200, Grindsted,600000 ,09-09-2001,Alm. Salg,89,6742,2,1942,
530,Villa,Amtsvejen 35,7200, Grindsted,350000 ,07-09-2001,Alm. Salg,112,3125,5,1963,
530,Villa,Grindstedvej 35,7260, Sønder Omme,508333 ,06-09-2001,Alm. Salg,75,6778,2,1936,
530,Villa,Ribersvej 66,7200, Grindsted,710000 ,05-09-2001,Alm. Salg,123,5772,4,1978,
530,Villa,Tårngade 11,6623, Vorbasse,500000 ,05-09-2001,Alm. Salg,108,4630,3,1943,
530,Rækkehus,Vestre Boulevard 4,7200, Grindsted,660000 ,04-09-2001,Alm. Salg,81,8148,3,1938,
530,Villa,Primulavej 3,7200, Grindsted,640000 ,03-09-2001,Alm. Salg,111,5766,3,1962,
530,Villa,Rungborgvej 7,7250, Hejnsvig,250000 ,02-09-2001,Alm. Salg,134,1866,6,1916,
530,Villa,Kærvej 401,7190, Billund,825000 ,02-09-2001,Alm. Salg,145,5690,5,1972,
530,Rækkehus,Sønderkær 337,7190, Billund,700628 ,30-08-2001,Alm. Salg,80,8758,4,1985,
530,Villa,Ribersvej 68,7200, Grindsted,720000 ,30-08-2001,Alm. Salg,143,5035,6,1979,
530,Rækkehus,Grindstedvej 8,7260, Sønder Omme,332716 ,29-08-2001,Alm. Salg,83,4009,4,1932,
530,Ejerlejlighed,"Grønningen 3, 1. th",7200, Grindsted,375000 ,29-08-2001,Alm. Salg,53,7075,2,1967,
530,Villa,Dalsvinget 44,7200, Grindsted,1070000 ,29-08-2001,Alm. Salg,149,7181,5,1976,
530,Rækkehus,Søndre Boulevard 385,7200, Grindsted,745000 ,28-08-2001,Alm. Salg,81,9198,3,1987,
530,Villa,Sydtoften 109,7200, Grindsted,1150000 ,26-08-2001,Fam. Salg,111,9504,4,1983,
530,Villa,Glentevej 22,7200, Grindsted,881623 ,25-08-2001,Alm. Salg,181,4871,5,1959,
530,Villa,Lupinvænget 20,7200, Grindsted,585000 ,23-08-2001,Alm. Salg,148,3953,6,1963,
530,Villa,Skrænten 12,7250, Hejnsvig,473860 ,22-08-2001,Fam. Salg,233,2034,8,1982,
530,Villa,Fitting Stationsvej 1,6623, Vorbasse,551000 ,19-08-2001,Alm. Salg,236,2335,8,1912,
530,Villa,Nebelvej 8,6623, Vorbasse,450000 ,17-08-2001,Alm. Salg,174,2586,5,1939,
530,Villa,Lupinvænget 24,7200, Grindsted,400000 ,16-08-2001,Alm. Salg,94,4255,3,1963,
530,Villa,Nørregade 22,7200, Grindsted,1725000 ,16-08-2001,Alm. Salg,117,11129,7,1918,
530,Villa,Sønderkær 156,7190, Billund,1095000 ,16-08-2001,Alm. Salg,147,7449,5,1977,
530,Villa,Ravnsøvej 2,7200, Grindsted,900000 ,16-08-2001,Alm. Salg,235,3830,7,1974,
530,Villa,Skjoldbjergvej 35C,6623, Vorbasse,122513 ,14-08-2001,Alm. Salg,177,692,6,2001,
530,Villa,Løvlundvej 23,7190, Billund,750000 ,14-08-2001,Fam. Salg,327,2294,9,1935,
530,Villa,Ribersvej 90,7200, Grindsted,930000 ,13-08-2001,Alm. Salg,121,7686,4,1979,
530,Villa,Lillevang 21,7190, Billund,1320000 ,13-08-2001,Alm. Salg,146,9041,6,2001,
530,Villa,Lyngvang 46,7260, Sønder Omme,808703 ,13-08-2001,Alm. Salg,129,6269,4,1973,
530,Villa,Møllebakken 3,7250, Hejnsvig,795000 ,13-08-2001,Alm. Salg,173,4595,5,1900,
530,Villa,Krogagervej 6,7200, Grindsted,875000 ,10-08-2001,Alm. Salg,156,5609,5,1959,
530,Villa,Solvej 7,7200, Grindsted,734659 ,09-08-2001,Alm. Salg,132,5566,5,1928,
530,Villa,Gammel Bøvlvej 44,7260, Sønder Omme,565000 ,09-08-2001,Alm. Salg,113,5000,3,1955,
530,Villa,Herningvej 16,7260, Sønder Omme,575000 ,09-08-2001,Fam. Salg,127,4528,4,1949,
530,Villa,Lillevang 8,7190, Billund,324676 ,08-08-2001,Alm. Salg,191,1700,8,2001,
530,Villa,Søndre Boulevard 267,7200, Grindsted,1260000 ,07-08-2001,Alm. Salg,154,8182,6,1988,
530,Villa,Engvangen 22,7200, Grindsted,890000 ,06-08-2001,Alm. Salg,140,6357,5,1976,
530,Villa,Nørregade 58,7200, Grindsted,1175000 ,06-08-2001,Alm. Salg,193,6088,6,1959,
530,Villa,Daugårdvej 35,7250, Hejnsvig,300000 ,05-08-2001,Alm. Salg,58,5172,2,1935,
530,Villa,Lillevang 27,7190, Billund,246258 ,02-08-2001,Alm. Salg,115,2141,5,2001,
530,Villa,Dalsøvej 189,7200, Grindsted,1365000 ,02-08-2001,Alm. Salg,173,7890,5,1995,
530,Villa,Søndervold 183,7200, Grindsted,270000 ,02-08-2001,Alm. Salg,169,1598,7,2004,
530,Villa,Vestergade 19,7200, Grindsted,790000 ,02-08-2001,Alm. Salg,134,5896,4,1932,
530,Rækkehus,Sydtoften 23,7200, Grindsted,350000 ,01-08-2001,Alm. Salg,82,4268,3,1983,
530,Villa,Krogen 11,7200, Grindsted,458103 ,01-08-2001,Alm. Salg,147,3116,5,1958,
530,Villa,Mølleparken 424,7190, Billund,1025000 ,01-08-2001,Alm. Salg,140,7321,6,1984,
530,Villa,Fyrrevænget 312,7190, Billund,1120000 ,01-08-2001,Alm. Salg,173,6474,6,1971,
530,Villa,Tingstedet 117,7190, Billund,1565000 ,01-08-2001,Alm. Salg,180,8694,7,1997,
530,Rækkehus,Sydtoften 141,7200, Grindsted,700000 ,30-07-2001,Alm. Salg,86,8140,3,1984,
530,Villa,Mølleparken 201,7190, Billund,845000 ,30-07-2001,Alm. Salg,124,6815,4,1976,
530,Villa,Birkemosevej 2,7200, Grindsted,1195000 ,27-07-2001,Alm. Salg,153,7810,5,1979,
530,Rækkehus,Søndervold 6,7200, Grindsted,835000 ,26-07-2001,Alm. Salg,137,6095,4,1992,
530,Villa,Finlandsvej 2,7200, Grindsted,904514 ,25-07-2001,Alm. Salg,163,5549,6,1969,
530,Villa,Skovgårdsvej 4,7200, Grindsted,2362000 ,25-07-2001,Alm. Salg,213,11089,6,1960,
530,Villa,Gammel Bøvlvej 12,7260, Sønder Omme,545000 ,24-07-2001,Alm. Salg,87,6264,3,1921,
530,Villa,Bøvlvej 170,7260, Sønder Omme,270000 ,20-07-2001,Andet,103,2621,3,1950,
530,Villa,Tingstedet 24,7190, Billund,1275000 ,19-07-2001,Alm. Salg,156,8173,7,1995,
530,Villa,Elmevangen 1,7200, Grindsted,520000 ,19-07-2001,Alm. Salg,88,5909,4,1961,
530,Villa,Fasanvej 3,7190, Billund,745000 ,19-07-2001,Alm. Salg,99,7525,3,1960,
530,Villa,Kærvej 119,7190, Billund,1125000 ,19-07-2001,Alm. Salg,147,7653,4,1972,
530,Villa,Møllestien 12,7200, Grindsted,445000 ,17-07-2001,Alm. Salg,128,3477,5,1882,
530,Villa,Solvej 5,7190, Billund,685000 ,17-07-2001,Alm. Salg,98,6990,4,1937,
530,Villa,Nymarksvej 5,7200, Grindsted,1155900 ,17-07-2001,Alm. Salg,209,5230,7,1965,
530,Villa,Bøgevej 5,6623, Vorbasse,1060000 ,15-07-2001,Alm. Salg,183,5792,7,1973,
530,Villa,Toften 31,7190, Billund,860000 ,15-07-2001,Alm. Salg,141,6099,5,1968,
530,Villa,Engsøparken 71,7200, Grindsted,256500 ,15-07-2001,Alm. Salg,151,1699,5,2001,
530,Villa,Mandøvej 16,7200, Grindsted,755438 ,13-07-2001,Alm. Salg,132,5723,4,1969,
530,Rækkehus,Lysningen 30,7190, Billund,755000 ,11-07-2001,Alm. Salg,95,7947,4,1986,
530,Villa,Markskellet 57,7190, Billund,1097500 ,11-07-2001,Alm. Salg,126,8710,5,1988,
530,Villa,Drivvejen 18,6623, Vorbasse,811666 ,11-07-2001,Alm. Salg,155,5237,4,1978,
530,Villa,Bybækvej 5,7200, Grindsted,764573 ,10-07-2001,Alm. Salg,191,4003,8,1976,
530,Villa,Nørrevej 13,7200, Grindsted,455919 ,09-07-2001,Alm. Salg,94,4850,3,1963,
530,Villa,Lærkevang 4,7200, Grindsted,546606 ,09-07-2001,Alm. Salg,95,5754,5,1950,
530,Villa,Ølgodvej 49,7200, Grindsted,630000 ,09-07-2001,Alm. Salg,164,3841,5,1910,
530,Villa,Lillevang 17,7190, Billund,294435 ,08-07-2001,Alm. Salg,155,1900,6,2001,
530,Rækkehus,Søndervold 74,7200, Grindsted,521521 ,05-07-2001,Alm. Salg,61,8550,2,1992,
530,Villa,Kærvej 18,7200, Grindsted,395000 ,05-07-2001,Alm. Salg,52,7596,2,1946,
530,Villa,Mølleparken 224,7190, Billund,840000 ,05-07-2001,Alm. Salg,132,6364,4,1976,
530,Villa,Flintemarken 89,7190, Billund,1300000 ,04-07-2001,Alm. Salg,140,9286,5,1987,
530,Villa,Grindstedvej 18,7190, Billund,833000 ,03-07-2001,Fam. Salg,230,3386,7,1927,
530,Villa,Kobjergvej 13,7190, Billund,1400000 ,01-07-2001,Alm. Salg,324,4321,5,2005,
530,Villa,Tyttebærvej 12,7200, Grindsted,675000 ,01-07-2001,Alm. Salg,107,6308,4,1965,
530,Villa,Poppelvej 3,7200, Grindsted,837500 ,01-07-2001,Alm. Salg,111,7545,4,1963,
530,Villa,Brombærvej 13,7200, Grindsted,1125000 ,01-07-2001,Alm. Salg,205,5488,6,1968,
530,Villa,Tingvejen 431,7200, Grindsted,300000 ,30-06-2001,Fam. Salg,108,2778,4,1965,
530,Villa,Odinsvej 24,7200, Grindsted,1062500 ,28-06-2001,Alm. Salg,229,4640,11,1972,
530,Villa,Østervænget 22,6623, Vorbasse,1070000 ,27-06-2001,Alm. Salg,142,7535,6,1990,
530,Villa,Grønvang 16,7260, Sønder Omme,770000 ,27-06-2001,Alm. Salg,158,4873,7,1954,
530,Villa,Plougslundvej 145,7190, Billund,960000 ,27-06-2001,Alm. Salg,148,6486,5,1973,
530,Villa,Glentevej 26,7200, Grindsted,720000 ,26-06-2001,Alm. Salg,107,6729,4,1968,
530,Villa,Hasselvej 15,7260, Sønder Omme,635000 ,26-06-2001,Alm. Salg,198,3207,8,1969,
530,Villa,Østergade 35,6623, Vorbasse,590000 ,24-06-2001,Alm. Salg,127,4646,4,1942,
530,Villa,Blåhøjvej 5,7200, Grindsted,455000 ,24-06-2001,Alm. Salg,115,3957,5,1926,
530,Villa,Rømøvej 6,7200, Grindsted,624384 ,20-06-2001,Alm. Salg,116,5383,4,1969,
530,Villa,Ribersvej 108,7200, Grindsted,1095000 ,19-06-2001,Alm. Salg,180,6083,6,1979,
530,Villa,Engsøparken 61,7200, Grindsted,516667 ,19-06-2001,Fam. Salg,161,3209,5,2000,
530,Villa,Lupinvænget 19,7200, Grindsted,775000 ,18-06-2001,Alm. Salg,98,7908,3,1963,
530,Ejerlejlighed,"Banegårdsvej 17, st",7200, Grindsted,595000 ,17-06-2001,Alm. Salg,68,8750,2,1987,
530,Villa,Østervej 14,7200, Grindsted,365500 ,17-06-2001,Fam. Salg,103,3549,3,1920,
530,Villa,Dalsøvej 111,7200, Grindsted,1050000 ,16-06-2001,Alm. Salg,135,7778,6,1980,
530,Villa,Færøvej 8,7200, Grindsted,925000 ,16-06-2001,Alm. Salg,169,5473,5,1971,
530,Villa,Lyngvej 4,7200, Grindsted,525000 ,13-06-2001,Alm. Salg,104,5048,4,1967,
530,Villa,Tyttebærvej 16,7200, Grindsted,700000 ,12-06-2001,Alm. Salg,127,5512,4,1965,
530,Villa,Egevænget 410,7190, Billund,1075000 ,11-06-2001,Fam. Salg,165,6515,6,1972,
530,Villa,Søndergade 22,6623, Vorbasse,615557 ,11-06-2001,Alm. Salg,86,7158,4,1906,
530,Villa,Stadion Alle 20B,7260, Sønder Omme,335775 ,10-06-2001,Alm. Salg,100,3358,3,1921,
530,Villa,Ansager Landevej 34,7200, Grindsted,175000 ,09-06-2001,Alm. Salg,90,1944,3,1960,
530,Villa,Elmelunden 105,7190, Billund,840000 ,09-06-2001,Alm. Salg,115,7304,4,1984,
530,Villa,Åbrinken 5,7200, Grindsted,480000 ,09-06-2001,Alm. Salg,125,3840,4,1968,
530,Villa,Jyllandsgade 14,7200, Grindsted,1150000 ,01-06-2001,Alm. Salg,147,7823,5,1950,
530,Villa,Mølleparken 336,7190, Billund,815000 ,31-05-2001,Alm. Salg,118,6907,4,1980,
530,Villa,Engsøparken 65,7200, Grindsted,280000 ,31-05-2001,Alm. Salg,189,1481,5,2001,
530,Villa,Grønvang 17,7260, Sønder Omme,705000 ,30-05-2001,Alm. Salg,128,5508,4,1972,
530,Villa,Klinkvej 47,6623, Vorbasse,632500 ,29-05-2001,Alm. Salg,174,3635,6,1930,
530,Villa,Vestervang 28,7190, Billund,1950000 ,28-05-2001,Alm. Salg,185,10541,5,1987,
530,Villa,Jyllandsgade 31,7200, Grindsted,578000 ,28-05-2001,Alm. Salg,84,6881,3,1959,
530,Villa,Vestervang 13,7190, Billund,1150000 ,27-05-2001,Alm. Salg,145,7931,6,1987,
530,Villa,Urupvej 19,7200, Grindsted,1130000 ,27-05-2001,Alm. Salg,115,9826,5,1914,
530,Villa,Østergade 32,6623, Vorbasse,640000 ,27-05-2001,Alm. Salg,136,4706,4,1969,
530,Villa,Østergaardsvej 11,7200, Grindsted,725000 ,26-05-2001,Alm. Salg,175,4143,5,1923,
530,Rækkehus,Markskellet 15,7190, Billund,675000 ,25-05-2001,Alm. Salg,81,8333,3,1988,
530,Rækkehus,Grønningen 30,7190, Billund,630000 ,22-05-2001,Alm. Salg,71,8873,2,1988,
530,Villa,Tranebærvej 2,7200, Grindsted,870000 ,22-05-2001,Alm. Salg,142,6127,4,1965,
530,Villa,Danmarksvej 9,7200, Grindsted,885000 ,21-05-2001,Alm. Salg,163,5429,6,1971,
530,Villa,Mølleparken 262,7190, Billund,1027000 ,21-05-2001,Alm. Salg,164,6262,5,1976,
530,Villa,Tjørnevej 4,7200, Grindsted,835000 ,19-05-2001,Alm. Salg,146,5719,5,1965,
530,Ejerlejlighed,"Grønningen 9, 2. th",7200, Grindsted,565674 ,17-05-2001,Alm. Salg,88,6428,3,1967,
530,Villa,Vestergade 79,7200, Grindsted,665702 ,17-05-2001,Alm. Salg,86,7741,4,1961,
530,Villa,Skrænten 22,7250, Hejnsvig,477500 ,17-05-2001,Alm. Salg,95,5026,4,1937,
530,Villa,Torvegade 1,7250, Hejnsvig,325000 ,17-05-2001,Alm. Salg,143,2273,5,1921,
530,Villa,Grindsted Landevej 98,7200, Grindsted,1900000 ,14-05-2001,Alm. Salg,143,13287,6,1878,
530,Rækkehus,Søndre Boulevard 363,7200, Grindsted,690000 ,13-05-2001,Alm. Salg,80,8625,3,1986,
530,Rækkehus,Søndre Boulevard 373,7200, Grindsted,740000 ,13-05-2001,Alm. Salg,88,8409,3,1986,
530,Rækkehus,Banegårdsvej 11,7200, Grindsted,760000 ,13-05-2001,Alm. Salg,113,6726,4,1985,
530,Villa,Fromssejervej 16,6623, Vorbasse,595000 ,13-05-2001,Alm. Salg,109,5459,4,1965,
530,Villa,Købmandsvej 6,6623, Vorbasse,156963 ,13-05-2001,Alm. Salg,99,1585,5,2001,
530,Villa,Søndergade 4,7250, Hejnsvig,755000 ,12-05-2001,Alm. Salg,222,3401,10,1925,
530,Villa,Åhavevej 56,7200, Grindsted,2350000 ,12-05-2001,Alm. Salg,269,8736,6,1972,
530,Villa,Mølleparken 208,7190, Billund,1265000 ,11-05-2001,Alm. Salg,169,7485,5,1974,
530,Villa,Skjoldbjergvej 42,6623, Vorbasse,400000 ,09-05-2001,Fam. Salg,112,3571,2,1956,
530,Villa,Kirkehusvej 8,7200, Grindsted,795000 ,08-05-2001,Alm. Salg,211,3768,7,1950,
530,Villa,Grindstedvej 54,7260, Sønder Omme,435000 ,07-05-2001,Alm. Salg,189,2302,5,1937,
530,Villa,Lupinvænget 17,7200, Grindsted,749324 ,05-05-2001,Alm. Salg,98,7646,4,1963,
530,Villa,Enevej 15,7200, Grindsted,1410000 ,05-05-2001,Alm. Salg,195,7231,6,1977,
530,Villa,Flintemarken 25,7190, Billund,950000 ,04-05-2001,Alm. Salg,121,7851,4,1988,
530,Villa,Tingstedet 38,7190, Billund,1315000 ,03-05-2001,Alm. Salg,141,9326,6,1996,
530,Villa,Søndervold 185,7200, Grindsted,250000 ,03-05-2001,Alm. Salg,163,1534,6,2001,
530,Villa,Sønderkær 223,7190, Billund,925500 ,03-05-2001,Alm. Salg,118,7843,4,1977,
530,Villa,Solsortvej 5,7200, Grindsted,575000 ,02-05-2001,Alm. Salg,139,4137,5,1959,
530,Villa,Solvangen 13,7200, Grindsted,716339 ,02-05-2001,Alm. Salg,124,5777,4,1965,
530,Villa,Langgade 57,7250, Hejnsvig,440000 ,02-05-2001,Alm. Salg,108,4074,4,1979,
530,Villa,Gilbjergvej 47B,7250, Hejnsvig,775000 ,02-05-2001,Fam. Salg,161,4480,7,1945,
530,Villa,Sønderhedevej 24,6623, Vorbasse,2000000 ,01-05-2001,Alm. Salg,164,12195,9,1960,
530,Villa,Kobjergvej 5A,7190, Billund,1185000 ,30-04-2001,Alm. Salg,169,7012,4,1910,
530,Villa,Nørreled 23,7200, Grindsted,735000 ,30-04-2001,Alm. Salg,188,3910,5,1939,
530,Villa,Fyrrevænget 414,7190, Billund,1285000 ,29-04-2001,Alm. Salg,153,8399,5,1971,
530,Villa,Dalgasvej 5,6623, Vorbasse,1150000 ,28-04-2001,Alm. Salg,189,6085,6,1923,
530,Villa,Grindsted Landevej 69,7200, Grindsted,680236 ,28-04-2001,Andet,125,5442,6,1922,
530,Villa,Grindstedvej 41,7260, Sønder Omme,660000 ,27-04-2001,Alm. Salg,133,4962,4,1958,
530,Villa,Ansager Landevej 12,7200, Grindsted,757500 ,25-04-2001,Alm. Salg,223,3397,8,1960,
530,Villa,Østerbrogade 7,7200, Grindsted,847000 ,25-04-2001,Alm. Salg,125,6776,4,1961,
530,Villa,Herningvej 3,7260, Sønder Omme,369228 ,24-04-2001,Alm. Salg,78,4734,3,1960,
530,Villa,Sønderkær 266,7190, Billund,477477 ,23-04-2001,Fam. Salg,156,3061,5,1978,
530,Ejerlejlighed,"Banegårdsvej 23, 1",7200, Grindsted,510000 ,22-04-2001,Alm. Salg,62,8226,2,1987,
530,Villa,Elmelunden 108,7190, Billund,920000 ,22-04-2001,Alm. Salg,121,7603,4,1964,
530,Villa,Søgårdvej 66,7250, Hejnsvig,820000 ,22-04-2001,Alm. Salg,163,5031,6,1981,
530,Villa,Tingstedet 30,7190, Billund,1175000 ,21-04-2001,Alm. Salg,137,8577,6,1997,
530,Villa,Hovedgaden 50,7260, Sønder Omme,575000 ,14-04-2001,Alm. Salg,115,5000,4,1946,
530,Villa,Vestre Boulevard 23,7200, Grindsted,225000 ,10-04-2001,Alm. Salg,148,1520,4,2001,
530,Villa,Fyrrevænget 401,7190, Billund,670000 ,10-04-2001,Alm. Salg,109,6147,3,1971,
530,Villa,Rugvænget 23,7200, Grindsted,610000 ,10-04-2001,Alm. Salg,104,5865,4,1962,
530,Villa,Omme Landevej 9,7200, Grindsted,600000 ,09-04-2001,Alm. Salg,222,2703,6,1947,
530,Villa,Hovborgvej 20,6623, Vorbasse,1150000 ,09-04-2001,Alm. Salg,83,13855,3,1877,
530,Villa,Kirkebyvej 140,7260, Sønder Omme,1150000 ,08-04-2001,Alm. Salg,148,7770,6,1927,
530,Villa,Toften 15,7190, Billund,919618 ,08-04-2001,Alm. Salg,141,6522,4,2016,
530,Villa,Nørregade 65,7200, Grindsted,496583 ,08-04-2001,Alm. Salg,127,3910,6,1930,
530,Villa,Møbjergvej 77,7260, Sønder Omme,1850000 ,08-04-2001,Alm. Salg,173,10694,5,1900,
530,Villa,Havrevænget 8,7200, Grindsted,775000 ,06-04-2001,Alm. Salg,161,4814,6,1962,
530,Villa,Tværvej 6,7260, Sønder Omme,1000000 ,05-04-2001,Alm. Salg,141,7092,4,1936,
530,Villa,Amtsvejen 8,7200, Grindsted,617481 ,05-04-2001,Alm. Salg,261,2366,4,1910,
530,Villa,Enevej 11,7200, Grindsted,1060000 ,04-04-2001,Alm. Salg,160,6625,6,1976,
530,Villa,Sønderkær 417,7190, Billund,1195000 ,04-04-2001,Alm. Salg,147,8129,5,1986,
530,Villa,Møbjergvej 61,7260, Sønder Omme,770000 ,04-04-2001,Alm. Salg,140,5500,4,2023,
530,Villa,Hasselvej 7,7260, Sønder Omme,825000 ,02-04-2001,Alm. Salg,172,4797,5,1971,
530,Villa,Tranevej 5,7200, Grindsted,1583000 ,01-04-2001,Alm. Salg,184,8603,7,1980,
530,Villa,Ribersvej 194,7200, Grindsted,1000000 ,01-04-2001,Alm. Salg,142,7042,4,1980,
530,Villa,Krogagervej 30,7200, Grindsted,345000 ,31-03-2001,Fam. Salg,118,2924,3,1956,
530,Villa,Tingstedet 12,7190, Billund,1414533 ,30-03-2001,Alm. Salg,202,7003,9,1996,
530,Villa,Vilhelmsmindevej 43,7260, Sønder Omme,80000 ,29-03-2001,Alm. Salg,175,457,5,1924,
530,Villa,Langgade 16,7250, Hejnsvig,650000 ,29-03-2001,Alm. Salg,170,3824,9,1956,
530,Villa,Toften 37,7190, Billund,505000 ,28-03-2001,Alm. Salg,109,4633,4,1967,
530,Rækkehus,Sønderkær 487,7190, Billund,650000 ,27-03-2001,Alm. Salg,77,8442,3,1983,
530,Villa,Elmelunden 205,7190, Billund,457763 ,27-03-2001,Fam. Salg,130,3521,5,1964,
530,Ejerlejlighed,Nørregade 4C,6623, Vorbasse,418445 ,26-03-2001,Alm. Salg,95,4405,3,1902,
530,Villa,J P Jensens Vej 27,7200, Grindsted,790000 ,25-03-2001,Alm. Salg,95,8316,4,1949,
530,Villa,Skovbrynet 4,7260, Sønder Omme,1275000 ,25-03-2001,Alm. Salg,222,5743,8,1973,
530,Villa,Jyllandsgade 47,7200, Grindsted,795000 ,25-03-2001,Alm. Salg,136,5846,5,1951,
530,Villa,Vesterhedevej 40,7250, Hejnsvig,725000 ,25-03-2001,Alm. Salg,250,2900,9,1927,
530,Villa,Dalsvinget 40,7200, Grindsted,875000 ,22-03-2001,Fam. Salg,132,6629,5,1977,
530,Villa,Løkkegårdsvej 10,7190, Billund,340000 ,21-03-2001,Fam. Salg,229,1485,7,2007,
530,Villa,Utoftvej 6,7190, Billund,170000 ,21-03-2001,Alm. Salg,176,966,4,2001,
530,Villa,Stakrogevej 76,7260, Sønder Omme,145000 ,18-03-2001,Alm. Salg,99,1465,4,1902,
530,Villa,Slåenvej 4A,7200, Grindsted,330000 ,18-03-2001,Alm. Salg,165,2000,5,1922,
530,Villa,Enghaven 29,7260, Sønder Omme,570000 ,17-03-2001,Alm. Salg,114,5000,3,1944,
530,Villa,Havrevænget 7,7200, Grindsted,600000 ,16-03-2001,Alm. Salg,82,7317,4,1963,
530,Villa,Havrevænget 10,7200, Grindsted,1050000 ,16-03-2001,Alm. Salg,171,6140,5,1962,
530,Villa,Dalagervej 4,6623, Vorbasse,550000 ,15-03-2001,Fam. Salg,134,4104,4,1998,
530,Villa,Vesterhedevej 40,7250, Hejnsvig,1560000 ,13-03-2001,Alm. Salg,250,6240,9,1927,
530,Villa,Nørrevej 1,7200, Grindsted,325000 ,13-03-2001,Alm. Salg,231,1407,7,1916,
530,Villa,Markskellet 64,7190, Billund,1020000 ,12-03-2001,Alm. Salg,122,8361,5,1988,
530,Villa,Vestre Boulevard 20,7200, Grindsted,700000 ,09-03-2001,Alm. Salg,140,5000,6,1960,
530,Villa,Grindstedvej 32,7260, Sønder Omme,870000 ,09-03-2001,Alm. Salg,110,7909,2,1955,
530,Rækkehus,Sydtoften 139,7200, Grindsted,670000 ,08-03-2001,Alm. Salg,82,8171,3,1984,
530,Villa,Mølleparken 312,7190, Billund,827500 ,08-03-2001,Alm. Salg,115,7196,4,1983,
530,Villa,Askjærvej 26,7250, Hejnsvig,850000 ,07-03-2001,Alm. Salg,130,6538,6,1909,
530,Villa,Egeparken 20,7260, Sønder Omme,153000 ,05-03-2001,Alm. Salg,176,869,6,2001,
530,Villa,Bekkasinvej 6,7200, Grindsted,820000 ,05-03-2001,Alm. Salg,190,4316,5,1959,
530,Villa,Krogagervej 14,7200, Grindsted,87500 ,05-03-2001,Alm. Salg,143,612,4,1955,
530,Villa,Vildkjærvej 4,7200, Grindsted,250000 ,03-03-2001,Alm. Salg,122,2049,3,1916,
530,Villa,A G Jensens Vej 5,7250, Hejnsvig,657500 ,02-03-2001,Alm. Salg,127,5177,4,1960,
530,Villa,Egevej 6,7260, Sønder Omme,720619 ,28-02-2001,Alm. Salg,108,6672,4,1969,
530,Villa,Jyllandsgade 8,7200, Grindsted,1175000 ,27-02-2001,Alm. Salg,165,7121,5,1962,
530,Rækkehus,Søndre Boulevard 339,7200, Grindsted,800000 ,26-02-2001,Alm. Salg,103,7767,4,1988,
530,Villa,Nørrevej 23,7200, Grindsted,949434 ,25-02-2001,Alm. Salg,155,6125,6,1986,
530,Villa,Holdgårdsvej 11,7260, Sønder Omme,475000 ,21-02-2001,Alm. Salg,93,5108,2,1935,
530,Ejerlejlighed,"Hovedgaden 2, 1",7260, Sønder Omme,1400000 ,19-02-2001,Alm. Salg,109,12844,3,1913,
530,Villa,Nyvej 20,7250, Hejnsvig,450000 ,18-02-2001,Alm. Salg,98,4592,3,1962,
530,Villa,Mølleparken 226,7190, Billund,1370000 ,17-02-2001,Alm. Salg,191,7173,6,1978,
530,Ejerlejlighed,Nørregade 4D,6623, Vorbasse,450000 ,15-02-2001,Alm. Salg,87,5172,3,1902,
530,Villa,Æblevej 10,7250, Hejnsvig,505000 ,15-02-2001,Alm. Salg,111,4550,4,1960,
530,Villa,Plougslundvej 221,7190, Billund,750000 ,15-02-2001,Alm. Salg,135,5556,5,1974,
530,Villa,Fitting Stationsvej 4,6623, Vorbasse,300000 ,13-02-2001,Alm. Salg,109,2752,5,1935,
530,Villa,Rømøvej 6,7200, Grindsted,589000 ,13-02-2001,Auktion,116,5078,4,1969,
530,Villa,Mølleparken 147,7190, Billund,880000 ,09-02-2001,Alm. Salg,124,7097,4,1976,
530,Ejerlejlighed,Nørregade 4A,6623, Vorbasse,475000 ,08-02-2001,Alm. Salg,179,2654,6,1902,
530,Villa,Egevænget 414,7190, Billund,715000 ,08-02-2001,Alm. Salg,116,6164,4,1972,
530,Villa,Jyllandsgade 28,7200, Grindsted,1300000 ,08-02-2001,Alm. Salg,215,6047,8,1923,
530,Villa,Dalsøvej 79,7200, Grindsted,782121 ,07-02-2001,Alm. Salg,139,5627,5,1977,
530,Villa,Stationsvej 6,7200, Grindsted,430000 ,04-02-2001,Fam. Salg,158,2722,4,1954,
530,Villa,Blåbærvej 5,7200, Grindsted,775000 ,04-02-2001,Alm. Salg,109,7110,4,1966,
530,Villa,Elkærskovvej 7,7190, Billund,900000 ,02-02-2001,Alm. Salg,181,4972,5,1910,
530,Villa,Ribersvej 42,7200, Grindsted,960441 ,02-02-2001,Alm. Salg,134,7167,4,1979,
530,Villa,Bredgade 95,7250, Hejnsvig,370600 ,31-01-2001,Alm. Salg,91,4073,3,1912,
530,Villa,Langgade 34,7250, Hejnsvig,920000 ,31-01-2001,Alm. Salg,183,5027,6,1929,
530,Villa,Dalsvinget 41,7200, Grindsted,685000 ,31-01-2001,Alm. Salg,101,6782,4,1977,
530,Villa,Kirkevej 42,7250, Hejnsvig,812153 ,29-01-2001,Alm. Salg,144,5640,5,1946,
530,Villa,Nørreled 24,7200, Grindsted,590000 ,29-01-2001,Alm. Salg,83,7108,3,1949,
530,Villa,Nørreled 22,7200, Grindsted,114600 ,29-01-2001,Alm. Salg,144,796,5,2018,
530,Villa,Vinkelvej 12,7250, Hejnsvig,720000 ,28-01-2001,Alm. Salg,87,8276,4,1955,
530,Villa,Plougslundvej 227,7190, Billund,820000 ,28-01-2001,Alm. Salg,124,6613,4,1975,
530,Villa,Birkevej 10,7260, Sønder Omme,780000 ,27-01-2001,Alm. Salg,156,5000,4,1973,
530,Villa,Klodhøjvej 14,7250, Hejnsvig,550000 ,26-01-2001,Alm. Salg,122,4508,4,1969,
530,Villa,Vejle Landevej 55,7200, Grindsted,760000 ,24-01-2001,Alm. Salg,151,5033,5,1952,
530,Ejerlejlighed,"Nygade 19B, 1",7200, Grindsted,510484 ,21-01-2001,Fam. Salg,79,6462,3,1988,
530,Ejerlejlighed,"Nygade 19G, st",7200, Grindsted,572976 ,21-01-2001,Alm. Salg,62,9242,2,1985,
530,Villa,Samsøvej 12,7200, Grindsted,795000 ,19-01-2001,Alm. Salg,108,7361,4,1969,
530,Villa,A G Jensens Vej 6,7250, Hejnsvig,212500 ,17-01-2001,Fam. Salg,119,1786,4,1966,
530,Villa,Møbjergvej 89,7260, Sønder Omme,1250000 ,16-01-2001,Alm. Salg,144,8681,7,1870,
530,Villa,Søndre Boulevard 265,7200, Grindsted,650000 ,13-01-2001,Fam. Salg,179,3631,9,1990,
530,Villa,Mølleparken 150,7190, Billund,915000 ,10-01-2001,Alm. Salg,124,7379,4,1975,
530,Rækkehus,Herningvej 8,7260, Sønder Omme,250000 ,09-01-2001,Alm. Salg,102,2451,3,1919,
530,Villa,Dalgasvej 12,6623, Vorbasse,970000 ,09-01-2001,Alm. Salg,254,3819,7,1977,
530,Villa,Amtsvejen 63,7200, Grindsted,395000 ,08-01-2001,Alm. Salg,161,2453,4,1949,
530,Villa,Plougslundvej 113,7190, Billund,915000 ,04-01-2001,Alm. Salg,133,6880,5,1972,
530,Villa,Poppelvej 6,7200, Grindsted,675000 ,04-01-2001,Alm. Salg,141,4787,6,1960,
530,Villa,Ølgodvej 49,7200, Grindsted,940262 ,03-01-2001,Alm. Salg,164,5733,5,1910,
530,Villa,Skovvang 3,7260, Sønder Omme,535000 ,02-01-2001,Alm. Salg,126,4246,4,1960,
530,Villa,Hørlycks Alle 14,7200, Grindsted,565000 ,02-01-2001,Alm. Salg,82,6890,3,1958,
530,Villa,Sønderkær 217,7190, Billund,1820000 ,02-01-2001,Alm. Salg,258,7054,6,1979,
530,Villa,Rømøvej 8,7200, Grindsted,890000 ,02-01-2001,Alm. Salg,134,6642,5,1970,
530,Villa,Gammel Hejnsvigvej 16,7190, Billund,595000 ,01-01-2001,Alm. Salg,104,5721,4,1964,
530,Villa,Skole Alle 10,7260, Sønder Omme,585550 ,28-12-2000,Alm. Salg,120,4880,4,1910,
530,Villa,Sønderkær 387,7190, Billund,870000 ,27-12-2000,Alm. Salg,114,7632,4,1987,
530,Villa,Herningvej 20,7260, Sønder Omme,578000 ,27-12-2000,Alm. Salg,125,4624,4,1974,
530,Ejerlejlighed,"Grønningen 19, 1. th",7200, Grindsted,514709 ,26-12-2000,Alm. Salg,88,5849,3,1968,
530,Villa,Nørrevej 43B,7200, Grindsted,100000 ,22-12-2000,Alm. Salg,137,730,4,2001,
530,Rækkehus,Nørregade 26C,7200, Grindsted,730000 ,21-12-2000,Alm. Salg,93,7849,4,1986,
530,Villa,Prærien 48,7200, Grindsted,487500 ,21-12-2000,Fam. Salg,190,2566,8,1990,
530,Villa,Nollundvej 84,7200, Grindsted,367500 ,20-12-2000,Fam. Salg,242,1519,6,1948,
530,Villa,Søllingdalvej 64,7250, Hejnsvig,1000000 ,20-12-2000,Alm. Salg,157,6369,5,1976,
530,Ejerlejlighed,"Grønningen 19, st. tv",7200, Grindsted,520000 ,19-12-2000,Alm. Salg,88,5909,3,1968,
530,Villa,Lupinvænget 14,7200, Grindsted,670000 ,19-12-2000,Alm. Salg,143,4685,5,1963,
530,Villa,Vesterled 7,7260, Sønder Omme,660000 ,19-12-2000,Alm. Salg,239,2762,8,1966,
530,Villa,Labrivej 14,6623, Vorbasse,193050 ,18-12-2000,Alm. Salg,207,825,8,2001,
530,Villa,Egevænget 111,7190, Billund,830127 ,14-12-2000,Alm. Salg,124,6695,4,1972,
530,Ejerlejlighed,Jernbanegade 18,7200, Grindsted,525000 ,13-12-2000,Auktion,96,5469,5,1900,
530,Villa,Vejlevej 24,7260, Sønder Omme,410000 ,13-12-2000,Alm. Salg,83,4940,2,1938,
530,Villa,Solbakken 7,7260, Sønder Omme,790431 ,13-12-2000,Alm. Salg,125,6323,4,1977,
530,Villa,Storegade 18,7200, Grindsted,853822 ,12-12-2000,Alm. Salg,147,5808,5,1932,
530,Villa,Grønlandsvej 8,7200, Grindsted,1260000 ,12-12-2000,Alm. Salg,216,5575,9,1975,
530,Villa,Labrivej 1,6623, Vorbasse,1325000 ,11-12-2000,Alm. Salg,166,7982,6,1997,
530,Villa,Langgade 49,7250, Hejnsvig,525000 ,08-12-2000,Alm. Salg,99,5303,3,1979,
530,Villa,Østergade 14,6623, Vorbasse,578341 ,07-12-2000,Alm. Salg,225,2570,6,1909,
530,Ejerlejlighed,"Banegårdsvej 17, st",7200, Grindsted,540000 ,06-12-2000,Alm. Salg,68,7941,2,1987,
530,Villa,Fyrrevænget 101,7190, Billund,720000 ,06-12-2000,Alm. Salg,131,5496,4,1970,
530,Rækkehus,Søndre Boulevard 343,7200, Grindsted,710000 ,05-12-2000,Alm. Salg,88,8068,3,1988,
530,Rækkehus,Sydtoften 137,7200, Grindsted,725000 ,05-12-2000,Alm. Salg,82,8841,3,1984,
530,Villa,Dalbo 59,7200, Grindsted,866656 ,03-12-2000,Alm. Salg,113,7670,4,1979,
530,Villa,Mølleparken 342,7190, Billund,1133000 ,03-12-2000,Alm. Salg,219,5174,9,1983,
530,Villa,Gammel Bøvlvej 37,7260, Sønder Omme,820000 ,30-11-2000,Alm. Salg,144,5694,5,1961,
530,Villa,Vestervang 2,7190, Billund,885000 ,28-11-2000,Alm. Salg,116,7629,4,1987,
530,Villa,Amtsvejen 25A,7200, Grindsted,900000 ,28-11-2000,Alm. Salg,124,7258,4,1999,
530,Villa,Søndre Boulevard 291,7200, Grindsted,1201650 ,27-11-2000,Alm. Salg,137,8771,4,1988,
530,Ejerlejlighed,"Grønningen 5, 2. tv",7200, Grindsted,453896 ,26-11-2000,Auktion,76,5972,2,1967,
530,Villa,Koldingvej 9,7190, Billund,875000 ,26-11-2000,Alm. Salg,139,6295,3,1907,
530,Villa,Fyrrevænget 403,7190, Billund,720580 ,23-11-2000,Alm. Salg,109,6611,4,1971,
530,Villa,Tingstedet 6,7190, Billund,1310000 ,22-11-2000,Alm. Salg,146,8973,6,1995,
530,Ejerlejlighed,"Nygade 19E, st",7200, Grindsted,575000 ,19-11-2000,Alm. Salg,62,9274,2,1985,
530,Rækkehus,Sydtoften 143,7200, Grindsted,721240 ,15-11-2000,Alm. Salg,86,8387,3,1984,
530,Villa,Midtgårdvej 21,7200, Grindsted,362500 ,15-11-2000,Fam. Salg,119,3046,4,1986,
530,Villa,Vestervang 6,7190, Billund,923000 ,15-11-2000,Alm. Salg,122,7566,5,1986,
530,Villa,Markskellet 108,7190, Billund,1085000 ,11-11-2000,Alm. Salg,130,8346,5,1988,
530,Villa,Lillevang 10,7190, Billund,262458 ,10-11-2000,Alm. Salg,219,1198,7,2001,
530,Villa,Tingstedet 35,7190, Billund,425989 ,10-11-2000,Fam. Salg,161,2646,6,1994,
530,Rækkehus,Grønningen 6A,7190, Billund,701743 ,08-11-2000,Alm. Salg,79,8883,3,1987,
530,Villa,Klostervej 30,7200, Grindsted,750000 ,08-11-2000,Alm. Salg,242,3099,7,1910,
530,Villa,Nollundvej 117,7200, Grindsted,8000 ,08-11-2000,Fam. Salg,102,78,4,2021,
530,Villa,Bogfinkevej 6A,7190, Billund,531972 ,06-11-2000,Fam. Salg,63,8444,3,1960,
530,Villa,Stilbjergvej 1,7190, Billund,923000 ,06-11-2000,Alm. Salg,176,5244,6,1965,
530,Villa,Plougslundvej 107,7190, Billund,1550000 ,05-11-2000,Alm. Salg,212,7311,10,1980,
530,Villa,Sønderkær 301,7190, Billund,1185000 ,02-11-2000,Alm. Salg,151,7848,5,1984,
530,Villa,Hedegårdsvej 20,7190, Billund,1750000 ,02-11-2000,Alm. Salg,161,10870,6,1998,
530,Villa,Nollundvej 85,7200, Grindsted,695000 ,31-10-2000,Alm. Salg,117,5940,4,1976,
530,Villa,Egebjerg Landevej 60,7250, Hejnsvig,550000 ,30-10-2000,Fam. Salg,214,2570,7,1993,
530,Villa,Sjællandsgade 3,7200, Grindsted,830000 ,29-10-2000,Alm. Salg,93,8925,4,1958,
530,Villa,Bekkasinvej 19,7200, Grindsted,500000 ,29-10-2000,Fam. Salg,119,4202,4,1959,
530,Rækkehus,Sønderkær 463,7190, Billund,625000 ,27-10-2000,Alm. Salg,77,8117,3,1984,
530,Villa,Amtsvejen 33,7200, Grindsted,375000 ,26-10-2000,Alm. Salg,123,3049,4,1920,
530,Villa,Nollundvej 203,7200, Grindsted,983541 ,25-10-2000,Alm. Salg,111,8861,4,1930,
530,Villa,Søndermarksvej 309,7190, Billund,1085000 ,25-10-2000,Alm. Salg,218,4977,6,1970,
530,Villa,Løvlundvej 17,7250, Hejnsvig,295000 ,24-10-2000,Alm. Salg,202,1460,10,1964,
530,Villa,Lillevang 21,7190, Billund,297051 ,22-10-2000,Alm. Salg,146,2035,6,2001,
530,Rækkehus,Sønderkær 427A,7190, Billund,635000 ,20-10-2000,Alm. Salg,77,8247,3,1986,
530,Villa,Plougstrupvej 10,7200, Grindsted,434145 ,18-10-2000,Alm. Salg,98,4430,4,1922,
530,Villa,Flintemarken 16,7190, Billund,1200000 ,17-10-2000,Alm. Salg,140,8571,5,1993,
530,Villa,Tingstedet 96,7190, Billund,1595000 ,16-10-2000,Alm. Salg,160,9969,7,1996,
530,Villa,Søndervold 240,7200, Grindsted,240000 ,16-10-2000,Alm. Salg,147,1633,5,2001,
530,Villa,Birkevænget 2,7190, Billund,875000 ,16-10-2000,Alm. Salg,159,5503,5,1971,
530,Villa,Labrivej 18,6623, Vorbasse,153237 ,16-10-2000,Alm. Salg,103,1488,4,2001,
530,Villa,Kirkehusvej 3,7200, Grindsted,68000 ,13-10-2000,Alm. Salg,165,412,4,2004,
530,Ejerlejlighed,"Grønningen 3, st. tv",7200, Grindsted,445512 ,12-10-2000,Alm. Salg,88,5063,3,1967,
530,Villa,Fyrrevænget 316,7190, Billund,1175000 ,12-10-2000,Alm. Salg,189,6217,5,1973,
530,Villa,Skovvang 4,7260, Sønder Omme,685000 ,12-10-2000,Alm. Salg,100,6850,4,1961,
530,Villa,Enghaven 22,7260, Sønder Omme,790000 ,11-10-2000,Alm. Salg,156,5064,4,1987,
530,Villa,Lillevang 10,7190, Billund,279500 ,10-10-2000,Andet,219,1276,7,2001,
530,Villa,Søndervold 156,7200, Grindsted,296500 ,09-10-2000,Alm. Salg,199,1490,7,2001,
530,Villa,Jørgen Glavinds Vej 14,7200, Grindsted,672500 ,09-10-2000,Alm. Salg,156,4311,7,1958,
530,Villa,Dalagervej 7,6623, Vorbasse,660000 ,08-10-2000,Alm. Salg,109,6055,4,1968,
530,Villa,Rungborgvej 1,7250, Hejnsvig,425000 ,08-10-2000,Fam. Salg,108,3935,5,1926,
530,Villa,Nordtoften 3,7260, Sønder Omme,500000 ,04-10-2000,Alm. Salg,102,4902,4,1961,
530,Villa,Møllebakkevej 10,7200, Grindsted,245000 ,04-10-2000,Andet,101,2426,3,1960,
530,Villa,Lupinvænget 10,7200, Grindsted,600000 ,03-10-2000,Alm. Salg,142,4225,4,1963,
530,Villa,Kirkevænget 2,6623, Vorbasse,930000 ,02-10-2000,Alm. Salg,176,5284,5,1973,
530,Villa,Søndre Boulevard 263,7200, Grindsted,1360000 ,01-10-2000,Alm. Salg,176,7727,6,1989,
530,Villa,Rungborgvej 5,7250, Hejnsvig,695000 ,30-09-2000,Alm. Salg,99,7020,5,1925,
530,Villa,Spurvevej 8,7200, Grindsted,835537 ,28-09-2000,Alm. Salg,155,5391,7,1959,
530,Villa,Gammel Bøvlvej 33,7260, Sønder Omme,425000 ,28-09-2000,Alm. Salg,108,3935,5,1959,
530,Villa,Nørregade 17,6623, Vorbasse,350000 ,27-09-2000,Alm. Salg,149,2349,5,1912,
530,Villa,Vesterled 13,7260, Sønder Omme,366411 ,27-09-2000,Alm. Salg,93,3940,4,1964,
530,Villa,Østerbo 6,7190, Billund,680000 ,26-09-2000,Alm. Salg,150,4533,6,1957,
530,Villa,Hovedgaden 34,7190, Billund,590000 ,25-09-2000,Alm. Salg,85,6941,3,1938,
530,Villa,Hovedgaden 36,7190, Billund,1040000 ,25-09-2000,Alm. Salg,113,9204,3,1962,
530,Villa,Skovvang 13,7260, Sønder Omme,1025000 ,22-09-2000,Alm. Salg,202,5074,7,1970,
530,Villa,Krogagervej 36,7200, Grindsted,710000 ,21-09-2000,Alm. Salg,134,5299,5,1960,
530,Villa,Sverrigsvej 6,7200, Grindsted,462500 ,21-09-2000,Alm. Salg,149,3104,4,1969,
530,Villa,Banegårdsvej 30,7200, Grindsted,1250000 ,21-09-2000,Alm. Salg,210,5952,6,1930,
530,Villa,Rønnebærvej 2,7200, Grindsted,1022261 ,21-09-2000,Alm. Salg,146,7002,6,1969,
530,Villa,Mossøvej 6,7200, Grindsted,625000 ,21-09-2000,Alm. Salg,177,3531,6,1973,
530,Rækkehus,Sønderkær 489,7190, Billund,770000 ,20-09-2000,Alm. Salg,110,7000,4,1983,
530,Villa,Søllingdalvej 56,7250, Hejnsvig,850000 ,20-09-2000,Andet,133,6391,6,1977,
530,Rækkehus,Meldhedevej 7,7200, Grindsted,765301 ,19-09-2000,Alm. Salg,100,7653,4,1986,
530,Villa,Mølleparken 282,7190, Billund,963000 ,17-09-2000,Alm. Salg,141,6830,5,1976,
530,Villa,Katrinebjergvej 3,7250, Hejnsvig,865000 ,17-09-2000,Alm. Salg,170,5088,6,1931,
530,Villa,Eg Mejerivej 5,7200, Grindsted,610709 ,11-09-2000,Alm. Salg,117,5220,6,1949,
530,Villa,Nebelvej 46,6623, Vorbasse,440413 ,11-09-2000,Fam. Salg,106,4155,4,1976,
530,Villa,Markskellet 52,7190, Billund,1403000 ,10-09-2000,Alm. Salg,172,8157,6,1994,
530,Villa,Tingstedet 29,7190, Billund,1365000 ,10-09-2000,Alm. Salg,152,8980,6,1995,
530,Villa,Vestergade 35,7200, Grindsted,437500 ,10-09-2000,Alm. Salg,108,4051,4,1913,
530,Villa,Engsøparken 37,7200, Grindsted,250000 ,10-09-2000,Alm. Salg,149,1678,5,2001,
530,Villa,Knækvej 6,7200, Grindsted,1030000 ,08-09-2000,Alm. Salg,211,4882,6,1877,
530,Villa,Refshøjvej 27,7200, Grindsted,890000 ,06-09-2000,Alm. Salg,291,3058,7,1925,
530,Villa,Kirkegade 6,6623, Vorbasse,925000 ,05-09-2000,Alm. Salg,147,6293,6,1956,
530,Villa,Hyldevej 7,7260, Sønder Omme,1200000 ,05-09-2000,Alm. Salg,242,4959,4,2014,
530,Villa,Skovparken 208,7190, Billund,1135243 ,03-09-2000,Alm. Salg,138,8226,4,1966,
530,Villa,Engsøparken 31,7200, Grindsted,250000 ,03-09-2000,Alm. Salg,133,1880,4,2001,
530,Villa,Stakrogevej 80,7260, Sønder Omme,1268645 ,03-09-2000,Alm. Salg,160,7929,6,1911,
530,Villa,Engsøparken 61,7200, Grindsted,342000 ,03-09-2000,Alm. Salg,161,2124,5,2000,
530,Villa,Bredsten Landevej 202,7200, Grindsted,962500 ,02-09-2000,Alm. Salg,147,6548,5,1952,
530,Villa,Vesterled 6,7260, Sønder Omme,613000 ,01-09-2000,Alm. Salg,89,6888,4,1956,
530,Rækkehus,Grønningen 10A,7190, Billund,657500 ,31-08-2000,Alm. Salg,79,8323,3,1987,
530,Villa,Engdraget 10,7200, Grindsted,840000 ,31-08-2000,Alm. Salg,116,7241,4,1987,
530,Villa,Nørregade 33,7200, Grindsted,825000 ,31-08-2000,Alm. Salg,134,6157,5,1936,
530,Villa,Bækgårdsvej 10,7200, Grindsted,2300000 ,31-08-2000,Alm. Salg,163,14110,7,1877,
530,Villa,Mølgårdvej 33,7200, Grindsted,680000 ,31-08-2000,Alm. Salg,148,4595,5,1930,
530,Villa,Katrinebjergvej 3,7250, Hejnsvig,1750000 ,31-08-2000,Alm. Salg,170,10294,6,1931,
530,Rækkehus,Grønningen 36,7190, Billund,890000 ,30-08-2000,Alm. Salg,107,8318,4,1989,
530,Rækkehus,Lysningen 44,7190, Billund,737975 ,30-08-2000,Alm. Salg,88,8386,2,2008,
530,Villa,Billundvej 8,7250, Hejnsvig,748917 ,30-08-2000,Alm. Salg,123,6089,4,1952,
530,Villa,Plougslundvej 121,7190, Billund,1170000 ,30-08-2000,Alm. Salg,151,6964,4,1974,
530,Villa,Kløvermarken 7,7190, Billund,1000000 ,29-08-2000,Alm. Salg,188,5319,5,1974,
530,Villa,Herningvej 89,7260, Sønder Omme,477133 ,29-08-2000,Alm. Salg,99,4820,5,1949,
530,Villa,Hørlycks Alle 28,7200, Grindsted,575000 ,29-08-2000,Alm. Salg,80,7188,3,1961,
530,Rækkehus,Banegårdsvej 11,7200, Grindsted,775000 ,28-08-2000,Alm. Salg,113,6858,4,1985,
530,Villa,Søgårdparken 18,7250, Hejnsvig,154000 ,28-08-2000,Alm. Salg,169,911,5,2000,
530,Villa,Langgade 47,7250, Hejnsvig,565000 ,28-08-2000,Alm. Salg,112,5045,4,1978,
530,Rækkehus,Nørager 95,7260, Sønder Omme,329000 ,27-08-2000,Auktion,64,5141,2,1981,
530,Villa,Krogagervej 8,7200, Grindsted,565000 ,25-08-2000,Alm. Salg,101,5594,4,1955,
530,Villa,Solvangen 11,7200, Grindsted,625000 ,24-08-2000,Alm. Salg,110,5682,4,1969,
530,Villa,Fyrrevænget 304,7190, Billund,845000 ,23-08-2000,Alm. Salg,161,5248,4,1970,
530,Villa,Toften 10,7190, Billund,690000 ,23-08-2000,Alm. Salg,136,5074,4,1967,
530,Villa,Gribsøvej 5,7200, Grindsted,975000 ,20-08-2000,Alm. Salg,159,6132,5,1975,
530,Villa,Fyrrevænget 413,7190, Billund,1078000 ,20-08-2000,Alm. Salg,285,3782,8,1971,
530,Villa,Sønderkær 108,7190, Billund,972500 ,20-08-2000,Alm. Salg,139,6996,5,1977,
530,Villa,Tårngade 13,6623, Vorbasse,417856 ,17-08-2000,Alm. Salg,192,2176,4,1927,
530,Villa,Markskellet 11,7190, Billund,1644804 ,17-08-2000,Alm. Salg,159,10345,6,1997,
530,Villa,Fyrrevænget 312,7190, Billund,1110000 ,16-08-2000,Alm. Salg,173,6416,6,1971,
530,Villa,Markskellet 102,7190, Billund,1070000 ,14-08-2000,Alm. Salg,154,6948,6,1988,
530,Villa,Prærien 52,7200, Grindsted,1075000 ,14-08-2000,Alm. Salg,182,5907,6,1980,
530,Villa,Fittingvej 26,6623, Vorbasse,265000 ,14-08-2000,Alm. Salg,95,2789,3,1960,
530,Villa,Vejlevej 20,7260, Sønder Omme,620000 ,12-08-2000,Fam. Salg,228,2719,7,1900,
530,Rækkehus,Dalsvinget 20A,7200, Grindsted,610000 ,09-08-2000,Alm. Salg,75,8133,3,1978,
530,Villa,Rosenvej 2,7200, Grindsted,260000 ,08-08-2000,Fam. Salg,144,1806,5,1974,
530,Villa,Staruphøjevej 8,7250, Hejnsvig,2100000 ,07-08-2000,Alm. Salg,329,6383,7,1930,
530,Villa,Hovedgaden 49,7260, Sønder Omme,740000 ,02-08-2000,Alm. Salg,162,4568,7,1955,
530,Rækkehus,Jørgen Glavinds Vej 44,7200, Grindsted,475000 ,31-07-2000,Alm. Salg,95,5000,4,1955,
530,Villa,Grindstedvej 26,7190, Billund,625046 ,31-07-2000,Alm. Salg,88,7103,4,1950,
530,Villa,Primulavej 26,7200, Grindsted,775000 ,31-07-2000,Alm. Salg,108,7176,4,1965,
530,Ejerlejlighed,"Grønningen 15, 1. mf",7200, Grindsted,212000 ,30-07-2000,Alm. Salg,40,5300,1,1968,
530,Villa,Pilealle 11,7200, Grindsted,92000 ,29-07-2000,Alm. Salg,147,626,4,2001,
530,Villa,Toften 29,7190, Billund,725000 ,26-07-2000,Alm. Salg,100,7250,4,1966,
530,Villa,Vandmosevej 10,7250, Hejnsvig,1425000 ,26-07-2000,Alm. Salg,102,13971,3,1962,
530,Villa,Amtsvejen 16,7200, Grindsted,275000 ,25-07-2000,Alm. Salg,106,2594,4,1944,
530,Villa,Almstokvej 14,7190, Billund,475000 ,24-07-2000,Alm. Salg,111,4279,4,1971,
530,Villa,Rønnebærvej 4,7200, Grindsted,550000 ,23-07-2000,Alm. Salg,94,5851,4,1969,
530,Villa,Fyrrevænget 204,7190, Billund,327177 ,23-07-2000,Fam. Salg,130,2517,4,1970,
530,Villa,Kirkegade 1,6623, Vorbasse,535000 ,23-07-2000,Alm. Salg,141,3794,3,1952,
530,Villa,Blåhøjvej 9,7200, Grindsted,540000 ,21-07-2000,Alm. Salg,139,3885,4,1968,
530,Villa,Løkkegårdsvej 2,7190, Billund,1175000 ,16-07-2000,Alm. Salg,201,5846,6,1889,
530,Villa,Systemvej 25,7190, Billund,940000 ,13-07-2000,Alm. Salg,173,5434,5,1961,
530,Villa,Dalsøvej 167,7200, Grindsted,980000 ,12-07-2000,Alm. Salg,120,8167,5,1986,
530,Villa,Labrivej 16,6623, Vorbasse,161525 ,12-07-2000,Alm. Salg,152,1063,6,2000,
530,Villa,Lillevang 23,7190, Billund,283820 ,10-07-2000,Alm. Salg,154,1843,6,2000,
530,Villa,Grønnegade 7,6623, Vorbasse,530000 ,06-07-2000,Alm. Salg,116,4569,4,1967,
530,Villa,Kolonivej 5,6623, Vorbasse,136900 ,05-07-2000,Alm. Salg,254,539,7,2001,
530,Villa,Stationsvej 18,7200, Grindsted,400000 ,04-07-2000,Alm. Salg,134,2985,5,1947,
530,Villa,Blåhøjvej 6,7200, Grindsted,300000 ,03-07-2000,Alm. Salg,116,2586,6,1910,
530,Villa,Vesterled 12,7260, Sønder Omme,617000 ,02-07-2000,Alm. Salg,111,5559,4,1963,
530,Villa,Søndre Boulevard 251,7200, Grindsted,1410000 ,30-06-2000,Alm. Salg,163,8650,5,1991,
530,Villa,Dyvelsrækkevej 12,7200, Grindsted,588328 ,30-06-2000,Alm. Salg,117,5028,5,1900,
530,Villa,Kulsøvej 6,7200, Grindsted,950000 ,29-06-2000,Alm. Salg,152,6250,6,1975,
530,Rækkehus,Jørgen Glavinds Vej 34,7200, Grindsted,400000 ,28-06-2000,Alm. Salg,85,4706,4,1955,
530,Villa,Dalsøvej 133,7200, Grindsted,1115000 ,28-06-2000,Alm. Salg,159,7013,6,1987,
530,Villa,Lyngvang 1,7260, Sønder Omme,875000 ,28-06-2000,Alm. Salg,122,7172,4,1973,
530,Villa,Refshøjvej 27,7200, Grindsted,3030000 ,28-06-2000,Alm. Salg,291,10412,7,1925,
530,Villa,Jernbanegade 12B,7200, Grindsted,575000 ,27-06-2000,Alm. Salg,123,4675,5,1923,
530,Villa,Søndermarksvej 403,7190, Billund,945000 ,27-06-2000,Alm. Salg,149,6342,6,1971,
530,Villa,Nollundvej 81,7200, Grindsted,150000 ,26-06-2000,Alm. Salg,182,824,6,2001,
530,Villa,Mølleparken 260,7190, Billund,1100000 ,26-06-2000,Alm. Salg,184,5978,7,1976,
530,Villa,Vinkelvej 78,7250, Hejnsvig,615000 ,25-06-2000,Alm. Salg,62,9919,3,1959,
530,Villa,Langgade 39,7250, Hejnsvig,925000 ,24-06-2000,Alm. Salg,171,5409,7,1978,
530,Villa,Ravlundvej 18,7200, Grindsted,575000 ,22-06-2000,Alm. Salg,161,3571,5,1908,
530,Villa,Nyvej 11,7250, Hejnsvig,650000 ,20-06-2000,Alm. Salg,98,6633,3,1962,
530,Villa,Nordre Kirkevej 3,7190, Billund,823717 ,17-06-2000,Alm. Salg,106,7771,4,1966,
530,Villa,Klodhøjvej 6,7250, Hejnsvig,550000 ,15-06-2000,Alm. Salg,112,4911,4,1940,
530,Villa,Egebjerg Landevej 72,7250, Hejnsvig,300000 ,14-06-2000,Alm. Salg,96,3125,4,1962,
530,Villa,Nørrebyvej 3,6623, Vorbasse,475000 ,14-06-2000,Alm. Salg,109,4358,5,1963,
530,Villa,Bredgade 95,7250, Hejnsvig,360000 ,12-06-2000,Andet,91,3956,3,1912,
530,Ejerlejlighed,"Amtsvejen 6, 1",7200, Grindsted,400000 ,08-06-2000,Alm. Salg,55,7273,2,1924,
530,Villa,Langesøvej 6,7200, Grindsted,830000 ,08-06-2000,Alm. Salg,118,7034,4,1975,
530,Villa,Lillevang 6,7190, Billund,287298 ,07-06-2000,Alm. Salg,170,1690,6,2000,
530,Villa,Lundhedevej 14,7200, Grindsted,725525 ,06-06-2000,Alm. Salg,133,5455,6,1960,
530,Villa,Dalbyvej 25,7200, Grindsted,835000 ,03-06-2000,Alm. Salg,167,5000,6,1977,
530,Villa,Møllevænget 9,7190, Billund,850000 ,31-05-2000,Alm. Salg,117,7265,4,1965,
530,Villa,Kærvej 7,7200, Grindsted,775000 ,30-05-2000,Alm. Salg,170,4559,5,2001,
530,Villa,Sønderkær 101,7190, Billund,793500 ,30-05-2000,Alm. Salg,124,6399,4,1978,
530,Villa,Gammel Bøvlvej 26,7260, Sønder Omme,370000 ,30-05-2000,Fam. Salg,89,4157,3,1960,
530,Villa,Nørrevej 17,7200, Grindsted,418562 ,29-05-2000,Alm. Salg,128,3270,4,1974,
530,Villa,Elkjærhøjevej 3,7190, Billund,705000 ,29-05-2000,Alm. Salg,194,3634,6,1915,
530,Villa,Engsøparken 61,7200, Grindsted,330000 ,29-05-2000,Alm. Salg,161,2050,5,2000,
530,Rækkehus,Dalsvinget 20H,7200, Grindsted,535000 ,28-05-2000,Alm. Salg,92,5815,3,1978,
530,Villa,Nollundvej 189,7200, Grindsted,2475000 ,28-05-2000,Alm. Salg,207,11957,7,1924,
530,Villa,Langgade 20B,7250, Hejnsvig,200000 ,28-05-2000,Alm. Salg,203,985,7,2002,
530,Villa,Ådalen 27,7200, Grindsted,994470 ,28-05-2000,Alm. Salg,148,6719,4,1962,
530,Rækkehus,Dalsøvej 159A,7200, Grindsted,595000 ,27-05-2000,Alm. Salg,82,7256,3,1985,
530,Villa,Bakkevej 2D,7250, Hejnsvig,665000 ,26-05-2000,Alm. Salg,102,6520,4,1985,
530,Villa,Herningvej 11,7260, Sønder Omme,350000 ,26-05-2000,Alm. Salg,87,4023,5,1951,
530,Villa,Tingstedet 45,7190, Billund,1225000 ,25-05-2000,Alm. Salg,191,6414,9,1994,
530,Villa,Almstokvej 33,6623, Vorbasse,549342 ,25-05-2000,Alm. Salg,120,4578,4,1955,
530,Villa,Vestergade 91,7200, Grindsted,880000 ,25-05-2000,Alm. Salg,164,5366,6,1947,
530,Villa,Markskellet 63,7190, Billund,1296475 ,24-05-2000,Alm. Salg,137,9463,6,1993,
530,Villa,Elkjærhøjevej 3,7190, Billund,58205 ,24-05-2000,Alm. Salg,194,300,6,1915,
530,Villa,Vestergade 2,6623, Vorbasse,662122 ,24-05-2000,Andet,264,2508,5,1930,
530,Villa,Rungborgvej 7,7250, Hejnsvig,449664 ,24-05-2000,Alm. Salg,134,3356,6,1916,
530,Villa,Møbjergvej 53,7260, Sønder Omme,87500 ,24-05-2000,Andet,91,962,2,1965,
530,Villa,Søndre Boulevard 313,7200, Grindsted,1199764 ,24-05-2000,Alm. Salg,136,8822,6,1987,
530,Villa,Markskellet 35,7190, Billund,760000 ,23-05-2000,Alm. Salg,85,8941,4,1989,
530,Villa,Mosevej 3,6623, Vorbasse,250000 ,21-05-2000,Alm. Salg,105,2381,4,2002,
530,Rækkehus,Banegårdsvej 11,7200, Grindsted,782780 ,17-05-2000,Alm. Salg,113,6927,4,1985,
530,Villa,Spurvevej 11,7200, Grindsted,440000 ,17-05-2000,Alm. Salg,146,3014,5,2007,
530,Villa,Åvej 21,7260, Sønder Omme,1045000 ,16-05-2000,Alm. Salg,100,10450,4,1960,
530,Villa,Fyrrevænget 407,7190, Billund,406595 ,15-05-2000,Alm. Salg,108,3765,3,1970,
530,Ejerlejlighed,"Nygade 19E, 1",7200, Grindsted,560000 ,14-05-2000,Alm. Salg,61,9180,2,1985,
530,Villa,Gammel Vejlevej 12,7200, Grindsted,720000 ,12-05-2000,Alm. Salg,58,12414,2,1947,
530,Villa,Egebjerg Landevej 89,7250, Hejnsvig,422500 ,12-05-2000,Alm. Salg,75,5633,2,1955,
530,Rækkehus,Dalsøvej 161A,7200, Grindsted,717000 ,11-05-2000,Alm. Salg,82,8744,3,1985,
530,Ejerlejlighed,"Grønningen 23, 1. mf",7200, Grindsted,243557 ,11-05-2000,Alm. Salg,40,6089,1,1968,
530,Ejerlejlighed,"Grønningen 7, 2. tv",7200, Grindsted,470000 ,11-05-2000,Alm. Salg,88,5341,3,1967,
530,Villa,Dalsøvej 36,7200, Grindsted,875000 ,10-05-2000,Alm. Salg,128,6836,4,1976,
530,Rækkehus,Sønderkær 353,7190, Billund,805000 ,07-05-2000,Alm. Salg,87,9253,3,1985,
530,Villa,Stenhøjvej 16,7250, Hejnsvig,673000 ,05-05-2000,Alm. Salg,124,5427,4,1985,
530,Villa,Mølleparken 354,7190, Billund,471525 ,04-05-2000,Alm. Salg,131,3599,5,1981,
530,Villa,Fyrrevænget 114,7190, Billund,1258000 ,04-05-2000,Alm. Salg,208,6048,7,1968,
530,Villa,Parallelvej 2,7260, Sønder Omme,837830 ,04-05-2000,Alm. Salg,101,8295,4,1965,
530,Villa,Kobjergvej 15,7190, Billund,1482000 ,04-05-2000,Alm. Salg,255,5812,6,1956,
530,Villa,Skjoldbjergvej 55,6623, Vorbasse,1147500 ,03-05-2000,Andet,188,6104,7,2006,
530,Villa,Højene 17,7250, Hejnsvig,1125000 ,03-05-2000,Alm. Salg,212,5307,8,1971,
530,Rækkehus,Herningvej 8,7260, Sønder Omme,393492 ,02-05-2000,Alm. Salg,102,3858,3,1919,
530,Villa,Engsøparken 97,7200, Grindsted,327500 ,02-05-2000,Alm. Salg,173,1893,4,2000,
530,Villa,Vestergade 62,7200, Grindsted,692874 ,01-05-2000,Alm. Salg,94,7371,3,1952,
530,Villa,Egeparken 2,7260, Sønder Omme,151000 ,01-05-2000,Alm. Salg,147,1027,4,2001,
530,Villa,Østergaardsvej 2,7200, Grindsted,640000 ,30-04-2000,Alm. Salg,154,4156,5,1934,
530,Villa,Præstevænget 1,6623, Vorbasse,400000 ,29-04-2000,Alm. Salg,131,3053,4,1927,
530,Villa,Dalbo 32,7200, Grindsted,450000 ,28-04-2000,Andet,121,3719,4,1979,
530,Villa,Fanøvej 16,7200, Grindsted,971782 ,27-04-2000,Alm. Salg,186,5225,5,1970,
530,Villa,Ribersvej 152,7200, Grindsted,875000 ,27-04-2000,Alm. Salg,120,7292,4,1980,
530,Villa,Frodeslundvej 49,7250, Hejnsvig,1200000 ,27-04-2000,Alm. Salg,147,8163,5,1927,
530,Villa,Flintemarken 2,7190, Billund,1040000 ,27-04-2000,Alm. Salg,157,6624,5,1987,
530,Villa,Langgade 56,7250, Hejnsvig,350000 ,27-04-2000,Fam. Salg,112,3125,3,1954,
530,Villa,Egeparken 21,7260, Sønder Omme,159280 ,26-04-2000,Alm. Salg,157,1015,5,2000,
530,Villa,Frodeslundvej 49,7250, Hejnsvig,850000 ,26-04-2000,Alm. Salg,147,5782,5,1927,
530,Villa,Egeparken 5,7260, Sønder Omme,185470 ,26-04-2000,Alm. Salg,142,1306,4,2001,
530,Villa,Nørregade 15,6623, Vorbasse,1440000 ,24-04-2000,Alm. Salg,185,4103,12,1906,
530,Villa,Solsortvej 9A,7200, Grindsted,371469 ,23-04-2000,Alm. Salg,123,3020,4,1959,
530,Villa,Åhavevej 8,7200, Grindsted,1000000 ,20-04-2000,Alm. Salg,185,5405,5,1973,
530,Villa,Flintemarken 37,7190, Billund,1337663 ,18-04-2000,Alm. Salg,150,8918,6,1988,
530,Villa,Plougslundvej 159,7190, Billund,1103473 ,18-04-2000,Alm. Salg,203,5436,6,1973,
530,Villa,Lupinvænget 41,7200, Grindsted,758000 ,16-04-2000,Alm. Salg,98,7735,4,1963,
530,Villa,Ribersvej 44,7200, Grindsted,947500 ,16-04-2000,Alm. Salg,125,7580,4,1978,
530,Villa,Lillevang 14,7190, Billund,347270 ,12-04-2000,Alm. Salg,314,1106,8,2004,
530,Villa,Amtsvejen 23,7200, Grindsted,619000 ,12-04-2000,Alm. Salg,97,6381,4,1942,
530,Rækkehus,Grønningen 24,7190, Billund,653866 ,11-04-2000,Alm. Salg,73,8957,2,1988,
530,Villa,Dalbo 38,7200, Grindsted,900000 ,11-04-2000,Alm. Salg,121,7438,4,1978,
530,Villa,Lillevang 10,7190, Billund,279500 ,10-04-2000,Alm. Salg,219,1276,7,2001,
530,Villa,Primulavej 33,7200, Grindsted,695000 ,10-04-2000,Alm. Salg,139,5000,5,1964,
530,Villa,Nørrevej 9,7200, Grindsted,395000 ,10-04-2000,Alm. Salg,108,3657,4,1977,
530,Villa,Hørlycks Alle 10,7200, Grindsted,1304538 ,08-04-2000,Alm. Salg,231,5647,6,1961,
530,Villa,Markskellet 47,7190, Billund,907000 ,06-04-2000,Alm. Salg,108,8398,5,1988,
530,Villa,Grindsted Landevej 10,7200, Grindsted,743381 ,05-04-2000,Alm. Salg,108,6883,4,1953,
530,Villa,Gammel Bøvlvej 12,7260, Sønder Omme,509701 ,05-04-2000,Alm. Salg,87,5859,3,1921,
530,Rækkehus,Gammel Vejlevej 23,7200, Grindsted,395001 ,04-04-2000,Alm. Salg,131,3015,5,1916,
530,Villa,Syrenvej 16,7200, Grindsted,1337000 ,04-04-2000,Alm. Salg,314,4258,10,1974,
530,Villa,Skolegyden 8,7200, Grindsted,408270 ,04-04-2000,Alm. Salg,88,4639,3,1959,
530,Villa,Engsøparken 13,7200, Grindsted,154400 ,04-04-2000,Fam. Salg,265,583,7,2000,
530,Ejerlejlighed,"Grønningen 15, st. th",7200, Grindsted,475000 ,02-04-2000,Alm. Salg,88,5398,3,1968,
530,Villa,Hovedgaden 42,7190, Billund,650000 ,02-04-2000,Alm. Salg,110,5909,3,1932,
530,Villa,Søndervold 154,7200, Grindsted,226500 ,02-04-2000,Alm. Salg,155,1461,5,2000,
530,Villa,Østergade 22,6623, Vorbasse,415000 ,02-04-2000,Alm. Salg,101,4109,3,1958,
530,Villa,Grindstedvej 34,7260, Sønder Omme,700000 ,31-03-2000,Alm. Salg,114,6140,3,1948,
530,Rækkehus,Søndre Boulevard 337,7200, Grindsted,505000 ,30-03-2000,Fam. Salg,83,6084,3,1988,
530,Ejerlejlighed,"Grønningen 13, 2. tv",7200, Grindsted,315000 ,30-03-2000,Alm. Salg,53,5943,2,1967,
530,Villa,Dalsøvej 107,7200, Grindsted,675000 ,30-03-2000,Fam. Salg,121,5579,4,1981,
530,Villa,Solvej 3,7200, Grindsted,550000 ,30-03-2000,Alm. Salg,167,3293,5,1916,
530,Villa,Vestre Boulevard 26,7200, Grindsted,399500 ,29-03-2000,Fam. Salg,121,3302,4,1947,
530,Villa,Lillevang 16,7190, Billund,393171 ,29-03-2000,Alm. Salg,226,1740,7,2001,
530,Villa,Østervangsvej 3,7200, Grindsted,1077000 ,28-03-2000,Fam. Salg,336,3205,10,1914,
530,Villa,Søndervold 276,7200, Grindsted,225000 ,28-03-2000,Fam. Salg,154,1461,5,2000,
530,Rækkehus,Rosenvej 14A,7200, Grindsted,460000 ,26-03-2000,Alm. Salg,70,6571,3,1988,
530,Villa,Lillevang 18,7190, Billund,256518 ,26-03-2000,Alm. Salg,161,1593,6,2001,
530,Villa,Syrenvej 5,7200, Grindsted,610000 ,23-03-2000,Alm. Salg,115,5304,4,1960,
530,Villa,Rødsøvej 11,7200, Grindsted,1075000 ,23-03-2000,Alm. Salg,178,6039,6,1973,
530,Villa,Sønderkær 211,7190, Billund,913579 ,23-03-2000,Alm. Salg,174,4637,7,1978,
530,Villa,Sønderkær 411,7190, Billund,550000 ,22-03-2000,Andet,158,3481,6,1986,
530,Villa,Læsøvej 16,7200, Grindsted,964063 ,22-03-2000,Alm. Salg,157,6141,6,1969,
530,Villa,Syrenvej 1,7200, Grindsted,596900 ,21-03-2000,Alm. Salg,218,2738,6,1960,
530,Villa,Omme Landevej 63,7260, Sønder Omme,595709 ,21-03-2000,Alm. Salg,132,4513,6,1852,
530,Villa,Fyrrevænget 311,7190, Billund,865000 ,21-03-2000,Alm. Salg,153,5654,6,1970,
530,Villa,Fittingvej 40,6623, Vorbasse,374681 ,20-03-2000,Alm. Salg,86,4357,2,1929,
530,Villa,Engsøparken 83,7200, Grindsted,277500 ,20-03-2000,Alm. Salg,179,1550,5,2000,
530,Villa,Søndre Boulevard 273,7200, Grindsted,1260000 ,20-03-2000,Alm. Salg,174,7241,7,1987,
530,Villa,Kirkevej 16,7250, Hejnsvig,708700 ,16-03-2000,Alm. Salg,193,3672,7,1956,
530,Villa,Solbakken 21,7260, Sønder Omme,749000 ,15-03-2000,Alm. Salg,120,6242,4,1976,
530,Rækkehus,Søndre Boulevard 395,7200, Grindsted,740000 ,13-03-2000,Alm. Salg,81,9136,3,1987,
530,Villa,Højene 7,7250, Hejnsvig,762026 ,13-03-2000,Alm. Salg,128,5953,5,1972,
530,Villa,Birkevænget 1,7190, Billund,1055000 ,11-03-2000,Alm. Salg,156,6763,5,1971,
530,Villa,Abildvej 9,7200, Grindsted,960282 ,10-03-2000,Alm. Salg,160,6002,6,1972,
530,Villa,Ansager Landevej 38,7200, Grindsted,500000 ,09-03-2000,Alm. Salg,238,2101,8,1893,
530,Villa,Vibes Alle 10,7200, Grindsted,325256 ,07-03-2000,Fam. Salg,183,1777,6,1951,
530,Villa,Bøvlvej 191,7260, Sønder Omme,630000 ,06-03-2000,Alm. Salg,121,5207,4,1965,
530,Villa,Sydtoften 31,7200, Grindsted,1077005 ,06-03-2000,Alm. Salg,182,5918,6,1984,
530,Villa,Stationsvej 27,7200, Grindsted,497545 ,04-03-2000,Alm. Salg,195,2552,7,1920,
530,Villa,Jyllandsgade 51,7200, Grindsted,1009073 ,02-03-2000,Alm. Salg,179,5637,5,1958,
530,Villa,Krogagervej 24,7200, Grindsted,925000 ,02-03-2000,Alm. Salg,157,5892,4,1964,
530,Rækkehus,Bogholdervej 1A,6623, Vorbasse,695000 ,01-03-2000,Alm. Salg,104,6683,3,2000,
530,Villa,Engebækgårdvej 3,7260, Sønder Omme,1959785 ,01-03-2000,Alm. Salg,134,14625,5,1911,
530,Villa,Søndervold 150,7200, Grindsted,266500 ,01-03-2000,Alm. Salg,151,1765,6,2000,
530,Villa,Banegårdsvej 15,7200, Grindsted,705000 ,01-03-2000,Alm. Salg,187,3770,7,1923,
530,Villa,Hasselvej 11,7260, Sønder Omme,850000 ,29-02-2000,Alm. Salg,128,6641,4,1969,
530,Ejerlejlighed,"Grønningen 23, 1. tv",7200, Grindsted,490000 ,28-02-2000,Alm. Salg,88,5568,3,1968,
530,Rækkehus,Dalsvinget 20H,7200, Grindsted,440820 ,27-02-2000,Fam. Salg,92,4792,3,1978,
530,Villa,Engsøparken 13,7200, Grindsted,308800 ,26-02-2000,Alm. Salg,265,1165,7,2000,
530,Villa,Nørregade 37,6623, Vorbasse,78750 ,19-02-2000,Fam. Salg,107,736,4,1948,
530,Villa,Egebjerg Landevej 126,7250, Hejnsvig,1139367 ,18-02-2000,Alm. Salg,153,7447,7,1937,
530,Villa,Nørrevej 57,7200, Grindsted,871167 ,17-02-2000,Alm. Salg,170,5125,4,1975,
530,Rækkehus,Søndervold 20,7200, Grindsted,540278 ,16-02-2000,Alm. Salg,59,9157,2,1989,
530,Villa,Egebjerg Landevej 71,7250, Hejnsvig,200000 ,14-02-2000,Alm. Salg,39,5128,2,1956,
530,Villa,Markskellet 24,7190, Billund,916521 ,13-02-2000,Alm. Salg,98,9352,4,1990,
530,Villa,Mølleparken 348,7190, Billund,725000 ,12-02-2000,Alm. Salg,125,5800,6,1981,
530,Villa,Skovgårdsvej 14,7200, Grindsted,230000 ,08-02-2000,Alm. Salg,97,2371,4,1947,
530,Villa,Holdgårdsvej 28,7260, Sønder Omme,723815 ,08-02-2000,Alm. Salg,162,4468,4,1934,
530,Rækkehus,Lærkevang 16A,7200, Grindsted,875000 ,07-02-2000,Alm. Salg,80,10938,3,1999,
530,Villa,Søndre Boulevard 233,7200, Grindsted,1675000 ,07-02-2000,Alm. Salg,178,9410,5,1995,
530,Villa,Flintemarken 6,7190, Billund,1143500 ,05-02-2000,Alm. Salg,136,8408,5,1989,
530,Villa,Mølleparken 358,7190, Billund,1425886 ,02-02-2000,Alm. Salg,169,8437,6,1984,
530,Villa,Østerbo 13,7250, Hejnsvig,375000 ,02-02-2000,Alm. Salg,144,2604,5,1792,
530,Rækkehus,Tårngade 22,6623, Vorbasse,285000 ,01-02-2000,Alm. Salg,111,2568,3,1929,
530,Villa,Søndervold 162,7200, Grindsted,305000 ,30-01-2000,Alm. Salg,169,1805,6,2003,
530,Villa,Søndervold 166,7200, Grindsted,316500 ,26-01-2000,Alm. Salg,124,2552,3,2000,
530,Villa,Søndre Boulevard 313,7200, Grindsted,1153380 ,25-01-2000,Alm. Salg,136,8481,6,1987,
530,Villa,Hovedgaden 48,7190, Billund,4000000 ,24-01-2000,Alm. Salg,140,15686,7,1965,
530,Villa,Bredgade 57,7250, Hejnsvig,600000 ,22-01-2000,Alm. Salg,147,4082,6,1926,
530,Villa,Mølleparken 364,7190, Billund,1000000 ,20-01-2000,Alm. Salg,120,8333,4,1984,
530,Ejerlejlighed,Nørregade 4A,6623, Vorbasse,459127 ,18-01-2000,Auktion,179,2565,6,1902,
530,Villa,Dalbo 37,7200, Grindsted,885000 ,18-01-2000,Alm. Salg,164,5396,5,1977,
530,Villa,Sønderkær 416,7190, Billund,1098000 ,18-01-2000,Alm. Salg,202,5436,8,1979,
530,Villa,Ahornvej 12,7200, Grindsted,1098000 ,18-01-2000,Alm. Salg,130,8446,4,1964,
530,Rækkehus,Nørager 30,7260, Sønder Omme,620000 ,16-01-2000,Alm. Salg,86,7209,2,1980,
530,Rækkehus,Åglimt 49,7200, Grindsted,783864 ,13-01-2000,Alm. Salg,94,8339,4,1986,
530,Villa,Stenhøjvej 10,7250, Hejnsvig,620000 ,13-01-2000,Alm. Salg,133,4662,4,1976,
530,Villa,Mølgårdvej 27,7200, Grindsted,750000 ,12-01-2000,Alm. Salg,197,3807,6,1935,
530,Villa,Højvangsvej 22,7260, Sønder Omme,270000 ,11-01-2000,Fam. Salg,255,1059,6,2002,
530,Villa,Svinget 1,7200, Grindsted,415423 ,11-01-2000,Alm. Salg,117,3551,4,2003,
530,Villa,Solsortvej 6,7200, Grindsted,633000 ,10-01-2000,Alm. Salg,135,4689,4,1950,
530,Villa,Søndervold 236,7200, Grindsted,1300000 ,10-01-2000,Fam. Salg,167,7784,5,1999,
530,Villa,Stenvej 12,7200, Grindsted,415000 ,10-01-2000,Alm. Salg,175,2371,5,2009,
530,Villa,Åhavevej 58,7200, Grindsted,1200000 ,09-01-2000,Alm. Salg,277,4332,6,1973,
530,Villa,Ansager Landevej 15,7200, Grindsted,380000 ,07-01-2000,Alm. Salg,119,3193,6,1949,
530,Villa,Nyvej 15,7250, Hejnsvig,580000 ,06-01-2000,Alm. Salg,155,3742,4,1956,
530,Villa,Løvlund Stationsvej 1,7190, Billund,307500 ,04-01-2000,Alm. Salg,142,2165,4,1916,
530,Villa,Tingstedet 65,7190, Billund,1300000 ,03-01-2000,Alm. Salg,198,6566,8,1997,
530,Villa,Nollundvej 203,7200, Grindsted,460000 ,02-01-2000,Alm. Salg,111,4144,4,1930,
530,Villa,Primulavej 4,7200, Grindsted,570000 ,02-01-2000,Fam. Salg,153,3725,5,1962,
530,Villa,Mølleparken 372,7190, Billund,850000 ,30-12-1999,Alm. Salg,120,7083,4,1981,
530,Rækkehus,Sønderkær 335,7190, Billund,684000 ,29-12-1999,Alm. Salg,91,7516,3,1980,
530,Ejerlejlighed,"Grønningen 7, st. th",7200, Grindsted,549793 ,29-12-1999,Alm. Salg,88,6248,3,1967,
530,Rækkehus,Markskellet 6,7190, Billund,303982 ,28-12-1999,Alm. Salg,124,2451,5,1987,
530,Rækkehus,Grønningen 10A,7190, Billund,665000 ,27-12-1999,Alm. Salg,79,8418,3,1987,
530,Villa,Fanøvej 12,7200, Grindsted,394211 ,21-12-1999,Fam. Salg,187,2108,7,1971,
530,Villa,Enghaven 16,7260, Sønder Omme,900000 ,21-12-1999,Alm. Salg,154,5844,4,1980,
530,Villa,Bøvlvej 170,7260, Sønder Omme,275000 ,21-12-1999,Alm. Salg,103,2670,3,1950,
530,Villa,Løkkegårdsvej 2,7190, Billund,526326 ,19-12-1999,Alm. Salg,201,2619,6,1889,
530,Villa,Enghaven 25,7260, Sønder Omme,200000 ,19-12-1999,Alm. Salg,243,823,8,1942,
530,Villa,Dalagervej 5,6623, Vorbasse,516000 ,18-12-1999,Fam. Salg,115,4487,4,1965,
530,Villa,Omme Landevej 63,7260, Sønder Omme,2100000 ,16-12-1999,Alm. Salg,132,15909,6,1852,
530,Villa,Engsøparken 5,7200, Grindsted,240000 ,16-12-1999,Alm. Salg,168,1429,4,2000,
530,Villa,Teglgaardsvej 8,7200, Grindsted,595000 ,15-12-1999,Alm. Salg,128,4648,4,1939,
530,Villa,Tingstedet 90,7190, Billund,1250000 ,15-12-1999,Alm. Salg,166,7530,6,1996,
530,Villa,Engvej 23,7200, Grindsted,1250000 ,14-12-1999,Alm. Salg,179,6983,6,1968,
530,Rækkehus,Jørgen Glavinds Vej 42,7200, Grindsted,669570 ,12-12-1999,Alm. Salg,71,9431,4,1955,
530,Villa,Østergade 3,6623, Vorbasse,860000 ,12-12-1999,Alm. Salg,293,2935,12,1930,
530,Villa,Nygade 27,7200, Grindsted,895669 ,10-12-1999,Alm. Salg,120,7464,3,1938,
530,Villa,Bemsigvej 9,7200, Grindsted,1990000 ,09-12-1999,Alm. Salg,355,5321,9,1942,
530,Villa,Nørrevej 11,7200, Grindsted,235000 ,08-12-1999,Auktion,74,3176,2,1948,
530,Villa,Kirkevej 11,7250, Hejnsvig,300000 ,08-12-1999,Fam. Salg,63,4762,3,1949,
530,Villa,Skolegyden 1,7200, Grindsted,240823 ,08-12-1999,Andet,184,1309,5,1952,
530,Villa,Langgade 58,7250, Hejnsvig,297500 ,08-12-1999,Fam. Salg,82,3628,2,1954,
530,Villa,Plagborgvej 8,7200, Grindsted,960000 ,07-12-1999,Alm. Salg,139,6906,6,1952,
530,Villa,Herningvej 12,7260, Sønder Omme,557432 ,07-12-1999,Alm. Salg,97,5747,2,1946,
530,Villa,Svinget 5,7200, Grindsted,327346 ,07-12-1999,Alm. Salg,102,3209,3,1953,
530,Villa,Grønvang 23,7260, Sønder Omme,705352 ,06-12-1999,Alm. Salg,116,6081,4,1970,
530,Villa,Solbakken 66,7260, Sønder Omme,1200000 ,06-12-1999,Alm. Salg,178,6742,5,1978,
530,Villa,Askjærvej 26,7250, Hejnsvig,1450000 ,06-12-1999,Alm. Salg,130,11154,6,1909,
530,Villa,Sønderkær 227,7190, Billund,1363000 ,06-12-1999,Alm. Salg,255,5345,10,1980,
530,Villa,Sognegårdsvej 1,7200, Grindsted,604471 ,06-12-1999,Alm. Salg,119,5080,3,1960,
530,Rækkehus,Prærien 42,7200, Grindsted,715666 ,05-12-1999,Alm. Salg,101,7086,4,1984,
530,Villa,Fynsgade 62,7200, Grindsted,580000 ,05-12-1999,Alm. Salg,123,4715,4,1959,
530,Villa,Labrivej 6,6623, Vorbasse,1069000 ,02-12-1999,Alm. Salg,123,8691,4,1997,
530,Ejerlejlighed,"Grønningen 17, 1. tv",7200, Grindsted,535964 ,01-12-1999,Alm. Salg,88,6091,3,1968,
530,Villa,Havrevænget 12,7200, Grindsted,672000 ,30-11-1999,Alm. Salg,78,8615,3,1962,
530,Villa,Jørgen Glavinds Vej 18,7200, Grindsted,912506 ,30-11-1999,Alm. Salg,171,5336,8,1957,
530,Rækkehus,Grønningen 26,7190, Billund,550000 ,29-11-1999,Alm. Salg,71,7746,2,1988,
530,Villa,Hovborgvej 6,6623, Vorbasse,380000 ,28-11-1999,Alm. Salg,182,2088,7,1947,
530,Villa,Grindsted Landevej 16,7200, Grindsted,643183 ,27-11-1999,Alm. Salg,115,5593,3,1920,
530,Villa,Tingstedet 47,7190, Billund,1448000 ,25-11-1999,Alm. Salg,166,8723,6,1994,
530,Villa,Kolonivej 3,6623, Vorbasse,139552 ,25-11-1999,Alm. Salg,172,811,5,2000,
530,Villa,Nygårdsvej 9,7200, Grindsted,335000 ,23-11-1999,Alm. Salg,123,2724,4,1927,
530,Villa,Engsøparken 101,7200, Grindsted,271000 ,23-11-1999,Alm. Salg,149,1819,4,2000,
530,Villa,Sønderkær 134,7190, Billund,970000 ,22-11-1999,Alm. Salg,154,6299,6,1977,
530,Villa,Knækvej 6,7200, Grindsted,1241000 ,21-11-1999,Alm. Salg,211,5882,6,1877,
530,Villa,Søndermarksvej 109,7190, Billund,857000 ,18-11-1999,Alm. Salg,173,4954,5,1969,
530,Villa,Dalbo 67,7200, Grindsted,850000 ,17-11-1999,Alm. Salg,130,6538,5,1978,
530,Villa,Parkvej 28,6623, Vorbasse,775000 ,17-11-1999,Alm. Salg,116,6681,4,1976,
530,Villa,Søndre Boulevard 291,7200, Grindsted,1200000 ,16-11-1999,Alm. Salg,137,8759,4,1988,
530,Villa,Nygade 16,7200, Grindsted,525000 ,15-11-1999,Alm. Salg,160,3281,5,1940,
530,Villa,Flintemarken 83,7190, Billund,1263988 ,15-11-1999,Alm. Salg,128,9875,5,1988,
530,Rækkehus,Lærkevang 16B,7200, Grindsted,875000 ,14-11-1999,Alm. Salg,80,10938,3,1999,
530,Villa,Lindevej 20,7200, Grindsted,2250000 ,14-11-1999,Alm. Salg,252,8929,8,1991,
530,Villa,Dalbo 20,7200, Grindsted,741000 ,13-11-1999,Alm. Salg,113,6558,4,1978,
530,Villa,Bredgade 44,7250, Hejnsvig,700000 ,13-11-1999,Alm. Salg,182,3846,5,1935,
530,Villa,Markskellet 78,7190, Billund,1365000 ,12-11-1999,Alm. Salg,167,8174,6,1988,
530,Rækkehus,Søndervold 72,7200, Grindsted,550213 ,11-11-1999,Alm. Salg,61,9020,2,1993,
530,Villa,Nørregade 45,7200, Grindsted,510483 ,10-11-1999,Alm. Salg,97,5263,5,1939,
530,Villa,Vestervang 29,7190, Billund,1055000 ,07-11-1999,Alm. Salg,134,7873,5,1986,
530,Ejerlejlighed,"Østergade 6, 1",6623, Vorbasse,528909 ,06-11-1999,Alm. Salg,49,10794,2,1932,
530,Villa,Grindstedvej 72,7260, Sønder Omme,562785 ,06-11-1999,Alm. Salg,98,5743,3,1959,
530,Villa,Tranebærvej 8,7200, Grindsted,730000 ,05-11-1999,Alm. Salg,105,6952,4,1965,
530,Villa,Rankenbjergvej 2,6623, Vorbasse,1318260 ,04-11-1999,Alm. Salg,174,7576,5,1998,
530,Villa,Nebelvej 19,6623, Vorbasse,259004 ,04-11-1999,Alm. Salg,92,2815,6,1953,
530,Villa,Flintemarken 17,7190, Billund,1093000 ,04-11-1999,Alm. Salg,167,6545,5,1990,
530,Villa,Hybenvej 4,7200, Grindsted,1000000 ,04-11-1999,Alm. Salg,155,6452,5,1968,
530,Villa,Jørgen Glavinds Vej 24A,7200, Grindsted,934400 ,04-11-1999,Alm. Salg,178,5249,9,1958,
530,Ejerlejlighed,Klostervej 26,7200, Grindsted,1600645 ,02-11-1999,Alm. Salg,245,6533,10,1991,
530,Villa,Urupvej 10,7200, Grindsted,617074 ,01-11-1999,Alm. Salg,180,3428,6,1954,
530,Villa,Mølleparken 338,7190, Billund,807500 ,01-11-1999,Fam. Salg,133,6071,5,1981,
530,Villa,Chr. Lundsgaards Vej 18,7200, Grindsted,595000 ,28-10-1999,Alm. Salg,90,6611,4,1930,
530,Villa,Aakjærsvej 2,7200, Grindsted,475000 ,28-10-1999,Auktion,94,5053,2,1942,
530,Villa,Nørregade 30B,6623, Vorbasse,871560 ,27-10-1999,Alm. Salg,58,15027,2,1915,
530,Villa,Skovgårdsvej 15,7200, Grindsted,809328 ,26-10-1999,Alm. Salg,235,3444,9,1916,
530,Villa,Poppelvej 3,7200, Grindsted,550000 ,26-10-1999,Alm. Salg,111,4955,4,1963,
530,Villa,Åhavevej 22,7200, Grindsted,1280657 ,26-10-1999,Auktion,209,5821,5,1972,
530,Villa,Søndervold 164,7200, Grindsted,301500 ,25-10-1999,Alm. Salg,174,1733,6,2000,
530,Villa,Vinkelvej 1,7250, Hejnsvig,303000 ,25-10-1999,Fam. Salg,85,3565,3,1952,
530,Villa,Sønderkær 395,7190, Billund,895000 ,24-10-1999,Alm. Salg,116,7716,4,1985,
530,Villa,Herningvej 4,7260, Sønder Omme,485000 ,23-10-1999,Alm. Salg,124,3911,4,1937,
530,Ejerlejlighed,"Banegårdsvej 27, 1",7200, Grindsted,462288 ,21-10-1999,Alm. Salg,62,7456,2,1987,
530,Villa,Kærvej 411,7190, Billund,1280000 ,21-10-1999,Alm. Salg,176,7273,4,1973,
530,Villa,Engebækgårdvej 55,7260, Sønder Omme,850000 ,20-10-1999,Alm. Salg,181,4315,5,1960,
530,Villa,Nygade 15,7200, Grindsted,516031 ,19-10-1999,Alm. Salg,123,4195,5,1938,
530,Villa,Egebjerg Landevej 84,7250, Hejnsvig,562000 ,19-10-1999,Alm. Salg,125,4496,4,1913,
530,Villa,Søndre Boulevard 221,7200, Grindsted,1437500 ,18-10-1999,Alm. Salg,146,9846,5,1994,
530,Villa,Ribersvej 160,7200, Grindsted,935000 ,17-10-1999,Alm. Salg,121,7727,4,1980,
530,Villa,Flintemarken 53,7190, Billund,1456414 ,17-10-1999,Alm. Salg,160,9103,6,1994,
530,Villa,Nørre Alle 10,7200, Grindsted,505000 ,15-10-1999,Alm. Salg,132,3826,4,1929,
530,Villa,Vestre Boulevard 58,7200, Grindsted,682500 ,15-10-1999,Alm. Salg,102,6691,5,1961,
530,Villa,Nymarksvej 9,7200, Grindsted,1654555 ,14-10-1999,Alm. Salg,221,7487,7,1962,
530,Villa,Fynsgade 29,7200, Grindsted,977962 ,13-10-1999,Alm. Salg,168,5821,5,1959,
530,Ejerlejlighed,"Grønningen 7, 1. th",7200, Grindsted,479966 ,11-10-1999,Alm. Salg,88,5454,3,1967,
530,Villa,Solsortvej 9A,7200, Grindsted,647503 ,11-10-1999,Alm. Salg,123,5264,4,1959,
530,Villa,Mølleparken 201,7190, Billund,872000 ,10-10-1999,Alm. Salg,124,7032,4,1976,
530,Villa,Gammel Bøvlvej 5,7260, Sønder Omme,325000 ,09-10-1999,Alm. Salg,242,1343,6,1913,
530,Villa,Postgade 1,7200, Grindsted,625000 ,09-10-1999,Alm. Salg,103,6068,4,1965,
530,Villa,Åhavevej 32,7200, Grindsted,1235000 ,08-10-1999,Alm. Salg,189,6534,8,1972,
530,Villa,Bøvlvej 173,7260, Sønder Omme,310000 ,08-10-1999,Alm. Salg,114,2719,5,1941,
530,Villa,Krog Skolevej 1,7190, Billund,617832 ,07-10-1999,Alm. Salg,177,3491,5,1939,
530,Villa,Østergade 48,6623, Vorbasse,462628 ,07-10-1999,Alm. Salg,75,6168,2,1935,
530,Rækkehus,Lysningen 46,7190, Billund,700000 ,06-10-1999,Alm. Salg,88,7955,2,2008,
530,Ejerlejlighed,"Nygade 19A, st",7200, Grindsted,680000 ,06-10-1999,Fam. Salg,83,8193,3,1988,
530,Villa,Fyrrevænget 110,7190, Billund,1073000 ,06-10-1999,Alm. Salg,172,6238,7,1969,
530,Villa,Vestergade 2,6623, Vorbasse,685000 ,04-10-1999,Alm. Salg,264,2595,5,1930,
530,Villa,Krarupvej 8,7200, Grindsted,590000 ,04-10-1999,Alm. Salg,101,5842,3,1953,
530,Villa,Gammel Bøvlvej 36,7260, Sønder Omme,650000 ,01-10-1999,Alm. Salg,98,6633,3,1965,
530,Villa,Plougslundvej 173,7190, Billund,900000 ,30-09-1999,Alm. Salg,142,6338,5,1973,
530,Villa,Enghaven 33,7260, Sønder Omme,900000 ,30-09-1999,Alm. Salg,172,5233,5,1974,
530,Villa,Farvergade 15,7260, Sønder Omme,420000 ,28-09-1999,Alm. Salg,114,3684,5,1932,
530,Villa,Enghaven 6,7260, Sønder Omme,238000 ,28-09-1999,Fam. Salg,148,1608,6,2004,
530,Villa,Ansager Landevej 38,7200, Grindsted,707300 ,27-09-1999,Alm. Salg,238,2972,8,1893,
530,Villa,Parkvej 16,6623, Vorbasse,650000 ,27-09-1999,Alm. Salg,116,5603,4,1974,
530,Rækkehus,Lærkevang 14A,7200, Grindsted,875000 ,22-09-1999,Alm. Salg,80,10938,3,1999,
530,Villa,Tingstedet 108,7190, Billund,716026 ,22-09-1999,Alm. Salg,158,4532,6,1998,
530,Villa,Tranevej 20,7200, Grindsted,1100000 ,21-09-1999,Alm. Salg,155,7097,5,1978,
530,Villa,Finlandsvej 5,7200, Grindsted,845000 ,21-09-1999,Alm. Salg,107,7897,4,1968,
530,Villa,Bækkevej 2,6623, Vorbasse,382500 ,19-09-1999,Fam. Salg,130,2942,3,1936,
530,Villa,Løvlund Stationsvej 1,7190, Billund,615000 ,18-09-1999,Alm. Salg,142,4331,4,1916,
530,Villa,Søndermarksvej 309,7190, Billund,1075000 ,15-09-1999,Alm. Salg,218,4931,6,1970,
530,Villa,Rømøvej 5,7200, Grindsted,1014201 ,15-09-1999,Alm. Salg,149,6807,6,1970,
530,Villa,Søndervold 309,7200, Grindsted,1700000 ,13-09-1999,Alm. Salg,158,10759,5,1997,
530,Villa,Søndervold 313,7200, Grindsted,1400000 ,13-09-1999,Alm. Salg,140,10000,5,1995,
530,Villa,Søndre Boulevard 275,7200, Grindsted,1286000 ,12-09-1999,Alm. Salg,132,9742,6,1988,
530,Villa,Lærkevang 8,7200, Grindsted,420982 ,12-09-1999,Alm. Salg,127,3315,2,1939,
530,Villa,Østergade 12,6623, Vorbasse,510000 ,11-09-1999,Fam. Salg,194,2629,7,1908,
530,Villa,Grønvang 10,7260, Sønder Omme,1059856 ,09-09-1999,Alm. Salg,161,6583,5,1956,
530,Villa,Bøgevej 10,6623, Vorbasse,700000 ,09-09-1999,Alm. Salg,133,5263,4,1974,
530,Villa,Bygvænget 33,7200, Grindsted,600000 ,08-09-1999,Alm. Salg,90,6667,3,1962,
530,Rækkehus,Markskellet 2,7190, Billund,875000 ,07-09-1999,Alm. Salg,126,6944,5,1987,
530,Villa,Sønderkær 413,7190, Billund,493250 ,07-09-1999,Alm. Salg,130,3794,5,1986,
530,Villa,Blåhøjvej 3,7200, Grindsted,361268 ,07-09-1999,Alm. Salg,209,1729,10,1930,
530,Villa,Sønderhedevej 8,7200, Grindsted,667000 ,06-09-1999,Alm. Salg,130,5131,5,1973,
530,Villa,Vildkjærvej 4,7200, Grindsted,150000 ,05-09-1999,Alm. Salg,122,1230,3,1916,
530,Villa,Skjoldbjergvej 31,6623, Vorbasse,341967 ,05-09-1999,Alm. Salg,136,2514,4,1954,
530,Ejerlejlighed,"Grønningen 13, st. tv",7200, Grindsted,285000 ,04-09-1999,Alm. Salg,53,5377,2,1967,
530,Rækkehus,Vestre Boulevard 4,7200, Grindsted,642330 ,02-09-1999,Alm. Salg,81,7930,3,1938,
530,Villa,Elmelunden 109,7190, Billund,875000 ,02-09-1999,Alm. Salg,139,6295,4,1964,
530,Villa,Tingstedet 74,7190, Billund,1515000 ,30-08-1999,Alm. Salg,151,10033,6,1997,
530,Villa,Rødsøvej 10,7200, Grindsted,650000 ,30-08-1999,Alm. Salg,175,3714,5,1973,
530,Villa,Egebjerg Landevej 52,7250, Hejnsvig,375000 ,29-08-1999,Alm. Salg,75,5000,3,1940,
530,Villa,Flintemarken 55,7190, Billund,936000 ,29-08-1999,Alm. Salg,144,6500,5,1988,
530,Villa,Nørhedevej 8,7200, Grindsted,1071854 ,27-08-1999,Alm. Salg,155,6915,6,1976,
530,Villa,Lillevang 12,7190, Billund,280378 ,26-08-1999,Alm. Salg,209,1342,6,2000,
530,Villa,Amtsvejen 25A,7200, Grindsted,75000 ,26-08-1999,Alm. Salg,124,605,4,1999,
530,Villa,Østergade 10,6623, Vorbasse,397000 ,26-08-1999,Alm. Salg,165,2406,5,2014,
530,Villa,Lillevang 19,7190, Billund,270518 ,25-08-1999,Alm. Salg,151,1792,6,1999,
530,Villa,Fyrrevænget 116,7190, Billund,830000 ,25-08-1999,Alm. Salg,123,5608,4,1969,
530,Villa,Jorden Rundt 23,7200, Grindsted,650000 ,25-08-1999,Alm. Salg,201,3234,6,1967,
530,Villa,Bybækvej 7,7200, Grindsted,890000 ,25-08-1999,Alm. Salg,226,3938,9,1899,
530,Villa,Sverrigsvej 7,7200, Grindsted,884139 ,23-08-1999,Alm. Salg,124,7130,5,1969,
530,Villa,Østerbo 6,7250, Hejnsvig,900000 ,23-08-1999,Alm. Salg,187,4813,5,1928,
530,Rækkehus,Sydtoften 25A,7200, Grindsted,718979 ,22-08-1999,Alm. Salg,82,8768,3,1983,
530,Villa,Dalsøvej 111,7200, Grindsted,995001 ,20-08-1999,Alm. Salg,135,7370,6,1980,
530,Villa,Søllingdalvej 22,7250, Hejnsvig,1200000 ,20-08-1999,Alm. Salg,144,8333,5,1975,
530,Villa,Tingstedet 92,7190, Billund,1360000 ,19-08-1999,Alm. Salg,150,9067,6,1997,
530,Villa,Grindsted Landevej 16,7200, Grindsted,643183 ,18-08-1999,Alm. Salg,115,5593,3,1920,
530,Villa,Midtgårdvej 27,7200, Grindsted,50750 ,17-08-1999,Alm. Salg,149,341,6,1999,
530,Villa,Bygvænget 37,7200, Grindsted,615000 ,17-08-1999,Alm. Salg,184,3342,7,1963,
530,Villa,Enghaven 28,7260, Sønder Omme,810000 ,16-08-1999,Alm. Salg,133,6090,5,1969,
530,Villa,Sønderkær 173,7190, Billund,1016000 ,15-08-1999,Alm. Salg,145,7007,5,1977,
530,Villa,Plougstrupvej 3,7200, Grindsted,550000 ,14-08-1999,Alm. Salg,290,1897,10,1911,
530,Villa,Rømøvej 7,7200, Grindsted,760000 ,14-08-1999,Alm. Salg,116,6552,4,1969,
530,Villa,Egevænget 109,7190, Billund,895000 ,13-08-1999,Alm. Salg,124,7218,4,1973,
530,Villa,Engsøparken 87,7200, Grindsted,1743000 ,12-08-1999,Alm. Salg,152,11467,5,1999,
530,Villa,Engmosevej 13,7200, Grindsted,780000 ,12-08-1999,Alm. Salg,169,4615,6,1924,
530,Villa,Mølleparken 164,7190, Billund,1000000 ,12-08-1999,Alm. Salg,163,6135,5,1975,
530,Villa,Dalbo 74,7200, Grindsted,1012510 ,10-08-1999,Alm. Salg,191,5301,6,1978,
530,Villa,Flintemarken 25,7190, Billund,940000 ,10-08-1999,Alm. Salg,121,7769,4,1988,
530,Rækkehus,Markskellet 51,7190, Billund,702370 ,09-08-1999,Alm. Salg,83,8462,3,1988,
530,Villa,Bøgevej 3,6623, Vorbasse,880000 ,09-08-1999,Alm. Salg,160,5500,6,1973,
530,Ejerlejlighed,"Banegårdsvej 3C, 1. th",7200, Grindsted,613000 ,08-08-1999,Alm. Salg,95,6453,3,1988,
530,Villa,Søndervold 242,7200, Grindsted,200000 ,08-08-1999,Alm. Salg,150,1333,5,2000,
530,Villa,Sønderkær 129,7190, Billund,1375000 ,07-08-1999,Alm. Salg,180,7639,5,1978,
530,Villa,Okslundvej 120,6623, Vorbasse,1600000 ,06-08-1999,Alm. Salg,241,6639,6,1940,
530,Villa,Elmelunden 205,7190, Billund,890000 ,05-08-1999,Alm. Salg,130,6846,5,1964,
530,Villa,Bygvænget 34,7200, Grindsted,820000 ,04-08-1999,Alm. Salg,148,5541,6,1962,
530,Villa,Søndre Boulevard 291,7200, Grindsted,1200000 ,03-08-1999,Alm. Salg,137,8759,4,1988,
530,Ejerlejlighed,"Grønningen 17, 2. th",7200, Grindsted,531666 ,02-08-1999,Alm. Salg,88,6042,3,1968,
530,Villa,Tranebærvej 12,7200, Grindsted,853000 ,01-08-1999,Alm. Salg,111,7685,4,1966,
530,Villa,Sønderkær 371,7190, Billund,1281418 ,01-08-1999,Alm. Salg,155,8267,6,1985,
530,Villa,Toften 9,7200, Grindsted,795000 ,01-08-1999,Alm. Salg,143,5559,5,1978,
530,Villa,Knudsøvej 3,7200, Grindsted,1000000 ,29-07-1999,Alm. Salg,148,6757,5,1974,
530,Villa,J P Jensens Vej 17,7200, Grindsted,540000 ,28-07-1999,Fam. Salg,104,5192,4,1950,
530,Villa,Tingstedet 44,7190, Billund,1275000 ,28-07-1999,Alm. Salg,163,7822,7,1995,
530,Villa,Grønnegade 2,6623, Vorbasse,940000 ,28-07-1999,Alm. Salg,160,5875,5,1978,
530,Villa,Søndermarksvej 203,7190, Billund,1260000 ,28-07-1999,Alm. Salg,209,6029,8,1970,
530,Villa,Toften 6,7190, Billund,710000 ,27-07-1999,Alm. Salg,120,5917,4,1965,
530,Villa,Blichersvej 5,7200, Grindsted,1235000 ,26-07-1999,Alm. Salg,160,7719,6,1951,
530,Villa,Skovstien 2,7200, Grindsted,641000 ,26-07-1999,Alm. Salg,90,7122,4,1951,
530,Rækkehus,Søndre Boulevard 369,7200, Grindsted,710000 ,25-07-1999,Alm. Salg,83,8554,3,1987,
530,Villa,Grønvang 18,7260, Sønder Omme,575000 ,25-07-1999,Alm. Salg,117,4915,4,1955,
530,Villa,Solbakken 50,7260, Sønder Omme,590444 ,25-07-1999,Alm. Salg,136,4342,5,1978,
530,Villa,Tingstedet 86,7190, Billund,635252 ,25-07-1999,Alm. Salg,139,4570,6,1997,
530,Villa,Mølleparken 224,7190, Billund,870000 ,23-07-1999,Alm. Salg,132,6591,4,1976,
530,Villa,Grønnegade 13,6623, Vorbasse,480000 ,22-07-1999,Alm. Salg,107,4486,4,1967,
530,Villa,Tingstedet 1,7190, Billund,1243000 ,21-07-1999,Alm. Salg,141,8816,6,1997,
530,Villa,Sønderkær 131,7190, Billund,1600000 ,20-07-1999,Alm. Salg,184,8696,6,1979,
530,Villa,Tårngade 4,6623, Vorbasse,405000 ,19-07-1999,Alm. Salg,152,2664,6,1935,
530,Villa,Løvlundvej 10,7190, Billund,450000 ,19-07-1999,Alm. Salg,139,3237,4,1958,
530,Villa,Dalbo 62,7200, Grindsted,795000 ,15-07-1999,Alm. Salg,112,7098,4,1979,
530,Rækkehus,Sønderkær 493,7190, Billund,555000 ,14-07-1999,Alm. Salg,77,7208,3,1984,
530,Villa,Markskellet 27,7190, Billund,1050000 ,14-07-1999,Alm. Salg,135,7778,5,1989,
530,Ejerlejlighed,"Grønningen 5, 2. tv",7200, Grindsted,483560 ,12-07-1999,Alm. Salg,76,6363,2,1967,
530,Villa,Kærbækvej 13,7200, Grindsted,910000 ,12-07-1999,Alm. Salg,178,5112,6,2012,
530,Rækkehus,Sønderkær 491,7190, Billund,570000 ,11-07-1999,Alm. Salg,77,7403,3,1984,
530,Villa,Vejlevej 26B,7260, Sønder Omme,71623 ,11-07-1999,Fam. Salg,114,628,3,1972,
530,Villa,Tingstedet 115,7190, Billund,1645000 ,11-07-1999,Alm. Salg,180,9139,6,1997,
530,Villa,Ådalen 23,7200, Grindsted,3150000 ,08-07-1999,Alm. Salg,323,9752,6,1965,
530,Villa,Lupinvænget 3,7200, Grindsted,870000 ,08-07-1999,Alm. Salg,138,6304,5,1964,
530,Rækkehus,Lærkevang 14B,7200, Grindsted,875000 ,07-07-1999,Alm. Salg,80,10938,3,1999,
530,Villa,Bøgevej 4,6623, Vorbasse,501500 ,07-07-1999,Fam. Salg,142,3532,5,1974,
530,Rækkehus,Lysningen 38,7190, Billund,750000 ,06-07-1999,Alm. Salg,95,7895,3,1986,
530,Villa,Præstevang 5,7190, Billund,467500 ,06-07-1999,Fam. Salg,141,3316,6,1961,
530,Villa,Fasanvej 3,7190, Billund,695000 ,05-07-1999,Alm. Salg,99,7020,3,1960,
530,Villa,Hørlycks Alle 16,7200, Grindsted,639588 ,05-07-1999,Alm. Salg,108,5922,5,1937,
530,Villa,Egeparken 16,7260, Sønder Omme,156000 ,04-07-1999,Alm. Salg,140,1114,5,1999,
530,Villa,Vestre Boulevard 58,7200, Grindsted,625000 ,04-07-1999,Alm. Salg,102,6127,5,1961,
530,Villa,Tingstedet 85,7190, Billund,1175000 ,03-07-1999,Alm. Salg,162,7253,6,1996,
530,Villa,Grenevej 1,7190, Billund,875000 ,01-07-1999,Fam. Salg,227,3855,7,2000,
530,Villa,Jyllandsgade 57,7200, Grindsted,1035000 ,01-07-1999,Alm. Salg,123,8415,4,1951,
530,Villa,Svalevænget 2,6623, Vorbasse,1065000 ,29-06-1999,Alm. Salg,132,8068,6,1995,
530,Villa,Granvej 10B,7200, Grindsted,856712 ,29-06-1999,Alm. Salg,97,8832,3,1954,
530,Villa,Søndervold 126,7200, Grindsted,180000 ,29-06-1999,Alm. Salg,152,1184,6,1999,
530,Villa,Møllegade 4,6623, Vorbasse,100000 ,29-06-1999,Fam. Salg,96,1042,4,2000,
530,Villa,Egebjerg Landevej 14,7200, Grindsted,2452145 ,29-06-1999,Andet,216,11353,5,1988,
530,Rækkehus,Sønderkær 351,7190, Billund,775000 ,28-06-1999,Alm. Salg,87,8908,3,1985,
530,Villa,Vejlevej 43,7260, Sønder Omme,748307 ,27-06-1999,Alm. Salg,146,5125,6,1960,
530,Villa,Sommers Alle 5,7200, Grindsted,620000 ,27-06-1999,Alm. Salg,124,5000,5,1941,
530,Villa,Spurvevej 6,7200, Grindsted,550000 ,27-06-1999,Alm. Salg,106,5189,4,1960,
530,Villa,Skovvang 25,7260, Sønder Omme,230000 ,27-06-1999,Alm. Salg,188,1223,6,1999,
530,Rækkehus,Nørager 28,7260, Sønder Omme,600000 ,24-06-1999,Alm. Salg,86,6977,2,1980,
530,Villa,Nørregade 43,7200, Grindsted,400000 ,24-06-1999,Alm. Salg,160,2500,5,1924,
530,Villa,Lærkevang 6,7200, Grindsted,950000 ,24-06-1999,Alm. Salg,109,8716,3,1931,
530,Villa,Egevænget 107,7190, Billund,665000 ,24-06-1999,Alm. Salg,109,6101,3,1972,
530,Villa,Gyvelvej 7,7200, Grindsted,380000 ,23-06-1999,Alm. Salg,168,2262,5,1950,
530,Villa,Mellemvej 5,7200, Grindsted,320000 ,23-06-1999,Alm. Salg,121,2645,4,1984,
530,Villa,Lille Hjortlundvej 2,7200, Grindsted,1026000 ,23-06-1999,Fam. Salg,274,3745,7,2022,
530,Villa,Grenevej 1,7190, Billund,1445000 ,22-06-1999,Fam. Salg,227,6366,7,2000,
530,Villa,Parallelvej 10,7260, Sønder Omme,1023551 ,21-06-1999,Alm. Salg,149,6166,6,1972,
530,Villa,Møllebakkevej 10,7200, Grindsted,495000 ,21-06-1999,Alm. Salg,101,4901,3,1960,
530,Villa,Ølgodvej 2,7200, Grindsted,390000 ,21-06-1999,Alm. Salg,119,3277,4,1954,
530,Villa,Solvangen 3,7200, Grindsted,1700 ,20-06-1999,Alm. Salg,133,13,5,1976,
530,Villa,Engmosevej 13,7200, Grindsted,1175000 ,20-06-1999,Alm. Salg,169,6953,6,1924,
530,Villa,Pilealle 17,7200, Grindsted,800000 ,20-06-1999,Alm. Salg,158,5063,5,1978,
530,Villa,Stadion Alle 20B,7260, Sønder Omme,390652 ,20-06-1999,Alm. Salg,100,3907,3,1921,
530,Villa,Vejlevej 37,7260, Sønder Omme,548000 ,17-06-1999,Alm. Salg,127,4315,5,1955,
530,Villa,Skovparken 102,7190, Billund,1364988 ,17-06-1999,Alm. Salg,195,7000,9,1964,
530,Rækkehus,Sønderkær 423A,7190, Billund,626119 ,16-06-1999,Alm. Salg,77,8131,3,1986,
530,Villa,Skjoldbjergvej 17,6623, Vorbasse,1500000 ,15-06-1999,Alm. Salg,153,9804,5,1987,
530,Villa,Hørlycks Alle 7,7200, Grindsted,650000 ,15-06-1999,Alm. Salg,118,5508,4,1961,
530,Villa,Bækkevej 14,6623, Vorbasse,375000 ,13-06-1999,Alm. Salg,166,2259,5,1957,
530,Villa,Blichersvej 4,7200, Grindsted,585000 ,13-06-1999,Fam. Salg,84,6964,4,1959,
530,Villa,Tingstedet 57,7190, Billund,1215000 ,10-06-1999,Alm. Salg,139,8741,6,1997,
530,Villa,Grindstedvej 66,7260, Sønder Omme,825000 ,10-06-1999,Alm. Salg,213,3873,6,1937,
530,Villa,Tårngade 1,6623, Vorbasse,398033 ,10-06-1999,Alm. Salg,99,4021,3,1911,
530,Villa,Lyngvang 11,7260, Sønder Omme,770000 ,10-06-1999,Alm. Salg,164,4695,5,1973,
530,Villa,Egebjerg Landevej 100,7250, Hejnsvig,457000 ,10-06-1999,Alm. Salg,121,3777,5,1973,
530,Villa,Vejlevej 26B,7260, Sønder Omme,700000 ,09-06-1999,Alm. Salg,114,6140,3,1972,
530,Villa,Sydtoften 47,7200, Grindsted,525000 ,09-06-1999,Alm. Salg,125,4200,5,1984,
530,Villa,Billundvej 14,7250, Hejnsvig,598528 ,08-06-1999,Alm. Salg,153,3912,7,1927,
530,Villa,Vejlevej 35,7260, Sønder Omme,595000 ,08-06-1999,Alm. Salg,111,5360,4,1965,
530,Villa,Nebelvej 48,6623, Vorbasse,637694 ,08-06-1999,Alm. Salg,248,2571,8,1898,
530,Rækkehus,Grindstedvej 6,7260, Sønder Omme,379091 ,07-06-1999,Alm. Salg,87,4357,4,1930,
530,Rækkehus,Mølleparken 302C,7190, Billund,555000 ,03-06-1999,Alm. Salg,77,7208,3,1985,
530,Villa,Tingstedet 12,7190, Billund,1396669 ,03-06-1999,Alm. Salg,202,6914,9,1996,
530,Villa,Dalagervej 8,6623, Vorbasse,143000 ,02-06-1999,Alm. Salg,144,993,5,2000,
530,Rækkehus,"Rolighedsvej 7, 1",7200, Grindsted,1000000 ,01-06-1999,Alm. Salg,142,7042,4,1920,
530,Rækkehus,Lysningen 34,7190, Billund,760000 ,01-06-1999,Alm. Salg,95,8000,4,1986,
530,Villa,Klosterhedevej 9,7200, Grindsted,1072800 ,01-06-1999,Alm. Salg,144,7450,5,1972,
530,Villa,Daugårdvej 12,7250, Hejnsvig,203280 ,01-06-1999,Alm. Salg,50,4066,2,1944,
530,Villa,Møbjergvej 25,7260, Sønder Omme,47000 ,31-05-1999,Alm. Salg,110,427,4,1877,
530,Rækkehus,Dalsvinget 18B,7200, Grindsted,677098 ,30-05-1999,Alm. Salg,102,6638,4,1978,
530,Villa,Løvlundvej 15,7190, Billund,1550000 ,30-05-1999,Alm. Salg,219,7078,6,1965,
530,Villa,Nørreled 26,7200, Grindsted,629158 ,30-05-1999,Alm. Salg,113,5568,4,1947,
530,Villa,Møllevænget 23,7190, Billund,845000 ,26-05-1999,Alm. Salg,104,8125,4,1964,
530,Villa,Krarupvej 3,7200, Grindsted,284827 ,26-05-1999,Alm. Salg,186,1531,4,1963,
530,Villa,Flintemarken 30,7190, Billund,1140000 ,25-05-1999,Alm. Salg,146,7808,6,1990,
530,Villa,Mølleparken 104,7190, Billund,985000 ,24-05-1999,Alm. Salg,142,6937,4,1975,
530,Villa,Jorden Rundt 17,7200, Grindsted,680000 ,24-05-1999,Alm. Salg,137,4964,5,1954,
530,Villa,Høstvej 3,7250, Hejnsvig,600000 ,20-05-1999,Alm. Salg,136,4412,5,1968,
530,Villa,Vestergade 104,7200, Grindsted,601090 ,20-05-1999,Alm. Salg,118,5094,4,1946,
530,Rækkehus,Grønningen 34,7190, Billund,720000 ,19-05-1999,Alm. Salg,107,6729,4,1989,
530,Ejerlejlighed,"Grønningen 9, 2. th",7200, Grindsted,445000 ,19-05-1999,Alm. Salg,88,5057,3,1967,
530,Villa,Søndermarksvej 213,7190, Billund,900000 ,18-05-1999,Alm. Salg,144,6250,5,1970,
530,Villa,Ågeslundvej 5,7200, Grindsted,950000 ,17-05-1999,Alm. Salg,130,7308,5,1975,
530,Rækkehus,Grønningen 10A,7190, Billund,564741 ,14-05-1999,Alm. Salg,79,7149,3,1987,
530,Villa,Tårngade 11,6623, Vorbasse,400000 ,14-05-1999,Alm. Salg,108,3704,3,1943,
530,Villa,Søndervold 152,7200, Grindsted,170000 ,11-05-1999,Alm. Salg,183,929,7,1999,
530,Villa,Søndre Boulevard 309,7200, Grindsted,1225000 ,11-05-1999,Alm. Salg,162,7562,5,1987,
530,Villa,Rahbæksvej 8,7260, Sønder Omme,700000 ,10-05-1999,Alm. Salg,141,4965,4,1974,
530,Villa,Engsøparken 27,7200, Grindsted,1450000 ,09-05-1999,Alm. Salg,236,6144,4,1952,
530,Villa,Østervænget 54,6623, Vorbasse,1060000 ,05-05-1999,Alm. Salg,150,7067,5,1987,
530,Villa,Bredgade 2,7250, Hejnsvig,854970 ,05-05-1999,Alm. Salg,313,2732,12,1876,
530,Villa,Søndervold 160,7200, Grindsted,325000 ,05-05-1999,Alm. Salg,215,1512,7,2001,
530,Villa,Vejlevej 34,7190, Billund,650976 ,05-05-1999,Alm. Salg,140,4650,6,1957,
530,Villa,Herningvej 89,7260, Sønder Omme,440806 ,03-05-1999,Alm. Salg,99,4453,5,1949,
530,Villa,Søndervold 276,7200, Grindsted,225000 ,28-04-1999,Alm. Salg,154,1461,5,2000,
530,Villa,Lyngvang 15,7260, Sønder Omme,875000 ,28-04-1999,Alm. Salg,178,4916,6,1973,
530,Villa,Sønderkær 111,7190, Billund,744335 ,28-04-1999,Alm. Salg,112,6646,4,1978,
530,Villa,Refshøjvej 64,7250, Hejnsvig,250000 ,28-04-1999,Alm. Salg,278,899,11,1800,
530,Villa,Bygvænget 17,7200, Grindsted,1100000 ,28-04-1999,Alm. Salg,195,5641,9,1963,
530,Villa,Hovedgaden 54,7260, Sønder Omme,660000 ,27-04-1999,Alm. Salg,137,4818,5,1957,
530,Villa,Urupvej 19,7200, Grindsted,633384 ,27-04-1999,Alm. Salg,115,5508,5,1914,
530,Villa,Sognegårdsvej 1,7200, Grindsted,595535 ,27-04-1999,Alm. Salg,119,5004,3,1960,
530,Villa,Bygvænget 15,7200, Grindsted,950000 ,27-04-1999,Alm. Salg,153,6209,5,1963,
530,Villa,Vejlevej 33,7260, Sønder Omme,629707 ,26-04-1999,Alm. Salg,102,6174,4,1938,
530,Villa,Skovgårdsvej 15,7200, Grindsted,424275 ,26-04-1999,Alm. Salg,235,1805,9,1916,
530,Villa,Lillevang 19,7190, Billund,270518 ,25-04-1999,Alm. Salg,151,1792,6,1999,
530,Villa,Engsøparken 59,7200, Grindsted,350000 ,25-04-1999,Alm. Salg,206,1699,6,1999,
530,Villa,Fanøvej 21,7200, Grindsted,870731 ,22-04-1999,Alm. Salg,149,5844,5,1970,
530,Rækkehus,Søndervold 12,7200, Grindsted,802000 ,21-04-1999,Alm. Salg,96,8354,4,1992,
530,Villa,Daugårdvej 22,7250, Hejnsvig,225000 ,21-04-1999,Alm. Salg,113,1991,5,1917,
530,Villa,Østervænget 58,6623, Vorbasse,852081 ,20-04-1999,Alm. Salg,148,5757,5,1984,
530,Villa,Systemvej 20,7190, Billund,515372 ,19-04-1999,Alm. Salg,93,5542,4,1959,
530,Villa,Dalsøvej 139,7200, Grindsted,625000 ,19-04-1999,Fam. Salg,171,3655,8,1984,
530,Rækkehus,Søndervold 2,7200, Grindsted,827588 ,16-04-1999,Alm. Salg,102,8114,4,1989,
530,Villa,Fanøvej 8,7200, Grindsted,1085000 ,15-04-1999,Alm. Salg,155,7000,5,1971,
530,Rækkehus,Nørager 83,7260, Sønder Omme,550000 ,14-04-1999,Alm. Salg,77,7143,2,1980,
530,Villa,Mølleparken 408,7190, Billund,1100000 ,14-04-1999,Alm. Salg,128,8594,5,1986,
530,Villa,Ribersvej 216,7200, Grindsted,945000 ,14-04-1999,Alm. Salg,120,7875,4,1984,
530,Villa,Tingstedet 97,7190, Billund,1303800 ,14-04-1999,Alm. Salg,139,9380,5,1999,
530,Villa,Skole Alle 10,7260, Sønder Omme,634700 ,14-04-1999,Alm. Salg,120,5289,4,1910,
530,Villa,Søndervold 230,7200, Grindsted,246530 ,14-04-1999,Alm. Salg,180,1370,6,1999,
530,Villa,Lysningen 6,7190, Billund,835000 ,14-04-1999,Alm. Salg,106,7877,3,1987,
530,Villa,Sønderkær 415,7190, Billund,1200000 ,13-04-1999,Alm. Salg,164,7317,6,1986,
530,Villa,Nyvej 4,7250, Hejnsvig,695000 ,13-04-1999,Alm. Salg,102,6814,4,1960,
530,Villa,Bygvænget 5,7200, Grindsted,662500 ,13-04-1999,Alm. Salg,124,5343,4,1962,
530,Villa,Åvej 21,7260, Sønder Omme,430000 ,12-04-1999,Alm. Salg,100,4300,4,1960,
530,Villa,Rugvænget 3,7200, Grindsted,950000 ,12-04-1999,Alm. Salg,141,6738,6,1963,
530,Villa,Nollundvej 158,7200, Grindsted,614366 ,11-04-1999,Alm. Salg,156,3938,6,1950,
530,Villa,Farvergade 29,7260, Sønder Omme,450000 ,11-04-1999,Alm. Salg,108,4167,4,1974,
530,Rækkehus,Sønderkær 471,7190, Billund,785000 ,09-04-1999,Alm. Salg,99,7929,4,1986,
530,Villa,Søndre Boulevard 293,7200, Grindsted,997198 ,08-04-1999,Alm. Salg,116,8597,4,1987,
530,Villa,Kærtoften 3B,7200, Grindsted,500000 ,07-04-1999,Fam. Salg,132,3788,5,1923,
530,Villa,Søvangvej 1,7200, Grindsted,812500 ,06-04-1999,Alm. Salg,140,5804,5,1939,
530,Villa,Søndre Boulevard 255,7200, Grindsted,1283110 ,06-04-1999,Alm. Salg,142,9036,5,1993,
530,Villa,Ahornvej 12,7200, Grindsted,660000 ,05-04-1999,Alm. Salg,130,5077,4,1964,
530,Rækkehus,Dalsvinget 18G,7200, Grindsted,625001 ,02-04-1999,Alm. Salg,102,6127,4,1978,
530,Villa,Sønderkær 242,7190, Billund,989748 ,28-03-1999,Alm. Salg,143,6921,4,1978,
530,Villa,Æblevej 11,7250, Hejnsvig,350000 ,26-03-1999,Alm. Salg,65,5385,3,1961,
530,Villa,Bygvænget 1,7200, Grindsted,860000 ,26-03-1999,Alm. Salg,150,5733,5,1962,
530,Villa,Kobjergvej 3,7190, Billund,2000000 ,23-03-1999,Alm. Salg,190,10526,4,1971,
530,Villa,Engsøparken 29,7200, Grindsted,260000 ,23-03-1999,Alm. Salg,189,1376,5,1999,
530,Villa,Søndermarksvej 313,7190, Billund,904041 ,23-03-1999,Alm. Salg,131,6901,5,1970,
530,Villa,Tingstedet 118,7190, Billund,228951 ,22-03-1999,Alm. Salg,152,1506,6,1999,
530,Villa,Bredgade 39,7250, Hejnsvig,590000 ,21-03-1999,Alm. Salg,186,3172,6,1910,
530,Villa,Fanøvej 15,7200, Grindsted,1020379 ,19-03-1999,Alm. Salg,181,5637,5,1970,
530,Rækkehus,Grindsted Landevej 87,7200, Grindsted,307981 ,18-03-1999,Alm. Salg,80,3850,3,1917,
530,Rækkehus,Grønningen 2B,7190, Billund,630000 ,18-03-1999,Alm. Salg,79,7975,3,1987,
530,Villa,Lupinvænget 6,7200, Grindsted,974980 ,18-03-1999,Alm. Salg,166,5873,5,1965,
530,Villa,Lupinvænget 15,7200, Grindsted,624440 ,16-03-1999,Alm. Salg,98,6372,4,1962,
530,Villa,Tolvalenvej 27,7260, Sønder Omme,500000 ,15-03-1999,Alm. Salg,156,3205,5,1925,
530,Villa,Dalsvinget 29,7200, Grindsted,894502 ,15-03-1999,Alm. Salg,149,6003,6,1976,
530,Villa,Birkevej 4,6623, Vorbasse,550000 ,11-03-1999,Alm. Salg,121,4545,4,1972,
530,Villa,Æblevej 3,7250, Hejnsvig,510000 ,11-03-1999,Alm. Salg,105,4857,4,1966,
530,Villa,Søndervold 335,7200, Grindsted,1350000 ,11-03-1999,Alm. Salg,166,8133,6,1995,
530,Rækkehus,Granvej 4,7200, Grindsted,555000 ,10-03-1999,Alm. Salg,89,6236,3,1914,
530,Ejerlejlighed,"Grønningen 3, st. tv",7200, Grindsted,225000 ,08-03-1999,Alm. Salg,88,2557,3,1967,
530,Villa,Lærkevej 14,7190, Billund,575000 ,07-03-1999,Alm. Salg,193,2979,8,1963,
530,Villa,Dalagervej 12,6623, Vorbasse,158600 ,06-03-1999,Alm. Salg,159,997,6,1999,
530,Villa,Toften 5,7200, Grindsted,595000 ,04-03-1999,Alm. Salg,132,4508,6,1967,
530,Villa,Krogagervej 14,7200, Grindsted,200000 ,04-03-1999,Alm. Salg,143,1399,4,1955,
530,Villa,Tingstedet 97,7190, Billund,234837 ,28-02-1999,Alm. Salg,139,1689,5,1999,
530,Villa,Hedelykkevej 11,7200, Grindsted,788843 ,28-02-1999,Alm. Salg,204,3867,9,1970,
530,Villa,Jorden Rundt 19,7200, Grindsted,998000 ,28-02-1999,Alm. Salg,145,6883,5,1957,
530,Villa,Fittingvej 20,6623, Vorbasse,334320 ,28-02-1999,Alm. Salg,69,4845,2,1912,
530,Villa,Teglgaardsvej 8,7200, Grindsted,595000 ,25-02-1999,Alm. Salg,128,4648,4,1939,
530,Rækkehus,Nørregade 62A,7200, Grindsted,75000 ,22-02-1999,Alm. Salg,115,652,5,2021,
530,Villa,Tingstedet 118,7190, Billund,212922 ,22-02-1999,Alm. Salg,152,1401,6,1999,
530,Villa,Fyrrevænget 304,7190, Billund,895410 ,21-02-1999,Alm. Salg,161,5562,4,1970,
530,Villa,Hestkærvej 40,7200, Grindsted,340000 ,19-02-1999,Alm. Salg,109,3119,5,1953,
530,Villa,Nyvej 10,7250, Hejnsvig,263500 ,19-02-1999,Fam. Salg,104,2534,2,2000,
530,Rækkehus,Dalsvinget 18H,7200, Grindsted,554959 ,18-02-1999,Alm. Salg,75,7399,3,1978,
530,Villa,Flintemarken 67,7190, Billund,1163079 ,18-02-1999,Alm. Salg,153,7602,6,1993,
530,Villa,Egevænget 102,7190, Billund,850162 ,18-02-1999,Alm. Salg,168,5060,5,1972,
530,Villa,Tronsø Parkvej 7,7200, Grindsted,586098 ,17-02-1999,Alm. Salg,89,6585,4,1950,
530,Villa,Bygvænget 16,7200, Grindsted,858246 ,17-02-1999,Alm. Salg,92,9329,3,1963,
530,Villa,Tranevej 5,7200, Grindsted,1512500 ,14-02-1999,Alm. Salg,184,8220,7,1980,
530,Villa,Klosterhedevej 13,7200, Grindsted,1019912 ,14-02-1999,Alm. Salg,150,6799,6,1972,
530,Villa,Sønderkær 182,7190, Billund,850000 ,14-02-1999,Alm. Salg,124,6855,4,1977,
530,Villa,Langgade 37,7250, Hejnsvig,280000 ,11-02-1999,Fam. Salg,148,1892,3,1929,
530,Rækkehus,Amtsvejen 39B,7200, Grindsted,229000 ,10-02-1999,Alm. Salg,79,2899,3,1914,
530,Villa,Mølleparken 320,7190, Billund,1200000 ,10-02-1999,Alm. Salg,157,7643,5,1984,
530,Villa,Søvangvej 1,7200, Grindsted,1512500 ,06-02-1999,Alm. Salg,140,10804,5,1939,
530,Villa,Ribersvej 102,7200, Grindsted,897539 ,05-02-1999,Alm. Salg,153,5866,6,1979,
530,Villa,Vestervang 4,7190, Billund,1135748 ,05-02-1999,Alm. Salg,140,8112,5,1987,
530,Villa,Højene 14,7250, Hejnsvig,780000 ,05-02-1999,Alm. Salg,137,5693,4,1970,
530,Ejerlejlighed,"Banegårdsvej 3A, 2. tv",7200, Grindsted,494315 ,04-02-1999,Alm. Salg,61,8104,2,1988,
530,Villa,Nørrebyvej 14,6623, Vorbasse,512784 ,03-02-1999,Alm. Salg,141,3637,3,1933,
530,Villa,Frederiksberg Alle 5,7200, Grindsted,550019 ,02-02-1999,Alm. Salg,192,2865,7,1923,
530,Villa,Lillevang 67,7190, Billund,591526 ,01-02-1999,Alm. Salg,526,1106,15,1912,
530,Rækkehus,Søgårdvej 54B,7250, Hejnsvig,595000 ,31-01-1999,Alm. Salg,88,6761,4,1988,
530,Villa,Kærtoften 15,7200, Grindsted,644632 ,31-01-1999,Alm. Salg,153,4213,6,1969,
530,Villa,Langgade 46,7250, Hejnsvig,170000 ,28-01-1999,Alm. Salg,52,3269,2,1950,
530,Villa,Blåhøjvej 1,7200, Grindsted,254480 ,27-01-1999,Alm. Salg,83,3066,5,1955,
530,Villa,Rugvænget 8,7200, Grindsted,650000 ,25-01-1999,Alm. Salg,118,5508,3,1962,
530,Villa,Kærtoften 9,7200, Grindsted,621856 ,21-01-1999,Alm. Salg,113,5503,4,1964,
530,Villa,Danmarksvej 2,7200, Grindsted,896811 ,21-01-1999,Alm. Salg,147,6101,5,1971,
530,Villa,Hovborgvej 10C,6623, Vorbasse,699203 ,21-01-1999,Alm. Salg,137,5104,4,1975,
530,Villa,Østre Alle 4,7200, Grindsted,730000 ,20-01-1999,Alm. Salg,116,6293,4,1935,
530,Villa,Parallelvej 2,7260, Sønder Omme,395706 ,20-01-1999,Alm. Salg,101,3918,4,1965,
530,Villa,Sønderkær 245,7190, Billund,1540000 ,19-01-1999,Alm. Salg,172,8953,5,1980,
530,Villa,Langgade 56,7250, Hejnsvig,270000 ,19-01-1999,Alm. Salg,112,2411,3,1954,
530,Villa,Søndervold 262,7200, Grindsted,350000 ,18-01-1999,Alm. Salg,177,1977,4,1999,
530,Villa,Mølleparken 166,7190, Billund,843498 ,18-01-1999,Alm. Salg,130,6488,5,1977,
530,Villa,Møbjergvej 53,7260, Sønder Omme,167982 ,18-01-1999,Alm. Salg,91,1846,2,1965,
530,Villa,Skrænten 4,7250, Hejnsvig,650000 ,18-01-1999,Alm. Salg,144,4514,4,1979,
530,Villa,Vinkelvej 12,7250, Hejnsvig,255000 ,15-01-1999,Alm. Salg,87,2931,4,1955,
530,Villa,Farvergade 6,7260, Sønder Omme,376000 ,14-01-1999,Alm. Salg,162,2321,7,1942,
530,Villa,Nørager 29,7260, Sønder Omme,368500 ,12-01-1999,Andet,127,2902,5,1980,
530,Rækkehus,Nørregade 60C,7200, Grindsted,800000 ,11-01-1999,Alm. Salg,80,10000,3,1999,
530,Villa,Kolding Landevej 41,7250, Hejnsvig,1119362 ,11-01-1999,Alm. Salg,125,8955,5,1924,
530,Villa,Lupinvænget 2,7200, Grindsted,925000 ,11-01-1999,Alm. Salg,135,6852,6,1963,
530,Rækkehus,Nørregade 60D,7200, Grindsted,800000 ,10-01-1999,Alm. Salg,80,10000,3,1999,
530,Ejerlejlighed,Nørregade 9E,6623, Vorbasse,300000 ,08-01-1999,Alm. Salg,91,3297,3,1937,
530,Ejerlejlighed,"Grønningen 13, 2. tv",7200, Grindsted,288469 ,07-01-1999,Alm. Salg,53,5443,2,1967,
530,Villa,Sønderkær 152,7190, Billund,985000 ,07-01-1999,Alm. Salg,141,6986,5,1977,
530,Rækkehus,Nørregade 60B,7200, Grindsted,800000 ,06-01-1999,Alm. Salg,80,10000,3,1999,
530,Ejerlejlighed,"Vestergade 14, 1",7200, Grindsted,900000 ,04-01-1999,Alm. Salg,80,11250,4,1900,
530,Villa,Langesøvej 3,7200, Grindsted,1150000 ,04-01-1999,Alm. Salg,160,7188,6,1975,
530,Rækkehus,Nørregade 60E,7200, Grindsted,800000 ,29-12-1998,Alm. Salg,80,10000,3,1999,
530,Villa,Langgade 49,7250, Hejnsvig,400000 ,29-12-1998,Alm. Salg,99,4040,3,1979,
530,Villa,Skovparken 112,7190, Billund,1400000 ,28-12-1998,Alm. Salg,215,6512,7,1968,
530,Villa,Bredgade 35,7250, Hejnsvig,460000 ,26-12-1998,Alm. Salg,60,7667,2,1958,
530,Villa,Lundgårdvej 4,7200, Grindsted,595000 ,22-12-1998,Alm. Salg,176,3381,5,1930,
530,Villa,Solvangen 11,7200, Grindsted,530000 ,21-12-1998,Alm. Salg,110,4818,4,1969,
530,Rækkehus,Søndervold 22,7200, Grindsted,253507 ,20-12-1998,Alm. Salg,59,4297,2,1989,
530,Villa,Vestervej 7,7200, Grindsted,452470 ,20-12-1998,Alm. Salg,146,3099,4,1920,
530,Rækkehus,Sønderkær 315,7190, Billund,645000 ,17-12-1998,Alm. Salg,91,7088,3,1980,
530,Rækkehus,Søndre Boulevard 361,7200, Grindsted,723844 ,17-12-1998,Alm. Salg,80,9048,3,1986,
530,Villa,Ågeslundvej 13,7200, Grindsted,610826 ,17-12-1998,Alm. Salg,150,4072,6,1956,
530,Rækkehus,Søndervold 60,7200, Grindsted,530000 ,16-12-1998,Alm. Salg,62,8548,2,1993,
530,Villa,Nørregade 60A,7200, Grindsted,1140835 ,16-12-1998,Alm. Salg,154,7408,4,1923,
530,Villa,Tingstedet 4,7190, Billund,1277886 ,15-12-1998,Alm. Salg,141,9063,6,1996,
530,Rækkehus,Lysningen 42,7190, Billund,820678 ,14-12-1998,Alm. Salg,89,9221,3,1988,
530,Villa,Tingstedet 93,7190, Billund,1420000 ,14-12-1998,Alm. Salg,165,8606,6,1998,
530,Villa,Ølandsvej 4,7200, Grindsted,432400 ,14-12-1998,Alm. Salg,134,3227,5,1971,
530,Villa,Holdgårdsvej 4,7260, Sønder Omme,698997 ,13-12-1998,Alm. Salg,100,6990,4,1959,
530,Villa,Billundvej 58,7250, Hejnsvig,550000 ,11-12-1998,Alm. Salg,184,2989,5,1999,
530,Villa,Søndermarksvej 413,7190, Billund,1240000 ,10-12-1998,Alm. Salg,153,8105,5,1972,
530,Villa,Abildvej 22,7200, Grindsted,900000 ,09-12-1998,Fam. Salg,164,5488,5,1973,
530,Villa,Frejasvej 3,7200, Grindsted,1200000 ,08-12-1998,Alm. Salg,150,8000,6,1975,
530,Villa,Sønderkær 113,7190, Billund,1076000 ,07-12-1998,Alm. Salg,161,6683,5,1977,
530,Villa,Møbjergvej 25,7260, Sønder Omme,50000 ,06-12-1998,Alm. Salg,110,455,4,1877,
530,Villa,Tolvalenvej 27,7260, Sønder Omme,1208073 ,06-12-1998,Alm. Salg,156,7744,5,1925,
530,Villa,Poppelvej 5,7200, Grindsted,750000 ,03-12-1998,Alm. Salg,80,9375,4,1960,
530,Villa,Herningvej 7,7260, Sønder Omme,905426 ,03-12-1998,Alm. Salg,123,7361,6,1948,
530,Villa,Vedbendvej 13,7200, Grindsted,1099994 ,03-12-1998,Alm. Salg,143,7692,5,1977,
530,Villa,Fyrrevænget 406,7190, Billund,883000 ,02-12-1998,Alm. Salg,180,4906,7,1971,
530,Villa,Mølleparken 221,7190, Billund,592500 ,02-12-1998,Fam. Salg,219,2705,5,1976,
530,Rækkehus,Banegårdsvej 7,7200, Grindsted,784979 ,01-12-1998,Alm. Salg,108,7268,4,1985,
530,Villa,Ribersvej 140,7200, Grindsted,850000 ,01-12-1998,Alm. Salg,127,6693,4,1981,
530,Villa,Parallelvej 12,7260, Sønder Omme,910000 ,30-11-1998,Alm. Salg,118,7712,4,1969,
530,Villa,Kulsøvej 6,7200, Grindsted,840000 ,29-11-1998,Alm. Salg,152,5526,6,1975,
530,Villa,Kirkehusvej 8,7200, Grindsted,739086 ,29-11-1998,Alm. Salg,211,3503,7,1950,
530,Villa,Skolegyden 8,7200, Grindsted,160000 ,29-11-1998,Alm. Salg,88,1818,3,1959,
530,Villa,Stenvej 20,7200, Grindsted,775000 ,26-11-1998,Alm. Salg,139,5576,5,1959,
530,Villa,Dalbo 26,7200, Grindsted,795000 ,25-11-1998,Alm. Salg,112,7098,4,1978,
530,Villa,Grønvang 25,7260, Sønder Omme,891299 ,25-11-1998,Alm. Salg,243,3668,8,1972,
530,Villa,Lundgårdvej 64,7250, Hejnsvig,170000 ,24-11-1998,Fam. Salg,92,1848,3,1965,
530,Villa,Gammel Bøvlvej 34,7260, Sønder Omme,640908 ,24-11-1998,Alm. Salg,128,5007,5,1965,
530,Villa,Gammel Bøvlvej 17,7260, Sønder Omme,780000 ,23-11-1998,Alm. Salg,98,7959,4,1990,
530,Villa,Bygvænget 35,7200, Grindsted,540000 ,22-11-1998,Alm. Salg,181,2983,6,1962,
530,Ejerlejlighed,"Grønningen 3, 1. mf",7200, Grindsted,210000 ,19-11-1998,Alm. Salg,41,5122,1,1967,
530,Villa,Vejlevej 28,7260, Sønder Omme,366000 ,19-11-1998,Fam. Salg,120,3050,3,1935,
530,Villa,Hovborgvej 4,6623, Vorbasse,198754 ,19-11-1998,Alm. Salg,187,1063,7,1948,
530,Villa,J P Jensens Vej 23,7200, Grindsted,650000 ,17-11-1998,Auktion,99,6566,4,1959,
530,Villa,Hovedgaden 36,7190, Billund,1200000 ,16-11-1998,Alm. Salg,113,10619,3,1962,
530,Villa,Søllingdalvej 8,7250, Hejnsvig,810000 ,16-11-1998,Alm. Salg,149,5436,5,1975,
530,Villa,Vestergade 51,7200, Grindsted,555414 ,15-11-1998,Alm. Salg,68,8168,3,1961,
530,Rækkehus,Markskellet 19,7190, Billund,651440 ,13-11-1998,Alm. Salg,81,8042,3,1988,
530,Villa,Flintemarken 5,7190, Billund,840000 ,11-11-1998,Alm. Salg,99,8485,4,1989,
530,Villa,Nørregade 39,6623, Vorbasse,723000 ,08-11-1998,Alm. Salg,135,5356,5,1974,
530,Villa,Østergade 20,7200, Grindsted,981586 ,06-11-1998,Alm. Salg,123,7980,4,1916,
530,Villa,Juellingsholmsvej 29,7200, Grindsted,199586 ,05-11-1998,Alm. Salg,254,786,4,1827,
530,Villa,Amtsvejen 41,7200, Grindsted,815000 ,05-11-1998,Alm. Salg,153,5327,10,1964,
530,Villa,Abildvej 6,7200, Grindsted,569804 ,04-11-1998,Alm. Salg,85,6704,3,1961,
530,Rækkehus,Lysningen 42,7190, Billund,834274 ,03-11-1998,Alm. Salg,89,9374,3,1988,
530,Villa,Tingstedet 87,7190, Billund,1539431 ,03-11-1998,Alm. Salg,147,10472,6,1998,
530,Rækkehus,Rønnebærvej 1,7200, Grindsted,668409 ,02-11-1998,Alm. Salg,86,7772,4,1967,
530,Villa,Omme Landevej 6,7200, Grindsted,560000 ,02-11-1998,Alm. Salg,77,7273,3,1950,
530,Villa,Hovedgaden 34,7190, Billund,750000 ,01-11-1998,Alm. Salg,85,8824,3,1938,
530,Villa,Dalsøvej 167,7200, Grindsted,976000 ,30-10-1998,Alm. Salg,120,8133,5,1986,
530,Villa,Dalsøvej 42,7200, Grindsted,970000 ,29-10-1998,Alm. Salg,135,7185,4,1976,
530,Villa,Vestergade 104,7200, Grindsted,685000 ,29-10-1998,Alm. Salg,118,5805,4,1946,
530,Rækkehus,Sønderkær 451,7190, Billund,750000 ,28-10-1998,Fam. Salg,90,8333,3,1983,
530,Villa,Engvej 25,7200, Grindsted,865000 ,28-10-1998,Alm. Salg,100,8650,2,1935,
530,Villa,Nørrevej 26,7200, Grindsted,737260 ,26-10-1998,Alm. Salg,142,5192,5,1974,
530,Rækkehus,Grønningen 36,7190, Billund,711431 ,25-10-1998,Alm. Salg,107,6649,4,1989,
530,Villa,Havrevænget 26,7200, Grindsted,615000 ,24-10-1998,Alm. Salg,91,6758,3,1963,
530,Villa,Skovvang 23,7260, Sønder Omme,1223000 ,24-10-1998,Alm. Salg,236,5182,7,1969,
530,Villa,Amtsvejen 25B,7200, Grindsted,35000 ,22-10-1998,Alm. Salg,144,243,4,2020,
530,Rækkehus,Søndervold 62,7200, Grindsted,525422 ,21-10-1998,Alm. Salg,61,8613,2,1993,
530,Villa,Fasanvej 14,7190, Billund,510000 ,21-10-1998,Alm. Salg,119,4286,5,1960,
530,Rækkehus,Nørager 20,7260, Sønder Omme,581055 ,19-10-1998,Alm. Salg,86,6756,3,1980,
530,Villa,Skødevej 1,6623, Vorbasse,245000 ,19-10-1998,Alm. Salg,96,2552,4,1937,
530,Ejerlejlighed,"Jernbanegade 10, 1",7200, Grindsted,1200000 ,18-10-1998,Alm. Salg,102,11765,3,1967,
530,Rækkehus,Rønnebærvej 15,7200, Grindsted,701212 ,15-10-1998,Alm. Salg,96,7304,4,1967,
530,Villa,Ravlundvej 16,7200, Grindsted,89306 ,14-10-1998,Fam. Salg,173,516,5,1886,
530,Villa,Nygade 12,7200, Grindsted,500000 ,12-10-1998,Fam. Salg,109,4587,4,1914,
530,Villa,Boldingvej 10,7250, Hejnsvig,926101 ,10-10-1998,Alm. Salg,134,6911,5,1965,
530,Villa,Vibes Alle 4,7200, Grindsted,998692 ,07-10-1998,Alm. Salg,160,6242,6,1917,
530,Villa,Lærkevang 8,7200, Grindsted,790000 ,07-10-1998,Alm. Salg,127,6220,2,1939,
530,Villa,Grindstedvej 27,7260, Sønder Omme,591020 ,06-10-1998,Alm. Salg,94,6287,2,1936,
530,Villa,Norgesvej 16,7200, Grindsted,890573 ,06-10-1998,Alm. Salg,143,6228,5,1969,
530,Villa,Parallelvej 6,7260, Sønder Omme,826800 ,06-10-1998,Alm. Salg,116,7128,4,1969,
530,Villa,Grindsted Landevej 69,7200, Grindsted,566000 ,06-10-1998,Alm. Salg,125,4528,6,1922,
530,Villa,Søndervold 274,7200, Grindsted,1175000 ,05-10-1998,Alm. Salg,142,8275,5,1997,
530,Villa,Skrænten 3,7250, Hejnsvig,751000 ,05-10-1998,Alm. Salg,137,5482,5,1979,
530,Ejerlejlighed,"Grønningen 7, 2. th",7200, Grindsted,486355 ,04-10-1998,Alm. Salg,88,5527,3,1967,
530,Villa,Fyrrevænget 209,7190, Billund,630000 ,04-10-1998,Fam. Salg,123,5122,5,1969,
530,Villa,Egevænget 312,7190, Billund,1095000 ,01-10-1998,Alm. Salg,150,7300,5,1972,
530,Villa,Lupinvænget 22,7200, Grindsted,852722 ,01-10-1998,Alm. Salg,115,7415,4,1964,
530,Villa,Tingstedet 123,7190, Billund,1543643 ,01-10-1998,Alm. Salg,150,10291,6,1998,
530,Rækkehus,Jørgen Glavinds Vej 42,7200, Grindsted,480000 ,29-09-1998,Alm. Salg,71,6761,4,1955,
530,Villa,Nørrevej 28,7200, Grindsted,634372 ,29-09-1998,Alm. Salg,267,2376,8,1977,
530,Villa,Norgesvej 13,7200, Grindsted,944918 ,29-09-1998,Alm. Salg,135,6999,5,1971,
530,Rækkehus,Sønderkær 457,7190, Billund,633086 ,28-09-1998,Alm. Salg,77,8222,3,1985,
530,Villa,Søllingdalvej 60,7250, Hejnsvig,451000 ,28-09-1998,Fam. Salg,116,3888,5,1976,
530,Villa,Sønderhedevej 6,7200, Grindsted,1070000 ,27-09-1998,Alm. Salg,191,5602,8,1973,
530,Villa,Skjoldbjergvej 36,6623, Vorbasse,476000 ,24-09-1998,Alm. Salg,125,3808,5,1956,
530,Villa,Jernbanegade 16,7200, Grindsted,1175000 ,24-09-1998,Alm. Salg,110,10682,6,1930,
530,Villa,Smedegårdsvej 7,7200, Grindsted,550000 ,24-09-1998,Alm. Salg,122,4508,5,1956,
530,Villa,Vestervej 8,7200, Grindsted,453610 ,23-09-1998,Alm. Salg,135,3360,5,1924,
530,Villa,Fyrrevænget 215,7190, Billund,901000 ,23-09-1998,Auktion,206,4374,7,1970,
530,Villa,Skovvang 13,7260, Sønder Omme,905572 ,23-09-1998,Alm. Salg,202,4483,7,1970,
530,Villa,Engebækgårdvej 8,7260, Sønder Omme,935504 ,22-09-1998,Alm. Salg,131,7141,5,1939,
530,Villa,Nørreled 23,7200, Grindsted,718454 ,22-09-1998,Andet,188,3822,5,1939,
530,Villa,Søndermarksvej 3,7200, Grindsted,570000 ,22-09-1998,Alm. Salg,235,2426,6,2017,
530,Villa,Fittingvej 14,6623, Vorbasse,709195 ,21-09-1998,Alm. Salg,120,5910,5,1932,
530,Villa,Vilhelmsmindevej 8,7200, Grindsted,53900 ,17-09-1998,Alm. Salg,162,333,6,2011,
530,Villa,Ribersvej 170,7200, Grindsted,925022 ,15-09-1998,Alm. Salg,131,7061,5,1980,
530,Villa,Søndermarksvej 205,7190, Billund,720000 ,15-09-1998,Alm. Salg,123,5854,5,1970,
530,Villa,Nørrevej 19,7200, Grindsted,841076 ,13-09-1998,Alm. Salg,241,3490,7,1973,
530,Villa,Grindstedvej 40,7260, Sønder Omme,540000 ,13-09-1998,Alm. Salg,92,5870,3,1946,
530,Villa,Grønnegade 2,6623, Vorbasse,700000 ,13-09-1998,Alm. Salg,160,4375,5,1978,
530,Villa,Hedegårdsvej 6,7190, Billund,355824 ,13-09-1998,Alm. Salg,142,2506,6,1999,
530,Villa,Engsøparken 87,7200, Grindsted,321000 ,11-09-1998,Alm. Salg,152,2112,5,1999,
530,Villa,Ribersvej 190,7200, Grindsted,839458 ,09-09-1998,Alm. Salg,100,8395,4,1981,
530,Villa,Fyrrevænget 216,7190, Billund,800000 ,08-09-1998,Alm. Salg,126,6349,4,1970,
530,Ejerlejlighed,"Nygade 19E, 1",7200, Grindsted,502882 ,06-09-1998,Alm. Salg,61,8244,2,1985,
530,Villa,Labrivej 20,6623, Vorbasse,138937 ,06-09-1998,Alm. Salg,116,1198,4,1999,
530,Villa,Nollundvej 165,7200, Grindsted,647979 ,06-09-1998,Alm. Salg,150,4320,5,1947,
530,Villa,Kærtoften 7,7200, Grindsted,632456 ,06-09-1998,Alm. Salg,119,5315,4,1966,
530,Villa,Skødebjergvej 18,6623, Vorbasse,750000 ,06-09-1998,Alm. Salg,273,2747,5,1911,
530,Villa,Amtsvejen 33,7200, Grindsted,399066 ,06-09-1998,Alm. Salg,123,3244,4,1920,
530,Villa,Tingstedet 101,7190, Billund,1397500 ,05-09-1998,Alm. Salg,193,7241,8,1998,
530,Rækkehus,Grønningen 2A,7190, Billund,700000 ,04-09-1998,Alm. Salg,81,8642,3,1987,
530,Villa,Elmelunden 211,7190, Billund,615783 ,04-09-1998,Alm. Salg,141,4367,5,1965,
530,Villa,Mølleparken 144,7190, Billund,1230000 ,03-09-1998,Fam. Salg,204,6029,5,1975,
530,Villa,Vestervej 6,7200, Grindsted,600000 ,02-09-1998,Fam. Salg,129,4651,5,1943,
530,Villa,Gilbjergvej 28,7250, Hejnsvig,750000 ,02-09-1998,Alm. Salg,187,4011,6,1872,
530,Villa,Ølgodvej 48,7200, Grindsted,713216 ,01-09-1998,Alm. Salg,269,2651,8,1969,
530,Villa,Islandsvej 4,7200, Grindsted,1045000 ,01-09-1998,Alm. Salg,179,5838,5,1975,
530,Ejerlejlighed,"Grønningen 17, st. th",7200, Grindsted,430000 ,31-08-1998,Alm. Salg,88,4886,3,1968,
530,Villa,Syrenvej 10,7200, Grindsted,783750 ,31-08-1998,Alm. Salg,144,5443,4,1963,
530,Villa,Holdgårdsvej 10,7260, Sønder Omme,643954 ,31-08-1998,Alm. Salg,118,5457,3,1971,
530,Villa,Engsøparken 95,7200, Grindsted,327530 ,30-08-1998,Alm. Salg,176,1861,4,1999,
530,Villa,Lærkevang 1,7200, Grindsted,395000 ,30-08-1998,Auktion,122,3238,3,1961,
530,Villa,Sønderkær 172,7190, Billund,999000 ,30-08-1998,Alm. Salg,149,6705,5,1977,
530,Villa,Skovparken 234,7190, Billund,910000 ,26-08-1998,Alm. Salg,161,5652,4,1968,
530,Villa,Labrivej 4,6623, Vorbasse,1230000 ,26-08-1998,Alm. Salg,162,7593,6,1998,
530,Villa,Lillevang 19,7190, Billund,270518 ,25-08-1998,Alm. Salg,151,1792,6,1999,
530,Villa,Skovgårdsvej 15,7200, Grindsted,1108387 ,25-08-1998,Alm. Salg,235,4717,9,1916,
530,Ejerlejlighed,"Vestergade 14, 1",7200, Grindsted,600000 ,23-08-1998,Alm. Salg,80,7500,4,1900,
530,Villa,Dalbo 37,7200, Grindsted,796871 ,23-08-1998,Alm. Salg,164,4859,5,1977,
530,Villa,Ole Kirks Vej 21,7190, Billund,612500 ,23-08-1998,Alm. Salg,129,4748,3,1956,
530,Villa,Søndre Boulevard 243,7200, Grindsted,1667162 ,23-08-1998,Alm. Salg,175,9527,6,1995,
530,Villa,Lillevang 11,7190, Billund,261818 ,21-08-1998,Alm. Salg,152,1722,6,1999,
530,Villa,Sjælsøvej 4,7200, Grindsted,933042 ,21-08-1998,Alm. Salg,201,4642,8,1974,
530,Villa,Storegade 58,7200, Grindsted,370735 ,20-08-1998,Alm. Salg,153,2423,5,1935,
530,Villa,Bøgevej 3,6623, Vorbasse,650000 ,20-08-1998,Alm. Salg,160,4063,6,1973,
530,Villa,Aakjærsvej 11,7200, Grindsted,375000 ,20-08-1998,Alm. Salg,96,3906,3,1948,
530,Villa,Klinkvej 47,6623, Vorbasse,556000 ,19-08-1998,Alm. Salg,174,3195,6,1930,
530,Villa,Svinget 1,7200, Grindsted,413404 ,19-08-1998,Alm. Salg,117,3533,4,2003,
530,Villa,Kærtoften 14,7200, Grindsted,295955 ,18-08-1998,Fam. Salg,187,1583,7,1965,
530,Villa,Nygade 32,7200, Grindsted,791000 ,18-08-1998,Alm. Salg,120,6592,3,1949,
530,Villa,Søndergade 18,6623, Vorbasse,93100 ,17-08-1998,Alm. Salg,161,578,7,1930,
530,Villa,Østergade 16,6623, Vorbasse,520000 ,17-08-1998,Alm. Salg,164,3171,5,1890,
530,Villa,Torvegade 8,7250, Hejnsvig,750000 ,17-08-1998,Alm. Salg,137,5474,4,1978,
530,Rækkehus,Sydtoften 137,7200, Grindsted,662000 ,16-08-1998,Alm. Salg,82,8073,3,1984,
530,Villa,Parallelvej 2,7260, Sønder Omme,820274 ,16-08-1998,Alm. Salg,101,8122,4,1965,
530,Villa,Frejasvej 5,7200, Grindsted,900000 ,16-08-1998,Alm. Salg,156,5769,5,1971,
530,Villa,Engvangen 1,7200, Grindsted,595000 ,14-08-1998,Alm. Salg,142,4190,5,1976,
530,Villa,Fittingvej 22,6623, Vorbasse,650000 ,14-08-1998,Alm. Salg,137,4745,5,1914,
530,Villa,Almstokvej 19,7190, Billund,425000 ,10-08-1998,Fam. Salg,180,2361,9,1900,
530,Villa,Finlandsvej 8,7200, Grindsted,1168000 ,10-08-1998,Alm. Salg,162,7210,6,1968,
530,Villa,Storegade 38,7200, Grindsted,260000 ,10-08-1998,Alm. Salg,81,3210,3,1954,
530,Villa,Skjoldbjergvej 47,6623, Vorbasse,580000 ,10-08-1998,Fam. Salg,88,6591,5,1939,
530,Villa,Lyngvang 19,7260, Sønder Omme,854941 ,09-08-1998,Alm. Salg,149,5738,5,1973,
530,Villa,Almstokvej 13,7190, Billund,535000 ,06-08-1998,Alm. Salg,199,2688,6,1862,
530,Villa,Nebelvej 30,6623, Vorbasse,800000 ,06-08-1998,Alm. Salg,226,3540,7,1928,
530,Villa,Egevænget 103,7190, Billund,1100000 ,06-08-1998,Alm. Salg,304,3618,10,1972,
530,Villa,Mølleparken 234,7190, Billund,1273000 ,06-08-1998,Alm. Salg,224,5683,7,1978,
530,Rækkehus,Åglimt 47,7200, Grindsted,731042 ,05-08-1998,Alm. Salg,94,7777,4,1986,
530,Ejerlejlighed,"Grønningen 15, 1. th",7200, Grindsted,479802 ,05-08-1998,Alm. Salg,88,5452,3,1968,
530,Villa,Grindstedvej 28,7260, Sønder Omme,324054 ,05-08-1998,Alm. Salg,68,4766,2,1946,
530,Villa,Rogusavej 6,7250, Hejnsvig,275000 ,05-08-1998,Alm. Salg,124,2218,5,1973,
530,Villa,Toften 16,7190, Billund,595000 ,05-08-1998,Alm. Salg,181,3287,8,1966,
530,Villa,Lynghedevej 4,7200, Grindsted,1110000 ,04-08-1998,Alm. Salg,203,5468,7,1976,
530,Villa,Gammel Bøvlvej 9,7260, Sønder Omme,450000 ,04-08-1998,Alm. Salg,128,3516,5,1910,
530,Villa,Sønderkær 116,7190, Billund,907118 ,04-08-1998,Alm. Salg,126,7199,4,1977,
530,Rækkehus,Banevej 2,7200, Grindsted,277000 ,03-08-1998,Fam. Salg,104,2663,3,1922,
530,Villa,Slåenvej 3,7200, Grindsted,40000 ,31-07-1998,Alm. Salg,119,336,2,2010,
530,Villa,Tjørnevej 3,7200, Grindsted,675000 ,30-07-1998,Alm. Salg,105,6429,4,1965,
530,Rækkehus,Søndre Boulevard 353,7200, Grindsted,673805 ,29-07-1998,Alm. Salg,81,8319,3,1986,
530,Villa,Søndervang 7,7200, Grindsted,360000 ,28-07-1998,Alm. Salg,152,2368,5,1950,
530,Villa,Mølleparken 246,7190, Billund,925000 ,22-07-1998,Alm. Salg,128,5854,5,1975,
530,Villa,Langesøvej 5,7200, Grindsted,1040000 ,21-07-1998,Alm. Salg,165,6303,5,1975,
530,Villa,Morsbøl Skolevej 22,7200, Grindsted,880000 ,21-07-1998,Alm. Salg,213,4131,8,1901,
530,Rækkehus,Dalsvinget 20A,7200, Grindsted,545000 ,20-07-1998,Alm. Salg,75,7267,3,1978,
530,Rækkehus,Søndervold 24,7200, Grindsted,496831 ,19-07-1998,Alm. Salg,59,8421,2,1989,
530,Villa,Søgårdparken 6,7250, Hejnsvig,188497 ,19-07-1998,Alm. Salg,146,1291,5,1999,
530,Rækkehus,Sydtoften 157,7200, Grindsted,690000 ,17-07-1998,Alm. Salg,86,8023,3,1984,
530,Villa,Engsøparken 55,7200, Grindsted,400000 ,16-07-1998,Alm. Salg,296,1351,8,2000,
530,Villa,Prærien 56,7200, Grindsted,125000 ,16-07-1998,Alm. Salg,148,845,4,1999,
530,Villa,Lillevang 5,7190, Billund,275000 ,14-07-1998,Alm. Salg,146,1884,5,1999,
530,Villa,Urupvej 19,7200, Grindsted,1395000 ,13-07-1998,Alm. Salg,115,12130,5,1914,
530,Villa,Nørrevej 57,7200, Grindsted,850000 ,08-07-1998,Alm. Salg,170,5000,4,1975,
530,Villa,Gyvelvej 10,7200, Grindsted,417045 ,07-07-1998,Fam. Salg,73,5713,4,1960,
530,Rækkehus,Dalsvinget 18E,7200, Grindsted,626000 ,06-07-1998,Alm. Salg,96,6521,4,1978,
530,Villa,Skjoldbjergvej 31,6623, Vorbasse,637000 ,06-07-1998,Alm. Salg,136,4684,4,1954,
530,Rækkehus,Vestre Boulevard 2,7200, Grindsted,228680 ,05-07-1998,Alm. Salg,81,2823,3,1938,
530,Ejerlejlighed,"Jernbanegade 7, 1",7200, Grindsted,1100000 ,05-07-1998,Alm. Salg,161,6832,5,1917,
530,Villa,Filsøvej 1,7200, Grindsted,870805 ,05-07-1998,Alm. Salg,121,7197,5,1973,
530,Villa,Rugbjergvej 61,6623, Vorbasse,1607533 ,01-07-1998,Alm. Salg,190,8461,6,1981,
530,Villa,Dalsøvej 17,7200, Grindsted,1195000 ,30-06-1998,Alm. Salg,225,5311,8,1975,
530,Villa,Købmandsvej 5,6623, Vorbasse,197260 ,30-06-1998,Alm. Salg,167,1181,5,1998,
530,Rækkehus,Søndre Boulevard 393,7200, Grindsted,661000 ,29-06-1998,Alm. Salg,81,8160,3,1987,
530,Villa,Tingstedet 34,7190, Billund,1400000 ,29-06-1998,Alm. Salg,144,9722,6,1998,
530,Villa,Nørre Alle 18,7200, Grindsted,566633 ,29-06-1998,Alm. Salg,115,4927,5,1938,
530,Villa,Knurborgvej 2,6623, Vorbasse,500000 ,29-06-1998,Alm. Salg,114,4386,4,1910,
530,Villa,Tingstedet 93,7190, Billund,297760 ,29-06-1998,Alm. Salg,165,1805,6,1998,
530,Villa,Tingstedet 107,7190, Billund,1350000 ,29-06-1998,Alm. Salg,159,8491,7,1998,
530,Villa,Bækkevej 32,6623, Vorbasse,819121 ,29-06-1998,Alm. Salg,161,5088,4,1955,
530,Villa,Pilevej 6,7200, Grindsted,617000 ,29-06-1998,Alm. Salg,150,4113,6,1961,
530,Villa,Grønnegade 4,6623, Vorbasse,650000 ,29-06-1998,Alm. Salg,127,5118,4,1979,
530,Villa,Søndervold 315,7200, Grindsted,1278273 ,29-06-1998,Alm. Salg,153,8355,5,1994,
530,Villa,Søndermarksvej 115,7190, Billund,1200000 ,29-06-1998,Alm. Salg,227,5286,7,1969,
530,Villa,Stationsvej 13A,7200, Grindsted,798000 ,29-06-1998,Alm. Salg,130,6138,5,1924,
530,Rækkehus,Sønderkær 453,7190, Billund,929584 ,28-06-1998,Alm. Salg,135,6886,5,1983,
530,Villa,Nygade 8,7200, Grindsted,364056 ,28-06-1998,Alm. Salg,138,2638,5,1925,
530,Villa,Holdgårdsvej 12,7260, Sønder Omme,100000 ,28-06-1998,Fam. Salg,165,606,5,0,
530,Villa,Søndermarksvej 309,7190, Billund,1088503 ,26-06-1998,Alm. Salg,218,4993,6,1970,
530,Villa,Dalbo 74,7200, Grindsted,826927 ,25-06-1998,Alm. Salg,191,4329,6,1978,
530,Villa,Vejle Landevej 53,7200, Grindsted,210000 ,25-06-1998,Alm. Salg,103,2039,4,1952,
530,Ejerlejlighed,"Grønningen 13, 2. th",7200, Grindsted,447910 ,24-06-1998,Alm. Salg,88,5090,3,1967,
530,Villa,Flintemarken 27,7190, Billund,1155000 ,24-06-1998,Alm. Salg,137,8431,5,1988,
530,Villa,Nørremarksvej 5,7200, Grindsted,650000 ,23-06-1998,Fam. Salg,250,2600,6,1924,
530,Villa,Lillevang 7,7190, Billund,308135 ,21-06-1998,Alm. Salg,155,1988,6,1998,
530,Villa,Engsøparken 23,7200, Grindsted,330000 ,21-06-1998,Alm. Salg,212,1557,5,2000,
530,Villa,Kolstrupvej 22,7200, Grindsted,366852 ,21-06-1998,Fam. Salg,114,3218,3,1919,
530,Villa,Sønderkær 134,7190, Billund,955000 ,21-06-1998,Alm. Salg,154,6201,6,1977,
530,Villa,Mølleparken 354,7190, Billund,907384 ,18-06-1998,Alm. Salg,131,6927,5,1981,
530,Villa,Tingstedet 103,7190, Billund,1411000 ,18-06-1998,Alm. Salg,169,8349,6,1998,
530,Villa,Klodhøjvej 6,7250, Hejnsvig,673300 ,18-06-1998,Alm. Salg,112,6012,4,1940,
530,Villa,Vesterled 5,7260, Sønder Omme,786387 ,18-06-1998,Alm. Salg,185,4251,6,1962,
530,Villa,Tingstedet 3,7190, Billund,1410536 ,18-06-1998,Alm. Salg,158,8927,6,1998,
530,Villa,Nyvej 3,7250, Hejnsvig,448194 ,17-06-1998,Alm. Salg,58,7727,2,1961,
530,Villa,Sognegårdsvej 2,7200, Grindsted,85000 ,17-06-1998,Alm. Salg,210,405,6,1998,
530,Villa,Plougslundvej 159,7190, Billund,1120229 ,16-06-1998,Alm. Salg,203,5518,6,1973,
530,Villa,Lupinvænget 41,7200, Grindsted,634320 ,15-06-1998,Alm. Salg,98,6473,4,1963,
530,Villa,Grønvang 28,7260, Sønder Omme,250000 ,15-06-1998,Alm. Salg,116,2155,3,1953,
530,Villa,Amtsvejen 8,7200, Grindsted,315500 ,15-06-1998,Andet,261,1209,4,1910,
530,Villa,Herningvej 12,7260, Sønder Omme,546008 ,14-06-1998,Alm. Salg,97,5629,2,1946,
530,Villa,Bogfinkevej 9,7190, Billund,882500 ,14-06-1998,Alm. Salg,150,5883,5,1971,
530,Villa,Engvej 21,7200, Grindsted,1600000 ,11-06-1998,Alm. Salg,174,9195,7,1914,
530,Villa,Daltoften 31,7200, Grindsted,855000 ,11-06-1998,Fam. Salg,123,6951,4,1977,
530,Villa,Søndervold 262,7200, Grindsted,340000 ,11-06-1998,Alm. Salg,177,1921,4,1999,
530,Villa,Engsøparken 25,7200, Grindsted,330000 ,11-06-1998,Alm. Salg,159,2075,6,1999,
530,Villa,Parallelvej 10,7260, Sønder Omme,1027393 ,10-06-1998,Alm. Salg,149,6189,6,1972,
530,Villa,Ravlundvej 16,7200, Grindsted,506550 ,10-06-1998,Alm. Salg,173,2928,5,1886,
530,Villa,Løvlundvej 13B,7190, Billund,2500000 ,10-06-1998,Andet,263,9506,8,1965,
530,Villa,Amtsvejen 45,7200, Grindsted,170000 ,08-06-1998,Alm. Salg,196,867,6,1998,
530,Rækkehus,Sønderkær 467,7190, Billund,604658 ,07-06-1998,Alm. Salg,82,7374,3,1982,
530,Villa,Dalsøvej 54,7200, Grindsted,875000 ,07-06-1998,Alm. Salg,118,7415,4,1977,
530,Villa,Søndermarksvej 208,7190, Billund,1751695 ,05-06-1998,Alm. Salg,171,5491,6,1980,
530,Villa,Spurvevej 9,7200, Grindsted,600000 ,04-06-1998,Fam. Salg,120,5000,2,1959,
530,Ejerlejlighed,"Bredgade 69, 1",7250, Hejnsvig,516823 ,03-06-1998,Alm. Salg,53,9751,3,1918,
530,Villa,Mølleparken 136,7190, Billund,1137948 ,03-06-1998,Alm. Salg,161,7068,5,1975,
530,Villa,Ølgodvej 48,7200, Grindsted,704860 ,03-06-1998,Alm. Salg,269,2620,8,1969,
530,Villa,"Bredgade 69, st",7250, Hejnsvig,516823 ,03-06-1998,Alm. Salg,146,3540,5,1918,
530,Rækkehus,Svinget 15,7200, Grindsted,764118 ,01-06-1998,Alm. Salg,117,6531,3,0,
530,Ejerlejlighed,"Nørregade 5, 1",7200, Grindsted,2200000 ,01-06-1998,Alm. Salg,234,9402,7,1915,
530,Villa,Langagervej 1,7190, Billund,480000 ,31-05-1998,Fam. Salg,102,4706,3,1980,
530,Rækkehus,Rønnebærvej 25,7200, Grindsted,590000 ,28-05-1998,Alm. Salg,86,6860,4,1967,
530,Ejerlejlighed,"Grønningen 23, 1. tv",7200, Grindsted,491000 ,28-05-1998,Alm. Salg,88,5580,3,1968,
530,Villa,Jasminvej 3,7200, Grindsted,1234784 ,28-05-1998,Alm. Salg,162,7622,6,1981,
530,Villa,Åglimt 9,7200, Grindsted,504029 ,28-05-1998,Alm. Salg,102,4941,2,1952,
530,Villa,Dalagervej 4,6623, Vorbasse,141212 ,27-05-1998,Alm. Salg,134,1054,4,1998,
530,Villa,Markskellet 110,7190, Billund,1149050 ,26-05-1998,Alm. Salg,167,6881,6,1987,
530,Ejerlejlighed,"Nygade 19G, st",7200, Grindsted,567014 ,25-05-1998,Alm. Salg,62,9145,2,1985,
530,Villa,Lupinvænget 5,7200, Grindsted,625000 ,25-05-1998,Alm. Salg,98,6378,4,1963,
530,Villa,Nørager 51,7260, Sønder Omme,825000 ,24-05-1998,Alm. Salg,160,5156,6,1980,
530,Villa,Hedelykkevej 11,7200, Grindsted,324000 ,24-05-1998,Auktion,204,1588,9,1970,
530,Villa,Vestre Boulevard 32,7200, Grindsted,735000 ,21-05-1998,Alm. Salg,102,7206,4,1960,
530,Villa,Elmevangen 15,7200, Grindsted,584287 ,21-05-1998,Alm. Salg,193,3027,6,1960,
530,Villa,Markskellet 1,7190, Billund,1100000 ,21-05-1998,Alm. Salg,149,7383,6,1997,
530,Villa,Labrivej 2,6623, Vorbasse,93600 ,21-05-1998,Alm. Salg,120,780,4,1998,
530,Villa,Søgårdvej 85,7250, Hejnsvig,1087618 ,19-05-1998,Alm. Salg,138,7881,4,1980,
530,Villa,Søndermarksvej 3,7200, Grindsted,1494848 ,19-05-1998,Alm. Salg,235,6361,6,2017,
530,Villa,Nebelvej 7,6623, Vorbasse,500000 ,19-05-1998,Fam. Salg,101,4950,3,1951,
530,Rækkehus,Rønnebærvej 23,7200, Grindsted,656473 ,18-05-1998,Alm. Salg,86,7633,4,1967,
530,Rækkehus,Sydtoften 133,7200, Grindsted,625000 ,18-05-1998,Alm. Salg,82,7622,3,1984,
530,Villa,Daugårdvej 20,7250, Hejnsvig,625000 ,18-05-1998,Alm. Salg,205,3049,6,1940,
530,Villa,Julsøvej 1,7200, Grindsted,976737 ,18-05-1998,Alm. Salg,142,6878,5,1973,
530,Villa,Stationsvej 19,7200, Grindsted,684815 ,17-05-1998,Alm. Salg,146,4691,6,1960,
530,Villa,Eg Mejerivej 5,7200, Grindsted,410000 ,17-05-1998,Andet,117,3504,6,1949,
530,Villa,Stenhøjvej 14,7250, Hejnsvig,747533 ,17-05-1998,Alm. Salg,129,5795,4,1975,
530,Villa,Plougslundvej 125,7190, Billund,889284 ,17-05-1998,Alm. Salg,141,6307,5,1973,
530,Villa,Grindsted Landevej 69,7200, Grindsted,210000 ,17-05-1998,Auktion,125,1680,6,1922,
530,Villa,Bøvlvej 191,7260, Sønder Omme,628720 ,14-05-1998,Alm. Salg,121,5196,4,1965,
530,Villa,Grønvang 8,7260, Sønder Omme,470000 ,14-05-1998,Alm. Salg,98,4796,3,1952,
530,Villa,Engsøparken 11,7200, Grindsted,320000 ,13-05-1998,Alm. Salg,168,1905,6,1998,
530,Villa,Mandøvej 5,7200, Grindsted,950381 ,13-05-1998,Alm. Salg,140,6788,5,1970,
530,Villa,Blichersvej 14,7200, Grindsted,1050000 ,12-05-1998,Alm. Salg,146,7192,4,1940,
530,Villa,Grindsted Landevej 79,7200, Grindsted,614078 ,12-05-1998,Alm. Salg,111,5532,6,1922,
530,Villa,Egeparken 12,7260, Sønder Omme,154000 ,10-05-1998,Alm. Salg,154,1000,5,1998,
530,Villa,Labrivej 13,6623, Vorbasse,156812 ,10-05-1998,Alm. Salg,172,912,6,1998,
530,Rækkehus,Sønderkær 457,7190, Billund,586000 ,06-05-1998,Alm. Salg,77,7610,3,1985,
530,Villa,Elmevangen 6,7200, Grindsted,632951 ,06-05-1998,Alm. Salg,116,5456,5,1961,
530,Villa,Dalsvinget 52,7200, Grindsted,1030000 ,06-05-1998,Alm. Salg,152,6776,6,1977,
530,Villa,Søndermarksvej 313,7190, Billund,788000 ,06-05-1998,Alm. Salg,131,6015,5,1970,
530,Villa,Bredsten Landevej 202,7200, Grindsted,411317 ,06-05-1998,Alm. Salg,147,2798,5,1952,
530,Villa,Gammel Bøvlvej 13,7260, Sønder Omme,637291 ,04-05-1998,Alm. Salg,172,3408,5,1930,
530,Villa,Gammel Bøvlvej 29B,7260, Sønder Omme,707309 ,04-05-1998,Alm. Salg,178,3974,6,1974,
530,Villa,Amtsvejen 7,7200, Grindsted,661464 ,04-05-1998,Alm. Salg,152,4352,6,1955,
530,Villa,Storegade 40,7200, Grindsted,481000 ,01-05-1998,Fam. Salg,104,4625,6,1955,
530,Villa,Nymarksvej 4,7200, Grindsted,1500000 ,30-04-1998,Alm. Salg,156,9146,6,1977,
530,Ejerlejlighed,"Banegårdsvej 3B, 2. mf",7200, Grindsted,468434 ,28-04-1998,Alm. Salg,61,7679,2,1988,
530,Villa,Ole Kirks Vej 8,7190, Billund,1470413 ,28-04-1998,Alm. Salg,228,6449,6,1952,
530,Villa,Jyllandsgade 27,7200, Grindsted,1030000 ,28-04-1998,Alm. Salg,183,5628,6,1922,
530,Villa,Kobjergvej 12,7190, Billund,900000 ,27-04-1998,Alm. Salg,231,3896,5,1917,
530,Villa,Mølleparken 256,7190, Billund,1032893 ,27-04-1998,Alm. Salg,152,6795,5,1975,
530,Ejerlejlighed,"Nygade 19F, st",7200, Grindsted,505676 ,26-04-1998,Alm. Salg,61,8290,2,1985,
530,Villa,Solbakken 32,7260, Sønder Omme,856876 ,26-04-1998,Alm. Salg,140,6121,5,1975,
530,Villa,Vibes Alle 17,7200, Grindsted,653375 ,26-04-1998,Alm. Salg,94,6951,3,1939,
530,Villa,Langgade 16,7250, Hejnsvig,730000 ,24-04-1998,Alm. Salg,170,4294,9,1956,
530,Villa,Skolegyden 1,7200, Grindsted,448000 ,23-04-1998,Alm. Salg,184,2435,5,1952,
530,Villa,Vibes Alle 10,7200, Grindsted,574512 ,22-04-1998,Alm. Salg,183,3139,6,1951,
530,Villa,Engsøparken 15,7200, Grindsted,348000 ,22-04-1998,Alm. Salg,195,1785,5,1998,
530,Villa,Flintemarken 65,7190, Billund,1242862 ,21-04-1998,Alm. Salg,130,9560,5,1988,
530,Villa,Engsøparken 89,7200, Grindsted,350000 ,20-04-1998,Alm. Salg,198,1768,5,1999,
530,Villa,Skjoldbjergvej 37,6623, Vorbasse,191085 ,20-04-1998,Alm. Salg,107,1786,5,1961,
530,Villa,Langgade 45,7250, Hejnsvig,447000 ,20-04-1998,Alm. Salg,101,4426,4,1977,
530,Ejerlejlighed,"Banegårdsvej 3A, 1. tv",7200, Grindsted,471070 ,19-04-1998,Alm. Salg,66,7137,2,1988,
530,Villa,Egeparken 24,7260, Sønder Omme,151000 ,19-04-1998,Alm. Salg,179,844,6,1998,
530,Villa,Kolstrupvej 26,7200, Grindsted,779500 ,18-04-1998,Alm. Salg,89,8758,4,1947,
530,Rækkehus,Markskellet 21,7190, Billund,713803 ,17-04-1998,Alm. Salg,81,8812,3,1988,
530,Villa,Åvej 4,7260, Sønder Omme,479352 ,17-04-1998,Alm. Salg,106,4522,5,1934,
530,Villa,Knudsøvej 1,7200, Grindsted,451222 ,16-04-1998,Alm. Salg,138,3270,5,1974,
530,Ejerlejlighed,"Grønningen 5, 1. th",7200, Grindsted,375509 ,15-04-1998,Alm. Salg,100,3755,4,1967,
530,Villa,Nebelvej 30,6623, Vorbasse,1678327 ,15-04-1998,Alm. Salg,226,7426,7,1928,
530,Villa,Nørregade 16,6623, Vorbasse,170000 ,14-04-1998,Alm. Salg,80,2125,3,1920,
530,Villa,Tingstedet 26,7190, Billund,980296 ,13-04-1998,Alm. Salg,162,6051,6,1994,
530,Villa,Sognegårdsvej 2,7200, Grindsted,55750 ,13-04-1998,Alm. Salg,210,265,6,1998,
530,Villa,Skjoldbjergvej 3,6623, Vorbasse,575000 ,11-04-1998,Alm. Salg,223,2578,8,1906,
530,Villa,Markskellet 80,7190, Billund,1293035 ,07-04-1998,Alm. Salg,151,8563,5,1987,
530,Villa,Vilhelmsmindevej 8,7200, Grindsted,250000 ,07-04-1998,Alm. Salg,162,1543,6,2011,
530,Villa,Langmosevej 10,7250, Hejnsvig,125935 ,07-04-1998,Alm. Salg,162,777,6,2000,
530,Villa,Lærkevang 4,7200, Grindsted,485135 ,06-04-1998,Alm. Salg,95,5107,5,1950,
530,Villa,Tronsø Parkvej 15,7200, Grindsted,884664 ,05-04-1998,Alm. Salg,182,4861,6,1964,
530,Villa,Elmelunden 111,7190, Billund,700000 ,05-04-1998,Alm. Salg,103,6796,4,1963,
530,Villa,Sønderkær 520,7190, Billund,1019529 ,05-04-1998,Alm. Salg,131,7783,5,1979,
530,Villa,Nollundvej 164,7200, Grindsted,631707 ,02-04-1998,Alm. Salg,243,2600,6,1922,
530,Villa,Floravej 2,7200, Grindsted,647293 ,02-04-1998,Andet,73,8867,3,1937,
530,Villa,Finlandsvej 9,7200, Grindsted,1151220 ,01-04-1998,Alm. Salg,173,6654,5,1969,
530,Villa,Engsøparken 57,7200, Grindsted,400000 ,01-04-1998,Alm. Salg,258,1550,6,2000,
530,Villa,Engsøparken 53,7200, Grindsted,375000 ,01-04-1998,Alm. Salg,192,1953,5,1998,
530,Villa,Toften 17,7200, Grindsted,582247 ,01-04-1998,Alm. Salg,113,5153,4,1974,
530,Villa,Søgårdparken 24,7250, Hejnsvig,164000 ,31-03-1998,Alm. Salg,180,911,6,1998,
530,Rækkehus,Markskellet 34,7190, Billund,612205 ,30-03-1998,Alm. Salg,67,9137,3,1988,
530,Rækkehus,Søndre Boulevard 381,7200, Grindsted,573225 ,29-03-1998,Alm. Salg,81,7077,3,1987,
530,Rækkehus,Lysningen 40,7190, Billund,699015 ,29-03-1998,Alm. Salg,95,7358,4,1986,
530,Villa,Birkevangen 3,7200, Grindsted,760000 ,29-03-1998,Fam. Salg,191,3979,8,1963,
530,Villa,Billundvej 1,7250, Hejnsvig,687259 ,28-03-1998,Alm. Salg,130,5287,3,1965,
530,Villa,Brombærvej 14,7200, Grindsted,1010000 ,28-03-1998,Alm. Salg,150,6733,4,1970,
530,Villa,Toften 14,7200, Grindsted,949887 ,28-03-1998,Alm. Salg,160,5937,5,1976,
530,Villa,Kløvervænget 11,7200, Grindsted,432903 ,28-03-1998,Andet,158,2740,5,1964,
530,Villa,Sverrigsvej 5,7200, Grindsted,798498 ,27-03-1998,Alm. Salg,139,5745,5,1969,
530,Villa,Engsøparken 21,7200, Grindsted,303000 ,27-03-1998,Alm. Salg,258,1174,5,1998,
530,Villa,Skrænten 4,7250, Hejnsvig,631448 ,26-03-1998,Alm. Salg,144,4385,4,1979,
530,Villa,Tingstedet 7,7190, Billund,1325000 ,26-03-1998,Alm. Salg,142,9331,4,1994,
530,Villa,Kirkebyvej 144,7260, Sønder Omme,518000 ,25-03-1998,Alm. Salg,173,2994,5,2001,
530,Villa,Flintemarken 28,7190, Billund,1310514 ,24-03-1998,Alm. Salg,149,8795,5,1994,
530,Rækkehus,Markskellet 60,7190, Billund,795000 ,23-03-1998,Alm. Salg,94,8457,4,1990,
530,Villa,Toften 8,7190, Billund,876178 ,23-03-1998,Alm. Salg,181,4841,6,2018,
530,Villa,Åmosevej 2,7200, Grindsted,900000 ,23-03-1998,Alm. Salg,156,5769,5,1900,
530,Villa,Kærtoften 3B,7200, Grindsted,495000 ,23-03-1998,Alm. Salg,132,3750,5,1923,
530,Villa,Østervænget 8,6623, Vorbasse,765000 ,19-03-1998,Alm. Salg,117,6538,4,1988,
530,Villa,Vilhelmsmindevej 8,7200, Grindsted,930000 ,18-03-1998,Alm. Salg,162,5741,6,2011,
530,Villa,Nygade 2,6623, Vorbasse,616197 ,11-03-1998,Alm. Salg,132,4668,5,1971,
530,Villa,Tingstedet 34,7190, Billund,237780 ,09-03-1998,Alm. Salg,144,1651,6,1998,
530,Villa,Bredgade 83,7250, Hejnsvig,566200 ,05-03-1998,Alm. Salg,95,5960,3,1946,
530,Villa,Bækkevej 32,6623, Vorbasse,194600 ,04-03-1998,Alm. Salg,161,1209,4,1955,
530,Villa,Sønderkær 102,7190, Billund,972689 ,04-03-1998,Alm. Salg,143,6802,5,1976,
530,Villa,Sønderkær 120,7190, Billund,786730 ,04-03-1998,Alm. Salg,104,7565,4,1977,
530,Villa,Svinget 9,7200, Grindsted,389929 ,04-03-1998,Alm. Salg,90,4333,3,1956,
530,Rækkehus,Sønderkær 335,7190, Billund,300923 ,03-03-1998,Alm. Salg,91,3307,3,1980,
530,Ejerlejlighed,"Banegårdsvej 17, st",7200, Grindsted,527985 ,03-03-1998,Alm. Salg,68,7764,2,1987,
530,Villa,Odinsvej 24,7200, Grindsted,970538 ,02-03-1998,Alm. Salg,229,4238,11,1972,
530,Villa,Ribersvej 172,7200, Grindsted,980000 ,02-03-1998,Alm. Salg,131,7481,5,1980,
530,Villa,Hedegårdsvej 20,7190, Billund,294574 ,02-03-1998,Alm. Salg,161,1830,6,1998,
530,Villa,Kobjergvej 21,7190, Billund,550000 ,01-03-1998,Alm. Salg,200,2750,7,1932,
530,Villa,Blåhøjvej 3,7200, Grindsted,60111 ,01-03-1998,Alm. Salg,209,288,10,1930,
530,Villa,Havnevej 2,6623, Vorbasse,340000 ,01-03-1998,Alm. Salg,150,2267,4,1902,
530,Villa,Amtsvejen 20,7200, Grindsted,450000 ,01-03-1998,Alm. Salg,93,4839,3,1959,
530,Rækkehus,Dalsøvej 159A,7200, Grindsted,517101 ,25-02-1998,Alm. Salg,82,6306,3,1985,
530,Ejerlejlighed,"Grønningen 3, 1. th",7200, Grindsted,290386 ,25-02-1998,Alm. Salg,53,5479,2,1967,
530,Villa,Lupinvænget 19,7200, Grindsted,486660 ,25-02-1998,Alm. Salg,98,4966,3,1963,
530,Villa,Nørrevej 43B,7200, Grindsted,50000 ,25-02-1998,Alm. Salg,137,365,4,2001,
530,Villa,Skolegyden 18,7200, Grindsted,575000 ,25-02-1998,Alm. Salg,170,3382,6,1979,
530,Villa,Hybenvej 3,7200, Grindsted,946217 ,25-02-1998,Alm. Salg,131,7223,4,1967,
530,Rækkehus,Sønderkær 425A,7190, Billund,625405 ,24-02-1998,Alm. Salg,77,8122,3,1986,
530,Villa,Hørlycks Alle 10,7200, Grindsted,1153599 ,24-02-1998,Alm. Salg,231,4994,6,1961,
530,Ejerlejlighed,"Grønningen 21, 2. th",7200, Grindsted,439685 ,22-02-1998,Alm. Salg,100,4397,4,1968,
530,Villa,Jørgen Glavinds Vej 1A,7200, Grindsted,410768 ,21-02-1998,Alm. Salg,126,3260,5,1957,
530,Villa,Møllegade 3,6623, Vorbasse,570000 ,20-02-1998,Alm. Salg,204,2794,5,1915,
530,Villa,Midtgårdvej 21,7200, Grindsted,801329 ,20-02-1998,Alm. Salg,119,6734,4,1986,
530,Villa,Drivvejen 8,6623, Vorbasse,640000 ,20-02-1998,Alm. Salg,125,5120,5,1977,
530,Villa,Nollundvej 84,7200, Grindsted,735668 ,19-02-1998,Alm. Salg,242,3040,6,1948,
530,Villa,Tingstedet 101,7190, Billund,172728 ,19-02-1998,Alm. Salg,193,895,8,1998,
530,Villa,Tingstedet 99,7190, Billund,179021 ,19-02-1998,Alm. Salg,195,918,7,1998,
530,Villa,Tingstedet 114,7190, Billund,229653 ,19-02-1998,Alm. Salg,159,1444,7,1999,
530,Villa,Vestergade 74,7200, Grindsted,1320570 ,19-02-1998,Alm. Salg,196,6738,5,1970,
530,Villa,Gammel Bøvlvej 43,7260, Sønder Omme,610000 ,19-02-1998,Alm. Salg,131,4656,5,1965,
530,Villa,Enevej 14,7200, Grindsted,850000 ,18-02-1998,Alm. Salg,128,6641,4,1976,
530,Villa,Vibes Alle 19,7200, Grindsted,698715 ,18-02-1998,Alm. Salg,89,7851,3,1947,
530,Villa,Solvangen 13,7200, Grindsted,549607 ,18-02-1998,Alm. Salg,124,4432,4,1965,
530,Villa,Danmarksvej 1,7200, Grindsted,847105 ,18-02-1998,Alm. Salg,160,5294,5,1971,
530,Rækkehus,Sønderkær 423A,7190, Billund,635749 ,17-02-1998,Alm. Salg,77,8256,3,1986,
530,Villa,Blåhøjvej 1,7200, Grindsted,222000 ,17-02-1998,Alm. Salg,83,2675,5,1955,
530,Villa,Plougslundvej 209,7190, Billund,893785 ,17-02-1998,Alm. Salg,141,6339,5,1974,
530,Villa,Mølleparken 268,7190, Billund,454034 ,17-02-1998,Alm. Salg,280,1622,10,1975,
530,Villa,Nebelvej 12,6623, Vorbasse,720000 ,17-02-1998,Alm. Salg,109,6606,5,1996,
530,Villa,Bygvænget 16,7200, Grindsted,525000 ,17-02-1998,Alm. Salg,92,5707,3,1963,
530,Villa,Kobjergvej 21,7190, Billund,1200000 ,16-02-1998,Alm. Salg,200,6000,7,1932,
530,Villa,Tværvej 6,7260, Sønder Omme,900000 ,15-02-1998,Alm. Salg,141,6383,4,1936,
530,Villa,Lærkevej 18,7190, Billund,765000 ,15-02-1998,Alm. Salg,143,5350,4,1961,
530,Villa,Flintemarken 75,7190, Billund,1148687 ,14-02-1998,Alm. Salg,156,7363,7,1987,
530,Villa,Kobjergvej 5A,7190, Billund,1068000 ,12-02-1998,Alm. Salg,169,6320,4,1910,
530,Villa,Sønderkær 228,7190, Billund,998252 ,12-02-1998,Alm. Salg,154,6482,5,1978,
530,Villa,Åmarkvej 8,7200, Grindsted,864997 ,11-02-1998,Alm. Salg,181,4779,7,1972,
530,Rækkehus,Nørager 95,7260, Sønder Omme,462938 ,10-02-1998,Alm. Salg,64,7233,2,1981,
530,Rækkehus,Sydtoften 21,7200, Grindsted,680000 ,10-02-1998,Alm. Salg,82,8293,2,1983,
530,Villa,Kratvej 8,6623, Vorbasse,950000 ,10-02-1998,Alm. Salg,214,4439,7,1931,
530,Villa,Egebjerg Landevej 48,7250, Hejnsvig,451957 ,10-02-1998,Alm. Salg,145,3117,4,1935,
530,Villa,Skjoldbjergvej 13,6623, Vorbasse,677328 ,09-02-1998,Alm. Salg,139,4873,4,1953,
530,Villa,Stadion Alle 26,7260, Sønder Omme,365000 ,09-02-1998,Alm. Salg,109,3349,4,1948,
530,Ejerlejlighed,"Grønningen 9, 1. th",7200, Grindsted,461009 ,08-02-1998,Alm. Salg,88,5239,3,1967,
530,Villa,Labrivej 9,6623, Vorbasse,167212 ,08-02-1998,Alm. Salg,157,1065,5,1998,
530,Villa,Skovparken 226,7190, Billund,858324 ,05-02-1998,Alm. Salg,171,5019,6,1965,
530,Villa,Rødsøvej 11,7200, Grindsted,1060000 ,05-02-1998,Fam. Salg,178,5955,6,1973,
530,Ejerlejlighed,"Nygade 19B, 1",7200, Grindsted,548000 ,04-02-1998,Alm. Salg,79,6937,3,1988,
530,Villa,Knurborgvej 2,6623, Vorbasse,911000 ,04-02-1998,Alm. Salg,114,7991,4,1910,
530,Villa,Solvangen 15,7200, Grindsted,600000 ,04-02-1998,Alm. Salg,133,4511,3,1966,
530,Villa,Rosenvej 7,7200, Grindsted,560000 ,04-02-1998,Alm. Salg,128,4375,4,1978,
530,Villa,Gl. Grenevej 3,6623, Vorbasse,1052000 ,04-02-1998,Alm. Salg,363,2898,12,1974,
530,Villa,Lupinvænget 26,7200, Grindsted,820000 ,03-02-1998,Alm. Salg,101,8119,3,1963,
530,Villa,Mølleparken 288,7190, Billund,869774 ,03-02-1998,Alm. Salg,175,4970,5,1975,
530,Rækkehus,Markskellet 6,7190, Billund,773047 ,02-02-1998,Alm. Salg,124,6234,5,1987,
530,Villa,Tingstedet 3,7190, Billund,231780 ,02-02-1998,Alm. Salg,158,1467,6,1998,
530,Villa,Flintemarken 23,7190, Billund,1105000 ,02-02-1998,Fam. Salg,141,7837,6,1991,
530,Villa,Gilbjergvej 28,7250, Hejnsvig,1590000 ,30-01-1998,Alm. Salg,187,8503,6,1872,
530,Villa,Ribersvej 50,7200, Grindsted,895000 ,29-01-1998,Alm. Salg,127,7047,5,1978,
530,Villa,Frederiksberg Alle 13,7200, Grindsted,721859 ,29-01-1998,Alm. Salg,120,6015,4,1950,
530,Villa,Markskellet 5,7190, Billund,1077032 ,29-01-1998,Alm. Salg,108,9973,4,1998,
530,Villa,Blåbærvej 4,7200, Grindsted,565000 ,28-01-1998,Alm. Salg,108,5231,4,1965,
530,Rækkehus,Søndre Boulevard 359,7200, Grindsted,618600 ,27-01-1998,Alm. Salg,81,7637,3,1987,
530,Villa,Fromssejervej 16,6623, Vorbasse,477568 ,27-01-1998,Alm. Salg,109,4381,4,1965,
530,Rækkehus,Vestre Boulevard 10,7200, Grindsted,515706 ,26-01-1998,Alm. Salg,105,4911,4,1932,
530,Villa,Tingstedet 55,7190, Billund,1272863 ,26-01-1998,Alm. Salg,147,8659,6,1997,
530,Villa,Nørrevej 41B,7200, Grindsted,50000 ,25-01-1998,Alm. Salg,217,230,8,1998,
530,Villa,Tingstedet 100,7190, Billund,308397 ,25-01-1998,Alm. Salg,192,1606,5,1999,
530,Villa,Ølgodvej 22,7200, Grindsted,1060040 ,25-01-1998,Alm. Salg,170,6236,6,1927,
530,Villa,Søndervold 264,7200, Grindsted,1204606 ,25-01-1998,Alm. Salg,142,8483,5,1997,
530,Villa,Refshøjvej 15,7200, Grindsted,110000 ,25-01-1998,Alm. Salg,264,417,8,1898,
530,Villa,Postgade 6,7200, Grindsted,390000 ,25-01-1998,Alm. Salg,130,3000,4,1925,
530,Villa,Dalagervej 2,6623, Vorbasse,139262 ,23-01-1998,Alm. Salg,100,1393,4,1998,
530,Villa,Tingvejen 431,7200, Grindsted,250000 ,22-01-1998,Andet,108,2315,4,1965,
530,Villa,Julsøvej 7,7200, Grindsted,1050000 ,22-01-1998,Fam. Salg,208,5048,6,1973,
530,Villa,Rødsøvej 15,7200, Grindsted,995000 ,22-01-1998,Alm. Salg,162,6142,6,1973,
530,Villa,Præstevænget 3,7250, Hejnsvig,505000 ,22-01-1998,Alm. Salg,121,4174,5,1957,
530,Rækkehus,Jørgen Glavinds Vej 25,7200, Grindsted,551306 ,21-01-1998,Alm. Salg,91,6058,4,1957,
530,Villa,Nørrevej 39A,7200, Grindsted,55000 ,21-01-1998,Alm. Salg,167,329,6,1998,
530,Villa,Ole Kirks Vej 17,7190, Billund,406833 ,21-01-1998,Alm. Salg,62,6562,3,1954,
530,Villa,Ølandsvej 5,7200, Grindsted,996278 ,21-01-1998,Alm. Salg,142,7016,5,1971,
530,Villa,Brunbjergvej 52,7200, Grindsted,486168 ,21-01-1998,Alm. Salg,112,4341,8,1962,
530,Villa,Simmelbrovej 25,7200, Grindsted,808986 ,19-01-1998,Alm. Salg,133,6083,5,1932,
530,Villa,Sjællandsgade 10,7200, Grindsted,675000 ,19-01-1998,Alm. Salg,92,7337,3,1955,
530,Villa,Birkeholtvej 19,7200, Grindsted,375000 ,19-01-1998,Alm. Salg,189,1984,6,1929,
530,Villa,Hestkærvej 36,7200, Grindsted,720000 ,19-01-1998,Alm. Salg,155,4645,5,1999,
530,Rækkehus,Lysningen 32,7190, Billund,653000 ,18-01-1998,Alm. Salg,95,6874,4,1986,
530,Villa,Gilbjergvej 8,6623, Vorbasse,605000 ,18-01-1998,Alm. Salg,116,5216,5,1953,
530,Villa,Østervænget 66,6623, Vorbasse,725000 ,16-01-1998,Alm. Salg,118,6144,4,1983,
530,Villa,Gammel Hejnsvigvej 6,7190, Billund,860939 ,15-01-1998,Alm. Salg,150,5740,5,1966,
530,Villa,A G Jensens Vej 4,7250, Hejnsvig,460000 ,15-01-1998,Alm. Salg,161,2857,4,1942,
530,Villa,Primulavej 10,7200, Grindsted,764200 ,14-01-1998,Alm. Salg,162,4717,5,1963,
530,Villa,Vestergade 81,7200, Grindsted,350000 ,13-01-1998,Alm. Salg,145,2414,5,1998,
530,Villa,Jorden Rundt 19,7200, Grindsted,1035000 ,12-01-1998,Alm. Salg,145,7138,5,1957,
530,Villa,Nebelvej 6,6623, Vorbasse,350000 ,12-01-1998,Alm. Salg,87,4023,3,1938,
530,Villa,Tingstedet 34,7190, Billund,237780 ,11-01-1998,Alm. Salg,144,1651,6,1998,
530,Villa,Fyrrevænget 409,7190, Billund,960000 ,11-01-1998,Alm. Salg,168,5714,5,1970,
530,Villa,Bogfinkevej 12,7190, Billund,733230 ,11-01-1998,Alm. Salg,119,6162,5,1964,
530,Villa,Kirkevænget 9,6623, Vorbasse,900000 ,10-01-1998,Alm. Salg,156,5769,5,1990,
530,Villa,Nørrevej 37A,7200, Grindsted,55000 ,08-01-1998,Alm. Salg,164,335,5,1998,
530,Villa,Dalsvinget 60,7200, Grindsted,961135 ,08-01-1998,Alm. Salg,146,6583,5,1978,
530,Villa,Spurvevej 3,7200, Grindsted,612033 ,08-01-1998,Alm. Salg,110,5564,3,1959,
530,Villa,Arresøvej 7,7200, Grindsted,1098000 ,07-01-1998,Alm. Salg,170,6459,5,1973,
530,Ejerlejlighed,"Grønningen 7, st. th",7200, Grindsted,463780 ,05-01-1998,Alm. Salg,88,5270,3,1967,
530,Villa,Toften 24,7190, Billund,550000 ,05-01-1998,Alm. Salg,107,5140,4,1969,
530,Villa,Nørreled 23,7200, Grindsted,718454 ,05-01-1998,Alm. Salg,188,3822,5,1939,
530,Villa,Tingstedet 12,7190, Billund,1385646 ,05-01-1998,Alm. Salg,202,6860,9,1996,
530,Rækkehus,Søndervold 76,7200, Grindsted,521825 ,02-01-1998,Alm. Salg,62,8417,2,1992,
530,Villa,Dalbo 22,7200, Grindsted,806100 ,02-01-1998,Alm. Salg,121,6662,4,1978,
530,Villa,Østergade 13,6623, Vorbasse,684999 ,02-01-1998,Alm. Salg,166,4127,7,1951,
530,Villa,Præstevang 11,7190, Billund,329782 ,31-12-1997,Alm. Salg,105,3141,3,1959,
530,Villa,Åglimt 1B,7200, Grindsted,573850 ,29-12-1997,Alm. Salg,188,3052,5,1992,
530,Villa,Grindsted Landevej 70,7200, Grindsted,385000 ,23-12-1997,Alm. Salg,108,3565,3,1940,
530,Rækkehus,Sydtoften 23,7200, Grindsted,627000 ,22-12-1997,Alm. Salg,82,7646,3,1983,
530,Villa,Hasselvej 14,7260, Sønder Omme,650000 ,22-12-1997,Alm. Salg,105,6190,4,1968,
530,Rækkehus,Banegårdsvej 11,7200, Grindsted,690000 ,21-12-1997,Alm. Salg,113,6106,4,1985,
530,Villa,Nollundvej 166,7200, Grindsted,280000 ,21-12-1997,Alm. Salg,111,2523,3,1958,
530,Villa,Dalsvinget 37,7200, Grindsted,815856 ,18-12-1997,Alm. Salg,152,5367,5,1977,
530,Villa,Hovborgvej 13,6623, Vorbasse,2024784 ,18-12-1997,Fam. Salg,228,8881,9,1906,
530,Villa,Plantagevej 27,7200, Grindsted,600000 ,17-12-1997,Fam. Salg,169,2778,5,1998,
530,Villa,Nørregade 65,7200, Grindsted,350000 ,17-12-1997,Alm. Salg,127,2756,6,1930,
530,Villa,Markskellet 1,7190, Billund,1240000 ,17-12-1997,Alm. Salg,149,8322,6,1997,
530,Villa,Skovparken 320,7190, Billund,1113922 ,16-12-1997,Alm. Salg,178,6258,6,1966,
530,Villa,Sønderkær 178,7190, Billund,904952 ,16-12-1997,Alm. Salg,139,6510,4,1977,
530,Villa,Tingstedet 109,7190, Billund,1324134 ,15-12-1997,Alm. Salg,150,8828,6,1998,
530,Villa,Solbakken 31,7260, Sønder Omme,1002978 ,14-12-1997,Alm. Salg,193,5197,7,1977,
530,Villa,Tingstedet 99,7190, Billund,1367696 ,12-12-1997,Alm. Salg,195,7014,7,1998,
530,Villa,Tingstedet 101,7190, Billund,1357696 ,11-12-1997,Alm. Salg,193,7035,8,1998,
530,Villa,Poppelvej 13,7200, Grindsted,600000 ,11-12-1997,Alm. Salg,110,5455,4,1961,
530,Villa,Grindstedvej 62,7260, Sønder Omme,555191 ,10-12-1997,Alm. Salg,100,5552,3,1927,
530,Villa,Østre Ringvej 5,7250, Hejnsvig,590000 ,10-12-1997,Alm. Salg,113,5221,4,1968,
530,Villa,Tronsø Parkvej 7,7200, Grindsted,583821 ,09-12-1997,Alm. Salg,89,6560,4,1950,
530,Villa,Solvangen 11,7200, Grindsted,485000 ,09-12-1997,Alm. Salg,110,4409,4,1969,
530,Villa,Hørlycks Alle 18,7200, Grindsted,1151395 ,09-12-1997,Alm. Salg,142,8108,4,1997,
530,Villa,Kirkebyvej 144,7260, Sønder Omme,925000 ,08-12-1997,Alm. Salg,173,5347,5,2001,
530,Villa,Elmelunden 216,7190, Billund,680000 ,05-12-1997,Alm. Salg,99,6869,4,1964,
530,Villa,Mølleparken 240,7190, Billund,1100480 ,05-12-1997,Alm. Salg,200,5502,6,1975,
530,Villa,Skovparken 216,7190, Billund,169050 ,04-12-1997,Alm. Salg,252,671,7,1961,
530,Villa,Storegade 20,7200, Grindsted,360000 ,04-12-1997,Alm. Salg,87,4138,3,1947,
530,Villa,Tingstedet 119,7190, Billund,335000 ,04-12-1997,Alm. Salg,176,1903,6,1998,
530,Villa,Bøgevej 5,6623, Vorbasse,660000 ,04-12-1997,Alm. Salg,183,3607,7,1973,
530,Villa,Bredgade 45,7250, Hejnsvig,453840 ,01-12-1997,Alm. Salg,150,3026,4,1908,
530,Villa,Tingstedet 118,7190, Billund,212822 ,01-12-1997,Alm. Salg,152,1400,6,1999,
530,Villa,Klodhøjvej 19,7250, Hejnsvig,610000 ,01-12-1997,Alm. Salg,136,4485,4,1973,
530,Ejerlejlighed,"Borgergade 32, 1",7200, Grindsted,750000 ,30-11-1997,Alm. Salg,97,7732,4,1908,
530,Villa,Vejlevej 37,7260, Sønder Omme,460000 ,27-11-1997,Alm. Salg,127,3622,5,1955,
530,Villa,Møllevænget 31,7190, Billund,719567 ,27-11-1997,Alm. Salg,109,6602,4,1965,
530,Villa,Parkvej 2,6623, Vorbasse,87605 ,26-11-1997,Alm. Salg,99,885,4,1901,
530,Villa,Poppelvej 5,7200, Grindsted,400000 ,26-11-1997,Alm. Salg,80,5000,4,1960,
530,Villa,Stenvej 11,7200, Grindsted,920000 ,24-11-1997,Alm. Salg,236,3898,6,1969,
530,Villa,Engdraget 10,7200, Grindsted,702628 ,24-11-1997,Alm. Salg,116,6057,4,1987,
530,Villa,Lupinvænget 26,7200, Grindsted,826036 ,23-11-1997,Alm. Salg,101,8179,3,1963,
530,Villa,Åhavevej 22,7200, Grindsted,1450000 ,23-11-1997,Alm. Salg,209,6591,5,1972,
530,Villa,Vejlevej 42,7260, Sønder Omme,550000 ,22-11-1997,Alm. Salg,135,4074,4,1942,
530,Villa,Grindstedvej 74B,7260, Sønder Omme,360000 ,20-11-1997,Fam. Salg,99,3636,4,1964,
530,Villa,Amtsvejen 29,7200, Grindsted,320000 ,19-11-1997,Alm. Salg,158,2025,6,1925,
530,Rækkehus,Nørager 91,7260, Sønder Omme,475000 ,18-11-1997,Alm. Salg,77,6169,3,1980,
530,Villa,Nørre Alle 18,7200, Grindsted,584000 ,18-11-1997,Alm. Salg,115,5078,5,1938,
530,Rækkehus,Søndervold 72,7200, Grindsted,513428 ,16-11-1997,Alm. Salg,61,8417,2,1993,
530,Rækkehus,Lysningen 18,7190, Billund,881433 ,16-11-1997,Alm. Salg,99,8903,4,1986,
530,Villa,Daugårdvej 25,7250, Hejnsvig,257000 ,13-11-1997,Alm. Salg,124,2073,6,1931,
530,Villa,Krogagervej 30,7200, Grindsted,618000 ,13-11-1997,Alm. Salg,118,5237,3,1956,
530,Rækkehus,Dalsvinget 20G,7200, Grindsted,580000 ,11-11-1997,Alm. Salg,125,4640,5,1978,
530,Villa,Præstevang 11,7190, Billund,764675 ,11-11-1997,Alm. Salg,105,7283,3,1959,
530,Villa,Gilbjergvej 28,7250, Hejnsvig,360000 ,11-11-1997,Alm. Salg,187,1925,6,1872,
530,Rækkehus,Markskellet 2,7190, Billund,925216 ,10-11-1997,Alm. Salg,126,7343,5,1987,
530,Villa,Fromssejervej 3,6623, Vorbasse,3000000 ,10-11-1997,Alm. Salg,304,7833,10,1941,
530,Villa,Mølleparken 372,7190, Billund,871754 ,09-11-1997,Alm. Salg,120,7265,4,1981,
530,Villa,Ribersvej 168,7200, Grindsted,943000 ,07-11-1997,Alm. Salg,147,6415,5,1980,
530,Villa,Fyrrevænget 301,7190, Billund,456111 ,05-11-1997,Alm. Salg,150,3041,5,1970,
530,Villa,Søgårdvej 41,7250, Hejnsvig,683440 ,04-11-1997,Alm. Salg,130,5257,5,1979,
530,Villa,Gammel Bøvlvej 10,7260, Sønder Omme,660000 ,04-11-1997,Alm. Salg,220,3000,6,1919,
530,Villa,Abildvej 19,7200, Grindsted,813510 ,04-11-1997,Alm. Salg,138,5895,4,1974,
530,Ejerlejlighed,Nørregade 9F,6623, Vorbasse,262125 ,03-11-1997,Alm. Salg,116,2260,3,1937,
530,Villa,Tårngade 6,6623, Vorbasse,225000 ,03-11-1997,Alm. Salg,126,1786,3,1935,
530,Villa,Grindstedvej 68,7260, Sønder Omme,145178 ,02-11-1997,Fam. Salg,97,1497,3,1940,
530,Villa,Nørregade 45,7200, Grindsted,564000 ,02-11-1997,Alm. Salg,97,5814,5,1939,
530,Villa,Læsøvej 12,7200, Grindsted,475000 ,31-10-1997,Fam. Salg,108,4398,4,1969,
530,Rækkehus,Lysningen 54,7190, Billund,660000 ,30-10-1997,Alm. Salg,86,7674,3,1988,
530,Ejerlejlighed,"Grønningen 3, 2. tv",7200, Grindsted,414000 ,29-10-1997,Alm. Salg,88,4705,3,1967,
530,Villa,Egevænget 310,7190, Billund,846500 ,29-10-1997,Alm. Salg,140,6046,4,1972,
530,Villa,Østergade 14,7200, Grindsted,900470 ,29-10-1997,Alm. Salg,154,5847,6,1916,
530,Villa,Åhavevej 32,7200, Grindsted,1195000 ,29-10-1997,Alm. Salg,189,6323,8,1972,
530,Villa,Irisvej 2,7200, Grindsted,554862 ,27-10-1997,Alm. Salg,116,4783,4,1972,
530,Villa,Amtsvejen 41,7200, Grindsted,350000 ,27-10-1997,Alm. Salg,153,2288,10,1964,
530,Villa,Laust Rasmussens Vej 16,7200, Grindsted,736000 ,27-10-1997,Alm. Salg,221,3330,7,1946,
530,Villa,Grønvang 5,7260, Sønder Omme,275000 ,26-10-1997,Andet,132,2083,5,1971,
530,Villa,Østergade 13,7200, Grindsted,660500 ,26-10-1997,Alm. Salg,94,7027,3,1951,
530,Villa,Gammel Bøvlvej 45,7260, Sønder Omme,531812 ,26-10-1997,Alm. Salg,165,3223,4,1961,
530,Villa,Flintemarken 87,7190, Billund,1199966 ,26-10-1997,Alm. Salg,130,9231,6,1988,
530,Villa,Fyrrevænget 210,7190, Billund,282500 ,24-10-1997,Alm. Salg,236,1197,8,1969,
530,Rækkehus,Markskellet 15,7190, Billund,665718 ,23-10-1997,Alm. Salg,81,8219,3,1988,
530,Villa,Lamborgvej 26,7200, Grindsted,420000 ,23-10-1997,Alm. Salg,158,2658,5,1940,
530,Villa,Stationsvej 1,7200, Grindsted,612358 ,23-10-1997,Alm. Salg,138,4437,5,1962,
530,Villa,Fittingvej 30,6623, Vorbasse,495000 ,23-10-1997,Alm. Salg,125,3960,3,1924,
530,Villa,Markskellet 14,7190, Billund,1262982 ,22-10-1997,Alm. Salg,140,9021,6,1994,
530,Villa,Egevænget 104,7190, Billund,970810 ,22-10-1997,Alm. Salg,155,6263,5,1972,
530,Villa,Skovgårdsvej 15,7200, Grindsted,2300000 ,21-10-1997,Fam. Salg,235,9787,9,1916,
530,Villa,Tinghusgade 21,7200, Grindsted,512809 ,20-10-1997,Alm. Salg,102,5028,4,1946,
530,Villa,Åglimt 31,7200, Grindsted,1544000 ,19-10-1997,Alm. Salg,233,6627,5,1984,
530,Villa,Lundgårdvej 66,7250, Hejnsvig,105984 ,19-10-1997,Fam. Salg,126,841,6,1954,
530,Villa,Bogfinkevej 23,7190, Billund,675000 ,16-10-1997,Alm. Salg,111,6081,4,1963,
530,Villa,Søndergade 13,6623, Vorbasse,530000 ,15-10-1997,Alm. Salg,94,5638,4,1959,
530,Villa,Kirkevej 41,7250, Hejnsvig,640000 ,15-10-1997,Alm. Salg,196,3265,8,1944,
530,Rækkehus,Søndre Boulevard 363,7200, Grindsted,663960 ,14-10-1997,Alm. Salg,80,8300,3,1986,
530,Ejerlejlighed,"Nørregade 4, 1",7200, Grindsted,1824000 ,14-10-1997,Fam. Salg,210,8686,6,1969,
530,Villa,Langesøvej 6,7200, Grindsted,807000 ,14-10-1997,Alm. Salg,118,6839,4,1975,
530,Villa,Herningvej 1,7260, Sønder Omme,702000 ,14-10-1997,Alm. Salg,128,5484,5,1957,
530,Ejerlejlighed,"Grønningen 19, st. tv",7200, Grindsted,415000 ,09-10-1997,Alm. Salg,88,4716,3,1968,
530,Villa,Anemonevej 11,7200, Grindsted,1007800 ,09-10-1997,Alm. Salg,144,6999,6,1961,
530,Villa,Østervej 1,7200, Grindsted,365000 ,09-10-1997,Alm. Salg,122,2253,7,1947,
530,Villa,Ribersvej 130,7200, Grindsted,951000 ,07-10-1997,Alm. Salg,167,5695,6,1979,
530,Villa,Grindsted Landevej 84,7200, Grindsted,522921 ,05-10-1997,Alm. Salg,166,3150,6,1916,
530,Villa,Plougslundvej 193,7190, Billund,856000 ,02-10-1997,Alm. Salg,140,6114,5,1973,
530,Villa,Hestkærvej 8,7200, Grindsted,229023 ,02-10-1997,Alm. Salg,177,1294,7,1910,
530,Villa,Fitting Stationsvej 12,6623, Vorbasse,600000 ,01-10-1997,Alm. Salg,180,3333,5,2015,
530,Villa,Mølleparken 110,7190, Billund,971708 ,30-09-1997,Alm. Salg,143,6795,5,1977,
530,Villa,Blåhøjvej 6,7200, Grindsted,185000 ,30-09-1997,Alm. Salg,116,1595,6,1910,
530,Villa,Billundvej 14,7250, Hejnsvig,258985 ,29-09-1997,Alm. Salg,153,1693,7,1927,
530,Villa,Ansager Landevej 38,7200, Grindsted,1980000 ,29-09-1997,Alm. Salg,238,8319,8,1893,
530,Villa,Østergade 54,6623, Vorbasse,700807 ,29-09-1997,Alm. Salg,166,4222,7,1942,
530,Villa,Torvegade 1,7250, Hejnsvig,145000 ,29-09-1997,Alm. Salg,143,1014,5,1921,
530,Villa,Labrivej 11,6623, Vorbasse,116737 ,29-09-1997,Alm. Salg,159,734,6,1998,
530,Ejerlejlighed,"Hovedgaden 1, 1",7260, Sønder Omme,400000 ,28-09-1997,Alm. Salg,111,3604,5,1877,
530,Villa,Nørregade 30B,6623, Vorbasse,515000 ,28-09-1997,Alm. Salg,58,8879,2,1915,
530,Villa,Bredgade 4,7250, Hejnsvig,1635288 ,28-09-1997,Alm. Salg,119,13742,2,2012,
530,Villa,Tingstedet 109,7190, Billund,221104 ,28-09-1997,Alm. Salg,150,1474,6,1998,
530,Villa,Hybenvej 8,7200, Grindsted,705800 ,26-09-1997,Alm. Salg,108,6535,4,1967,
530,Villa,Nollundvej 80,7200, Grindsted,694975 ,25-09-1997,Alm. Salg,164,4238,7,1956,
530,Villa,Vestervang 15,7190, Billund,1235312 ,25-09-1997,Alm. Salg,151,8181,6,1986,
530,Villa,Håndværkervej 4,6623, Vorbasse,840000 ,25-09-1997,Alm. Salg,127,6614,4,1974,
530,Villa,Sønderkær 393,7190, Billund,977317 ,24-09-1997,Alm. Salg,130,7518,5,1985,
530,Ejerlejlighed,"Borgergade 13, 1",7200, Grindsted,489400 ,21-09-1997,Alm. Salg,136,3599,5,1958,
530,Villa,Nørregade 25,6623, Vorbasse,645000 ,21-09-1997,Alm. Salg,165,3909,6,1946,
530,Villa,Blichersvej 4,7200, Grindsted,470000 ,21-09-1997,Alm. Salg,84,5595,4,1959,
530,Villa,J P Jensens Vej 13,7200, Grindsted,511662 ,20-09-1997,Alm. Salg,114,4488,6,1945,
530,Villa,Plougslundvej 119,7190, Billund,1233171 ,19-09-1997,Alm. Salg,212,5817,5,1973,
530,Villa,Skovparken 216,7190, Billund,1573711 ,18-09-1997,Alm. Salg,252,6245,7,1961,
530,Villa,Morsbøl Skolevej 21,7200, Grindsted,431000 ,18-09-1997,Alm. Salg,162,2660,6,1952,
530,Villa,Fanøvej 2,7200, Grindsted,789000 ,17-09-1997,Alm. Salg,136,5801,5,1972,
530,Villa,Holdgårdsvej 23,7260, Sønder Omme,250000 ,17-09-1997,Alm. Salg,173,1445,7,1935,
530,Ejerlejlighed,"Skolegade 7, 1",7200, Grindsted,655000 ,16-09-1997,Alm. Salg,112,5848,3,1932,
530,Villa,Almstokvej 17,7190, Billund,565551 ,13-09-1997,Alm. Salg,170,3327,6,1954,
530,Villa,Grønnegade 11,6623, Vorbasse,1550000 ,12-09-1997,Alm. Salg,455,3407,10,2000,
530,Villa,Søndre Boulevard 267,7200, Grindsted,1206450 ,12-09-1997,Alm. Salg,154,7834,6,1988,
530,Villa,Jagtvej 2,7200, Grindsted,758500 ,11-09-1997,Alm. Salg,109,6959,4,1956,
530,Villa,Poppelvej 6,7200, Grindsted,356000 ,11-09-1997,Alm. Salg,141,2525,6,1960,
530,Rækkehus,Søndervold 60,7200, Grindsted,482300 ,10-09-1997,Alm. Salg,62,7779,2,1993,
530,Villa,Ølgodvej 22,7200, Grindsted,2150000 ,10-09-1997,Alm. Salg,170,12647,6,1927,
530,Villa,Kærvej 13,7200, Grindsted,1320000 ,09-09-1997,Alm. Salg,245,5388,6,1945,
530,Villa,Østerbo 3,7250, Hejnsvig,331000 ,09-09-1997,Fam. Salg,142,2331,6,1963,
530,Ejerlejlighed,"Grønningen 13, st. th",7200, Grindsted,364066 ,08-09-1997,Alm. Salg,88,4137,3,1967,
530,Ejerlejlighed,"Grønningen 13, st. mf",7200, Grindsted,171510 ,08-09-1997,Alm. Salg,41,4183,1,1967,
530,Villa,J P Jensens Vej 19,7200, Grindsted,667000 ,08-09-1997,Alm. Salg,123,5423,5,1954,
530,Villa,Sønderkær 166,7190, Billund,1030999 ,08-09-1997,Alm. Salg,134,7694,5,1977,
530,Villa,Østergade 60,6623, Vorbasse,522021 ,07-09-1997,Alm. Salg,179,2916,3,1941,
530,Villa,Rosengårdsvej 15,7250, Hejnsvig,225000 ,05-09-1997,Fam. Salg,125,1800,5,1974,
530,Villa,Nørrevej 11,7200, Grindsted,370000 ,04-09-1997,Alm. Salg,74,5000,2,1948,
530,Villa,A G Jensens Vej 3,7250, Hejnsvig,350000 ,04-09-1997,Fam. Salg,98,3571,3,1939,
530,Villa,Sønderkær 167,7190, Billund,460000 ,04-09-1997,Fam. Salg,127,3622,5,1977,
530,Villa,Engsøparken 79,7200, Grindsted,251000 ,04-09-1997,Alm. Salg,125,2008,4,1998,
530,Villa,Tingstedet 87,7190, Billund,204599 ,03-09-1997,Alm. Salg,147,1392,6,1998,
530,Villa,Mølleparken 105,7190, Billund,898000 ,03-09-1997,Alm. Salg,143,6280,5,1976,
530,Rækkehus,Vestre Boulevard 2,7200, Grindsted,457360 ,02-09-1997,Alm. Salg,81,5646,3,1938,
530,Villa,Grønlandsvej 8,7200, Grindsted,1184023 ,02-09-1997,Alm. Salg,216,5239,9,1975,
530,Villa,Mølleparken 382,7190, Billund,885000 ,01-09-1997,Alm. Salg,118,7500,4,1980,
530,Villa,Løkkegårdsvej 2,7190, Billund,1105680 ,01-09-1997,Alm. Salg,201,5501,6,1889,
530,Rækkehus,Søndre Boulevard 345,7200, Grindsted,609500 ,31-08-1997,Alm. Salg,81,7525,3,1987,
530,Villa,Markskellet 94,7190, Billund,898000 ,31-08-1997,Alm. Salg,147,6109,5,1987,
530,Villa,Tarm Landevej 63,7260, Sønder Omme,778900 ,31-08-1997,Alm. Salg,235,3314,9,1900,
530,Villa,Søgårdparken 2,7250, Hejnsvig,188497 ,31-08-1997,Alm. Salg,160,1178,5,1997,
530,Villa,Primulavej 15,7200, Grindsted,876000 ,31-08-1997,Alm. Salg,213,4113,4,1964,
530,Villa,Bøvlvej 61,7260, Sønder Omme,690000 ,31-08-1997,Fam. Salg,205,3366,7,1924,
530,Villa,Søndervang 2,7200, Grindsted,542975 ,30-08-1997,Alm. Salg,114,4763,5,1956,
530,Villa,Kirkegade 10,6623, Vorbasse,950000 ,29-08-1997,Alm. Salg,200,4750,8,1966,
530,Villa,Skjoldbjergvej 42,6623, Vorbasse,144500 ,28-08-1997,Alm. Salg,112,1290,2,1956,
530,Ejerlejlighed,"Grønningen 17, st. tv",7200, Grindsted,390000 ,27-08-1997,Alm. Salg,88,4432,3,1968,
530,Villa,Refshøjvej 15,7200, Grindsted,1160741 ,27-08-1997,Alm. Salg,264,4397,8,1898,
530,Villa,Labrivej 12,6623, Vorbasse,177925 ,27-08-1997,Alm. Salg,197,903,6,1998,
530,Ejerlejlighed,"Banegårdsvej 27, st",7200, Grindsted,404241 ,26-08-1997,Alm. Salg,66,6125,2,1987,
530,Villa,Skovgårdsvej 14,7200, Grindsted,160000 ,26-08-1997,Andet,97,1649,4,1947,
530,Villa,Holdgårdsvej 28,7260, Sønder Omme,519232 ,26-08-1997,Alm. Salg,162,3205,4,1934,
530,Villa,Solvej 8,7200, Grindsted,762290 ,25-08-1997,Alm. Salg,138,5524,6,1936,
530,Villa,Aakjærsvej 9,7200, Grindsted,667488 ,25-08-1997,Alm. Salg,89,7500,3,1948,
530,Villa,Bybækvej 7,7200, Grindsted,2442168 ,25-08-1997,Alm. Salg,226,10806,9,1899,
530,Villa,Mølleparken 223,7190, Billund,899502 ,24-08-1997,Alm. Salg,124,7254,4,1976,
530,Villa,Egeparken 10,7260, Sønder Omme,1232000 ,22-08-1997,Alm. Salg,177,6960,6,1995,
530,Villa,Egebjerg Landevej 86,7250, Hejnsvig,475000 ,22-08-1997,Alm. Salg,143,3322,4,1931,
530,Villa,Løvlundvej 37,7190, Billund,564895 ,21-08-1997,Alm. Salg,102,5538,3,1958,
530,Villa,Stationsvej 13A,7200, Grindsted,461568 ,21-08-1997,Alm. Salg,130,3551,5,1924,
530,Villa,Sønderkær 229,7190, Billund,1021652 ,20-08-1997,Alm. Salg,151,6766,4,1981,
530,Villa,Glentevej 32,7200, Grindsted,600000 ,19-08-1997,Alm. Salg,79,7595,3,1958,
530,Villa,Lyngvang 15,7260, Sønder Omme,779900 ,19-08-1997,Alm. Salg,178,4381,6,1973,
530,Villa,Nørregade 35,6623, Vorbasse,452000 ,18-08-1997,Alm. Salg,122,3705,3,1930,
530,Villa,Sønderkær 258,7190, Billund,1037445 ,18-08-1997,Alm. Salg,157,6608,5,1979,
530,Villa,Birkevangen 4,7200, Grindsted,681000 ,17-08-1997,Alm. Salg,85,8012,3,1961,
530,Villa,Sydtoften 31,7200, Grindsted,1534973 ,17-08-1997,Alm. Salg,182,8434,6,1984,
530,Rækkehus,Søndervold 14,7200, Grindsted,507892 ,15-08-1997,Alm. Salg,60,8465,2,1989,
530,Villa,Daltoften 43,7200, Grindsted,960902 ,14-08-1997,Alm. Salg,151,6364,4,1978,
530,Villa,Plougstrupvej 10,7200, Grindsted,507115 ,14-08-1997,Alm. Salg,98,5175,4,1922,
530,Villa,Krogagervej 4,7200, Grindsted,967380 ,14-08-1997,Alm. Salg,151,6406,6,1959,
530,Villa,Krarupvej 10,7200, Grindsted,650000 ,13-08-1997,Alm. Salg,101,6436,3,1952,
530,Villa,Ansager Landevej 23,7200, Grindsted,480000 ,12-08-1997,Alm. Salg,128,3750,4,1915,
530,Villa,Spurvevej 11,7200, Grindsted,474266 ,12-08-1997,Alm. Salg,146,3248,5,2007,
530,Villa,Frederikshåbvej 1,6623, Vorbasse,512549 ,11-08-1997,Alm. Salg,327,1567,7,1953,
530,Villa,Tingstedet 97,7190, Billund,218403 ,11-08-1997,Alm. Salg,139,1571,5,1999,
530,Villa,Rolighedsvej 1,6623, Vorbasse,402417 ,10-08-1997,Alm. Salg,130,3096,5,1900,
530,Villa,Tingstedet 81,7190, Billund,1369879 ,10-08-1997,Alm. Salg,156,8781,6,1997,
530,Villa,Tingstedet 105,7190, Billund,167044 ,10-08-1997,Alm. Salg,142,1176,6,1998,
530,Villa,Postgade 16,7200, Grindsted,610000 ,10-08-1997,Auktion,175,3486,12,1918,
530,Rækkehus,Søndre Boulevard 351,7200, Grindsted,633000 ,09-08-1997,Alm. Salg,77,8221,3,1986,
530,Villa,Færøvej 8,7200, Grindsted,842880 ,09-08-1997,Alm. Salg,169,4987,5,1971,
530,Rækkehus,Dalsvinget 20F,7200, Grindsted,593000 ,08-08-1997,Alm. Salg,96,6177,4,1978,
530,Villa,Nygade 15,7200, Grindsted,572350 ,08-08-1997,Alm. Salg,123,4653,5,1938,
530,Villa,Plougstrupvej 10,7200, Grindsted,600000 ,07-08-1997,Alm. Salg,98,6122,4,1922,
530,Villa,Langmosevej 14,7250, Hejnsvig,69497 ,06-08-1997,Alm. Salg,167,416,5,1998,
530,Villa,Dalbo 5,7200, Grindsted,1028000 ,05-08-1997,Alm. Salg,153,6719,6,1978,
530,Villa,Spurvevej 8,7200, Grindsted,810000 ,03-08-1997,Alm. Salg,155,5226,7,1959,
530,Villa,Nørregade 29,6623, Vorbasse,682453 ,01-08-1997,Alm. Salg,172,3968,5,1939,
530,Rækkehus,Vestre Boulevard 4,7200, Grindsted,578000 ,31-07-1997,Alm. Salg,81,7136,3,1938,
530,Rækkehus,Dalsøvej 161B,7200, Grindsted,565000 ,31-07-1997,Alm. Salg,82,6890,3,1985,
530,Villa,Vestervang 8,7190, Billund,1239741 ,31-07-1997,Alm. Salg,140,8855,6,1987,
530,Villa,Primulavej 22,7200, Grindsted,614000 ,31-07-1997,Alm. Salg,118,5203,4,1965,
530,Villa,Krarupvej 4,7200, Grindsted,540000 ,30-07-1997,Alm. Salg,143,3776,4,1953,
530,Villa,Solvangen 4,7200, Grindsted,471000 ,29-07-1997,Alm. Salg,114,4132,4,1964,
530,Villa,Engsøparken 19,7200, Grindsted,340000 ,29-07-1997,Alm. Salg,157,2166,3,1998,
530,Villa,Boldingvej 10,7250, Hejnsvig,1600000 ,29-07-1997,Alm. Salg,134,11940,5,1965,
530,Villa,Farvergade 7,7260, Sønder Omme,306243 ,28-07-1997,Fam. Salg,118,2595,3,1950,
530,Villa,Arresøvej 8,7200, Grindsted,922000 ,28-07-1997,Alm. Salg,152,6066,6,1975,
530,Villa,Morsbølvej 70,7200, Grindsted,510000 ,28-07-1997,Alm. Salg,183,2787,5,2015,
530,Villa,Mølleparken 308,7190, Billund,916009 ,28-07-1997,Alm. Salg,131,6992,5,1981,
530,Villa,Langmosevej 14,7250, Hejnsvig,1220814 ,28-07-1997,Alm. Salg,167,7310,5,1998,
530,Ejerlejlighed,"Banegårdsvej 27, st",7200, Grindsted,463000 ,24-07-1997,Alm. Salg,66,7015,2,1987,
530,Villa,Havrevænget 14,7200, Grindsted,643920 ,23-07-1997,Alm. Salg,136,4735,5,1962,
530,Villa,Skovstien 4,7200, Grindsted,548700 ,22-07-1997,Alm. Salg,97,5657,4,1951,
530,Villa,Spurvevej 9,7200, Grindsted,600000 ,21-07-1997,Alm. Salg,120,5000,2,1959,
530,Ejerlejlighed,"Nørregade 6, 1",7200, Grindsted,1000000 ,19-07-1997,Alm. Salg,64,15625,2,1972,
530,Villa,Søndervold 236,7200, Grindsted,275000 ,16-07-1997,Alm. Salg,167,1647,5,1999,
530,Villa,Grønningen 20,7190, Billund,1186500 ,16-07-1997,Alm. Salg,139,8536,5,1998,
530,Rækkehus,Søndre Boulevard 341,7200, Grindsted,641420 ,13-07-1997,Alm. Salg,114,5626,4,1988,
530,Villa,Fanøvej 6,7200, Grindsted,588000 ,13-07-1997,Fam. Salg,134,4388,5,1970,
530,Villa,Hovborgvej 5,6623, Vorbasse,900000 ,13-07-1997,Alm. Salg,135,6667,5,1997,
530,Rækkehus,Sønderkær 409A,7190, Billund,637466 ,10-07-1997,Alm. Salg,77,8279,3,1986,
530,Villa,Vejlevej 43,7260, Sønder Omme,400000 ,10-07-1997,Alm. Salg,146,2740,6,1960,
530,Villa,Kirkegade 9,6623, Vorbasse,270000 ,10-07-1997,Alm. Salg,63,4286,3,1960,
530,Villa,Markskellet 102,7190, Billund,1000866 ,09-07-1997,Alm. Salg,154,6499,6,1988,
530,Villa,Enevej 15,7200, Grindsted,661000 ,09-07-1997,Fam. Salg,195,3390,6,1977,
530,Villa,Storegade 20,7200, Grindsted,274712 ,09-07-1997,Alm. Salg,87,3158,3,1947,
530,Villa,Lille Hjortlundvej 2,7200, Grindsted,1430700 ,09-07-1997,Fam. Salg,274,5222,7,2022,
530,Villa,Daugårdvej 42,7250, Hejnsvig,264610 ,08-07-1997,Alm. Salg,98,2700,4,1956,
530,Villa,Dalbo 36,7200, Grindsted,739000 ,07-07-1997,Alm. Salg,112,6598,4,1978,
530,Villa,Vestervang 42,7190, Billund,1164082 ,06-07-1997,Alm. Salg,144,8084,6,1986,
530,Villa,Glentevej 12,7200, Grindsted,1452000 ,06-07-1997,Alm. Salg,159,9132,6,1966,
530,Villa,Tingstedet 108,7190, Billund,194855 ,03-07-1997,Alm. Salg,158,1233,6,1998,
530,Villa,Tingstedet 109,7190, Billund,171104 ,03-07-1997,Alm. Salg,150,1141,6,1998,
530,Villa,Almstokvej 6,7190, Billund,670377 ,03-07-1997,Alm. Salg,238,2817,5,1902,
530,Villa,Holdgårdsvej 5,7260, Sønder Omme,679119 ,03-07-1997,Alm. Salg,124,5477,4,1930,
530,Villa,Slåenvej 10,7200, Grindsted,435000 ,03-07-1997,Alm. Salg,178,2444,6,1928,
530,Villa,Skovgårdsvej 15,7200, Grindsted,2330029 ,02-07-1997,Alm. Salg,235,9915,9,1916,
530,Villa,Bøvlvej 170,7260, Sønder Omme,240000 ,02-07-1997,Alm. Salg,103,2330,3,1950,
530,Rækkehus,Søndre Boulevard 339,7200, Grindsted,650000 ,01-07-1997,Alm. Salg,103,6311,4,1988,
530,Villa,Tingstedet 89,7190, Billund,210283 ,01-07-1997,Alm. Salg,159,1323,5,1998,
530,Villa,Vestervang 30,7190, Billund,1505388 ,30-06-1997,Alm. Salg,215,7002,7,1986,
530,Villa,Mølleparken 233,7190, Billund,700000 ,30-06-1997,Fam. Salg,140,5000,5,1976,
530,Villa,Søndervold 234,7200, Grindsted,275000 ,29-06-1997,Alm. Salg,156,1763,5,1997,
530,Villa,Langgade 45,7250, Hejnsvig,450000 ,29-06-1997,Alm. Salg,101,4455,4,1977,
530,Villa,Markskellet 29,7190, Billund,978977 ,28-06-1997,Alm. Salg,116,8439,4,1989,
530,Villa,Tjørnevej 17,7200, Grindsted,755000 ,27-06-1997,Alm. Salg,164,4604,4,1966,
530,Villa,Tingstedet 95,7190, Billund,291428 ,26-06-1997,Alm. Salg,178,1637,6,1998,
530,Villa,Herningvej 12,7260, Sønder Omme,350000 ,26-06-1997,Alm. Salg,97,3608,2,1946,
530,Rækkehus,Prærien 40,7200, Grindsted,605000 ,25-06-1997,Alm. Salg,101,5990,4,1985,
530,Villa,Lupinvænget 18,7200, Grindsted,764000 ,25-06-1997,Alm. Salg,142,5380,4,1963,
530,Villa,Finlandsvej 7,7200, Grindsted,1008000 ,25-06-1997,Alm. Salg,179,5631,7,1968,
530,Villa,Tolvalenvej 23,7260, Sønder Omme,1140000 ,25-06-1997,Alm. Salg,224,5089,8,1936,
530,Rækkehus,Sønderkær 339,7190, Billund,593587 ,24-06-1997,Alm. Salg,80,7420,4,1985,
530,Villa,Tingstedet 99,7190, Billund,179021 ,24-06-1997,Alm. Salg,195,918,7,1998,
530,Villa,Tingstedet 112,7190, Billund,203178 ,24-06-1997,Alm. Salg,194,1047,8,1998,
530,Villa,Søndervold 228,7200, Grindsted,220000 ,24-06-1997,Alm. Salg,174,1264,6,1997,
530,Villa,Ådalen 29,7200, Grindsted,570000 ,24-06-1997,Alm. Salg,151,3775,5,1962,
530,Villa,Engsøparken 15,7200, Grindsted,310000 ,24-06-1997,Alm. Salg,195,1590,5,1998,
530,Villa,Lupinvænget 40,7200, Grindsted,973325 ,23-06-1997,Alm. Salg,139,7002,5,1963,
530,Villa,Søndervold 232,7200, Grindsted,275000 ,23-06-1997,Alm. Salg,176,1563,6,1998,
530,Rækkehus,Vejlevej 5,7260, Sønder Omme,60000 ,22-06-1997,Alm. Salg,197,305,4,1970,
530,Villa,Tingstedet 104,7190, Billund,209674 ,19-06-1997,Alm. Salg,202,1038,7,1998,
530,Villa,Tingstedet 113,7190, Billund,227360 ,19-06-1997,Alm. Salg,178,1277,6,1997,
530,Villa,Tingstedet 114,7190, Billund,214649 ,19-06-1997,Alm. Salg,159,1350,7,1999,
530,Villa,Daltoften 16,7200, Grindsted,779000 ,19-06-1997,Alm. Salg,121,6438,4,1980,
530,Villa,Tingstedet 117,7190, Billund,240327 ,19-06-1997,Alm. Salg,180,1335,7,1997,
530,Villa,Flintemarken 19,7190, Billund,1245652 ,19-06-1997,Alm. Salg,188,6626,8,1989,
530,Villa,Tingstedet 107,7190, Billund,156919 ,18-06-1997,Alm. Salg,159,987,7,1998,
530,Villa,Lysningen 16,7190, Billund,931940 ,18-06-1997,Alm. Salg,110,8472,4,1987,
530,Rækkehus,Sønderkær 483,7190, Billund,562929 ,17-06-1997,Alm. Salg,77,7311,3,1984,
530,Villa,Tingstedet 91,7190, Billund,214343 ,17-06-1997,Alm. Salg,152,1410,6,1998,
530,Villa,Tingstedet 110,7190, Billund,175392 ,17-06-1997,Alm. Salg,169,1038,6,1998,
530,Villa,Tingstedet 123,7190, Billund,193840 ,17-06-1997,Alm. Salg,150,1292,6,1998,
530,Villa,Flintemarken 37,7190, Billund,1297000 ,17-06-1997,Alm. Salg,150,8647,6,1988,
530,Villa,Skolegyden 7,7200, Grindsted,300000 ,17-06-1997,Alm. Salg,63,4762,3,1963,
530,Villa,Kirkegade 7,6623, Vorbasse,610000 ,17-06-1997,Alm. Salg,110,5545,4,1955,
530,Villa,Ribersvej 12,7200, Grindsted,734000 ,17-06-1997,Fam. Salg,134,5478,5,1978,
530,Villa,Bekkasinvej 9,7200, Grindsted,600000 ,17-06-1997,Alm. Salg,138,4348,4,1959,
530,Rækkehus,Møllevangen 8,7250, Hejnsvig,195000 ,16-06-1997,Alm. Salg,120,1625,4,1931,
530,Rækkehus,Lysningen 34,7190, Billund,687200 ,16-06-1997,Alm. Salg,95,7234,4,1986,
530,Villa,Tingstedet 93,7190, Billund,276025 ,16-06-1997,Alm. Salg,165,1673,6,1998,
530,Villa,Tingstedet 103,7190, Billund,213962 ,16-06-1997,Alm. Salg,169,1266,6,1998,
530,Villa,Tingstedet 121,7190, Billund,198940 ,16-06-1997,Alm. Salg,158,1259,6,1997,
530,Villa,Møbjergvej 53,7260, Sønder Omme,1025000 ,16-06-1997,Alm. Salg,91,11264,2,1965,
530,Villa,Møllebakkevej 28,7200, Grindsted,431400 ,16-06-1997,Alm. Salg,210,2054,5,1900,
530,Villa,Lærke Alle 1,7260, Sønder Omme,802300 ,16-06-1997,Alm. Salg,121,6631,4,1969,
530,Ejerlejlighed,"Grønningen 9, 1. tv",7200, Grindsted,367000 ,15-06-1997,Alm. Salg,88,4170,3,1967,
530,Villa,Vilhelmsmindevej 11,7200, Grindsted,687107 ,15-06-1997,Alm. Salg,213,3226,8,1919,
530,Villa,Tingstedet 116,7190, Billund,173768 ,15-06-1997,Alm. Salg,183,950,6,1998,
530,Villa,Hedegårdsvej 22,7190, Billund,300800 ,15-06-1997,Alm. Salg,271,895,11,1997,
530,Villa,Mølleparken 306,7190, Billund,1185451 ,13-06-1997,Alm. Salg,137,8653,4,1981,
530,Villa,Tingstedet 119,7190, Billund,233222 ,12-06-1997,Alm. Salg,176,1325,6,1998,
530,Villa,Søndre Boulevard 245,7200, Grindsted,243000 ,12-06-1997,Alm. Salg,135,1800,4,1997,
530,Rækkehus,Grønningen 34,7190, Billund,738328 ,11-06-1997,Alm. Salg,107,6900,4,1989,
530,Villa,Markskellet 64,7190, Billund,1026871 ,11-06-1997,Alm. Salg,122,8417,5,1988,
530,Villa,Sønderkær 152,7190, Billund,926945 ,11-06-1997,Alm. Salg,141,6574,5,1977,
530,Villa,Plougslundvej 221,7190, Billund,729700 ,11-06-1997,Alm. Salg,135,5405,5,1974,
530,Villa,Markskellet 35,7190, Billund,662330 ,11-06-1997,Alm. Salg,85,7792,4,1989,
530,Villa,Sønderkær 135,7190, Billund,1080316 ,11-06-1997,Alm. Salg,158,6837,5,1978,
530,Villa,Sønderkær 289,7190, Billund,1078186 ,10-06-1997,Alm. Salg,182,5924,6,1978,
530,Villa,Mølleparken 202,7190, Billund,528000 ,10-06-1997,Fam. Salg,165,3200,6,1975,
530,Villa,Enghaven 1,7260, Sønder Omme,738038 ,09-06-1997,Alm. Salg,135,5467,5,1920,
530,Villa,Ådalen 1,7200, Grindsted,876000 ,09-06-1997,Alm. Salg,130,6738,3,1960,
530,Villa,Markskellet 5,7190, Billund,107592 ,09-06-1997,Alm. Salg,108,996,4,1998,
530,Villa,Rømøvej 6,7200, Grindsted,745280 ,09-06-1997,Alm. Salg,116,6425,4,1969,
530,Rækkehus,Grønningen 32,7190, Billund,581471 ,05-06-1997,Alm. Salg,71,8190,2,1988,
530,Villa,Fyrrevænget 110,7190, Billund,957745 ,05-06-1997,Alm. Salg,172,5568,7,1969,
530,Villa,Bredgade 57,7250, Hejnsvig,579457 ,04-06-1997,Alm. Salg,147,3942,6,1926,
530,Villa,Herningvej 14,7260, Sønder Omme,455000 ,04-06-1997,Alm. Salg,90,5056,4,1950,
530,Villa,Glentevej 32,7200, Grindsted,573275 ,03-06-1997,Alm. Salg,79,7257,3,1958,
530,Villa,Juellingsholmsvej 24,7200, Grindsted,666111 ,03-06-1997,Alm. Salg,263,2533,8,1951,
530,Villa,Mølleparken 268,7190, Billund,898015 ,03-06-1997,Alm. Salg,280,3207,10,1975,
530,Villa,Slagterivej 15,7200, Grindsted,85000 ,03-06-1997,Alm. Salg,149,570,5,1998,
530,Villa,Tingstedet 63,7190, Billund,1360492 ,02-06-1997,Alm. Salg,195,6977,8,1997,
530,Villa,Nørregade 41,6623, Vorbasse,190690 ,01-06-1997,Alm. Salg,90,2119,2,1951,
530,Villa,Tingstedet 101,7190, Billund,157325 ,01-06-1997,Alm. Salg,193,815,8,1998,
530,Villa,Havrevænget 12,7200, Grindsted,560000 ,01-06-1997,Alm. Salg,78,7179,3,1962,
530,Villa,Postgade 7,7200, Grindsted,225000 ,01-06-1997,Alm. Salg,85,2647,4,1963,
530,Villa,Tingstedet 102,7190, Billund,212719 ,31-05-1997,Alm. Salg,160,1329,6,1998,
530,Villa,Tingstedet 115,7190, Billund,283903 ,31-05-1997,Alm. Salg,180,1577,6,1997,
530,Villa,Bøgevej 12,6623, Vorbasse,885000 ,31-05-1997,Alm. Salg,163,5429,6,1969,
530,Villa,Flintemarken 91,7190, Billund,1524654 ,30-05-1997,Alm. Salg,177,8614,5,1988,
530,Rækkehus,Søndre Boulevard 361,7200, Grindsted,635478 ,29-05-1997,Alm. Salg,80,7943,3,1986,
530,Ejerlejlighed,"Grønningen 13, 1. th",7200, Grindsted,343146 ,29-05-1997,Alm. Salg,88,3899,3,1967,
530,Villa,Birkeholtvej 19,7200, Grindsted,655000 ,29-05-1997,Alm. Salg,189,3466,6,1929,
530,Villa,Tårngade 1,6623, Vorbasse,210000 ,29-05-1997,Alm. Salg,99,2121,3,1911,
530,Villa,Søndervold 258,7200, Grindsted,275000 ,29-05-1997,Alm. Salg,151,1821,5,1997,
530,Villa,Syrenvej 10,7200, Grindsted,326982 ,28-05-1997,Fam. Salg,144,2271,4,1963,
530,Villa,Tingstedet 106,7190, Billund,179452 ,28-05-1997,Alm. Salg,129,1391,5,1999,
530,Villa,Kirkevænget 2,6623, Vorbasse,835000 ,28-05-1997,Alm. Salg,176,4744,5,1973,
530,Villa,Grindsted Landevej 16,7200, Grindsted,745000 ,28-05-1997,Alm. Salg,115,6478,3,1920,
530,Villa,Lupinvænget 15,7200, Grindsted,480000 ,27-05-1997,Alm. Salg,98,4898,4,1962,
530,Villa,Tranevej 9,7200, Grindsted,1359655 ,27-05-1997,Alm. Salg,168,8093,7,1985,
530,Villa,Ribersvej 144,7200, Grindsted,788000 ,27-05-1997,Alm. Salg,112,7036,4,1979,
530,Villa,Enevej 11,7200, Grindsted,925000 ,27-05-1997,Fam. Salg,160,5781,6,1976,
530,Villa,Grønningen 22,7190, Billund,123727 ,27-05-1997,Alm. Salg,138,897,3,1999,
530,Villa,Plantagevej 25,7200, Grindsted,931298 ,27-05-1997,Alm. Salg,134,6950,6,1981,
530,Villa,Blåhøjvej 6,7200, Grindsted,188000 ,27-05-1997,Auktion,116,1621,6,1910,
530,Villa,Stadion Alle 18,7260, Sønder Omme,425300 ,27-05-1997,Alm. Salg,108,3938,5,1920,
530,Villa,Ribersvej 190,7200, Grindsted,364858 ,26-05-1997,Alm. Salg,100,3649,4,1981,
530,Villa,Tingstedet 111,7190, Billund,262025 ,26-05-1997,Alm. Salg,185,1416,6,1998,
530,Villa,Lundgårdvej 66,7250, Hejnsvig,770000 ,26-05-1997,Alm. Salg,126,6111,6,1954,
530,Villa,Sønderkær 403,7190, Billund,961000 ,23-05-1997,Alm. Salg,152,6322,5,1985,
530,Villa,Sønderkær 408,7190, Billund,999248 ,23-05-1997,Alm. Salg,136,7347,5,1981,
530,Rækkehus,Søndre Boulevard 383,7200, Grindsted,625000 ,22-05-1997,Alm. Salg,81,7716,3,1987,
530,Villa,Grindsted Landevej 89,7200, Grindsted,414000 ,22-05-1997,Alm. Salg,135,3067,6,1934,
530,Villa,Tingstedet 12,7190, Billund,627901 ,22-05-1997,Alm. Salg,202,3108,9,1996,
530,Villa,Åbakkevej 13,7200, Grindsted,1228000 ,21-05-1997,Alm. Salg,294,4177,8,1980,
530,Villa,Grønningen 40,7190, Billund,126045 ,21-05-1997,Alm. Salg,146,863,6,1998,
530,Villa,Søndervold 226,7200, Grindsted,216530 ,20-05-1997,Alm. Salg,249,870,8,2007,
530,Villa,Grønningen 38,7190, Billund,157246 ,19-05-1997,Alm. Salg,118,1333,5,1997,
530,Villa,Mølleparken 260,7190, Billund,1143914 ,19-05-1997,Alm. Salg,184,6217,7,1976,
530,Villa,Frederikshåbvej 1,6623, Vorbasse,107000 ,18-05-1997,Auktion,327,327,7,1953,
530,Villa,Flintemarken 14,7190, Billund,420000 ,18-05-1997,Andet,113,3717,4,1989,
530,Rækkehus,Sønderkær 315,7190, Billund,654000 ,16-05-1997,Alm. Salg,91,7187,3,1980,
530,Villa,Nollundvej 164,7200, Grindsted,216511 ,15-05-1997,Alm. Salg,243,891,6,1922,
530,Villa,Kløvervænget 15,7200, Grindsted,1038095 ,14-05-1997,Alm. Salg,184,5642,8,1964,
530,Villa,Nørregade 33,7200, Grindsted,765000 ,12-05-1997,Alm. Salg,134,5709,5,1936,
530,Villa,Tronsø Parkvej 9,7200, Grindsted,573000 ,11-05-1997,Alm. Salg,89,6438,3,1949,
530,Villa,Norgesvej 14,7200, Grindsted,645526 ,11-05-1997,Alm. Salg,108,5977,4,1969,
530,Villa,Mølleparken 384,7190, Billund,1001219 ,10-05-1997,Alm. Salg,130,7702,5,1980,
530,Villa,Markskellet 1,7190, Billund,107104 ,08-05-1997,Alm. Salg,149,719,6,1997,
530,Villa,Nørager 11,7260, Sønder Omme,850000 ,08-05-1997,Alm. Salg,144,5903,5,1979,
530,Villa,Nebelvej 13,6623, Vorbasse,490000 ,08-05-1997,Alm. Salg,119,4118,3,1952,
530,Villa,Nollundvej 84,7200, Grindsted,285335 ,07-05-1997,Alm. Salg,242,1179,6,1948,
530,Villa,Bakkevej 1,7250, Hejnsvig,360000 ,06-05-1997,Fam. Salg,89,4045,3,1961,
530,Villa,Skolegyden 6,7200, Grindsted,412000 ,06-05-1997,Alm. Salg,72,5722,2,1954,
530,Rækkehus,Søndre Boulevard 343,7200, Grindsted,630000 ,05-05-1997,Alm. Salg,88,7159,3,1988,
530,Rækkehus,Søndre Boulevard 353,7200, Grindsted,590014 ,05-05-1997,Alm. Salg,81,7284,3,1986,
530,Rækkehus,Rønnebærvej 19,7200, Grindsted,535000 ,05-05-1997,Alm. Salg,109,4908,4,1000,
530,Villa,Daltoften 7,7200, Grindsted,1225000 ,05-05-1997,Alm. Salg,175,7000,6,1977,
530,Villa,Tårngade 15,6623, Vorbasse,514834 ,05-05-1997,Alm. Salg,203,2536,8,1927,
530,Rækkehus,Sønderkær 339,7190, Billund,641441 ,04-05-1997,Alm. Salg,80,8018,4,1985,
530,Villa,Skovparken 408,7190, Billund,1100000 ,04-05-1997,Alm. Salg,175,6286,6,1967,
530,Villa,Søndervold 252,7200, Grindsted,268000 ,04-05-1997,Alm. Salg,207,1295,6,1997,
530,Villa,Vestergade 47,7200, Grindsted,880000 ,04-05-1997,Alm. Salg,131,6718,3,1954,
530,Villa,Markskellet 50,7190, Billund,1069140 ,02-05-1997,Alm. Salg,122,8763,5,1993,
530,Rækkehus,Granvej 4,7200, Grindsted,529143 ,01-05-1997,Alm. Salg,89,5945,3,1914,
530,Villa,Billundvej 14,7250, Hejnsvig,475000 ,01-05-1997,Alm. Salg,153,3105,7,1927,
530,Villa,Amtsvejen 67,7200, Grindsted,520000 ,01-05-1997,Alm. Salg,150,3467,5,1970,
530,Villa,Engebækgårdvej 20,7260, Sønder Omme,70000 ,01-05-1997,Alm. Salg,77,909,3,1950,
530,Villa,Lupinvænget 25,7200, Grindsted,655000 ,30-04-1997,Alm. Salg,125,5240,4,1963,
530,Villa,Grønningen 40,7190, Billund,1272712 ,30-04-1997,Alm. Salg,146,8717,6,1998,
530,Villa,Kronhedevej 2,7200, Grindsted,1050000 ,29-04-1997,Alm. Salg,164,6402,6,1973,
530,Villa,Bredgade 49,7250, Hejnsvig,350000 ,29-04-1997,Alm. Salg,140,1362,7,1910,
530,Villa,Sønderkær 224,7190, Billund,860829 ,29-04-1997,Alm. Salg,170,5064,5,1977,
530,Villa,Egeparken 6,7260, Sønder Omme,154000 ,28-04-1997,Alm. Salg,164,939,5,1997,
530,Ejerlejlighed,"Grønningen 7, 1. th",7200, Grindsted,475000 ,23-04-1997,Alm. Salg,88,5398,3,1967,
530,Villa,Nørager 73,7260, Sønder Omme,960000 ,23-04-1997,Alm. Salg,163,5890,7,1986,
530,Villa,Enghaven 31,7260, Sønder Omme,515500 ,23-04-1997,Alm. Salg,204,2527,6,1929,
530,Villa,Sønderkær 227,7190, Billund,1329591 ,23-04-1997,Alm. Salg,255,5214,10,1980,
530,Villa,Markskellet 43,7190, Billund,1246247 ,23-04-1997,Alm. Salg,132,9441,5,1989,
530,Villa,Grindstedvej 35,7260, Sønder Omme,528000 ,22-04-1997,Alm. Salg,75,7040,2,1936,
530,Villa,Vestergade 51,7200, Grindsted,540000 ,22-04-1997,Alm. Salg,68,7941,3,1961,
530,Villa,Mølleparken 378,7190, Billund,808736 ,21-04-1997,Alm. Salg,92,8791,4,1981,
530,Villa,Spurvevej 13,7200, Grindsted,390752 ,21-04-1997,Alm. Salg,88,4440,4,1958,
530,Villa,Klosterhedevej 11,7200, Grindsted,827456 ,21-04-1997,Alm. Salg,166,4985,5,1972,
530,Villa,Markskellet 39,7190, Billund,143369 ,20-04-1997,Alm. Salg,177,810,6,1997,
530,Villa,Flintemarken 13,7190, Billund,997153 ,19-04-1997,Alm. Salg,125,7977,6,1991,
530,Villa,Nørrevej 39A,7200, Grindsted,55000 ,17-04-1997,Alm. Salg,167,329,6,1998,
530,Villa,Grønningen 14A,7190, Billund,137970 ,17-04-1997,Alm. Salg,115,1200,5,1998,
530,Villa,Omme Landevej 10,7200, Grindsted,340000 ,16-04-1997,Alm. Salg,277,1227,10,1928,
530,Villa,Tingstedet 51,7190, Billund,213517 ,14-04-1997,Alm. Salg,194,1101,5,1998,
530,Villa,Søndervold 256,7200, Grindsted,1491449 ,14-04-1997,Alm. Salg,146,10215,5,1997,
530,Villa,Bøvlvej 61,7260, Sønder Omme,690000 ,14-04-1997,Fam. Salg,205,3366,7,1924,
530,Rækkehus,Grønningen 24,7190, Billund,529808 ,13-04-1997,Alm. Salg,73,7258,2,1988,
530,Villa,Hørlycks Alle 24,7200, Grindsted,525000 ,12-04-1997,Alm. Salg,83,6325,4,1947,
530,Villa,Nebelvej 50,6623, Vorbasse,170000 ,11-04-1997,Fam. Salg,147,1156,6,1928,
530,Ejerlejlighed,"Hovedgaden 12, 1",7260, Sønder Omme,875000 ,10-04-1997,Alm. Salg,104,8413,3,1919,
530,Ejerlejlighed,"Hovedgaden 12, 2",7260, Sønder Omme,875000 ,10-04-1997,Alm. Salg,150,5833,6,1919,
530,Ejerlejlighed,"Kirke Alle 1, 1",7260, Sønder Omme,875000 ,10-04-1997,Alm. Salg,90,9722,3,1919,
530,Ejerlejlighed,"Kirke Alle 1, st",7260, Sønder Omme,875000 ,10-04-1997,Alm. Salg,60,14583,2,1919,
530,Villa,Mølleparken 350,7190, Billund,1154340 ,10-04-1997,Alm. Salg,156,7400,6,1980,
530,Villa,Skovparken 202,7190, Billund,1800000 ,09-04-1997,Alm. Salg,230,4663,14,1965,
530,Villa,Markskellet 10,7190, Billund,150079 ,09-04-1997,Alm. Salg,163,921,6,1997,
530,Villa,Bygvænget 3,7200, Grindsted,946000 ,09-04-1997,Alm. Salg,177,5345,5,1965,
530,Villa,Grønningen 38,7190, Billund,1043011 ,08-04-1997,Alm. Salg,118,8839,5,1997,
530,Villa,Bygvænget 25,7200, Grindsted,757000 ,08-04-1997,Alm. Salg,147,5150,5,1964,
530,Ejerlejlighed,"Grønningen 9, st. th",7200, Grindsted,401000 ,07-04-1997,Alm. Salg,88,4557,3,1967,
530,Villa,Markskellet 3,7190, Billund,107348 ,07-04-1997,Alm. Salg,140,767,6,1997,
530,Villa,Grønningen 42,7190, Billund,129583 ,06-04-1997,Alm. Salg,147,882,6,1998,
530,Villa,Grønningen 16,7190, Billund,136659 ,06-04-1997,Alm. Salg,175,781,5,1998,
530,Ejerlejlighed,"Grønningen 21, st. tv",7200, Grindsted,335000 ,03-04-1997,Alm. Salg,76,4408,2,1968,
530,Villa,Enghaven 19,7260, Sønder Omme,700000 ,03-04-1997,Andet,181,3867,5,1976,
530,Villa,Nørremarksvej 7,7200, Grindsted,185000 ,03-04-1997,Alm. Salg,303,611,7,1915,
530,Villa,Grønningen 14B,7190, Billund,151055 ,02-04-1997,Alm. Salg,125,1208,5,1997,
530,Rækkehus,Dalsvinget 20A,7200, Grindsted,474400 ,01-04-1997,Alm. Salg,75,6325,3,1978,
530,Rækkehus,Søndervold 22,7200, Grindsted,182157 ,31-03-1997,Andet,59,3087,2,1989,
530,Villa,Fanøvej 2,7200, Grindsted,350000 ,31-03-1997,Alm. Salg,136,2574,5,1972,
530,Villa,Markskellet 12,7190, Billund,150079 ,31-03-1997,Alm. Salg,166,904,6,1998,
530,Villa,Markskellet 44,7190, Billund,1271202 ,31-03-1997,Alm. Salg,153,8309,6,1993,
530,Villa,Hovedgaden 69,7260, Sønder Omme,580000 ,29-03-1997,Alm. Salg,67,8657,2,1947,
530,Villa,Egevænget 114,7190, Billund,835000 ,28-03-1997,Alm. Salg,152,5493,6,1972,
530,Villa,Dalsøvej 183,7200, Grindsted,965000 ,26-03-1997,Alm. Salg,155,6226,6,1981,
530,Villa,Jorden Rundt 11,7200, Grindsted,705000 ,25-03-1997,Alm. Salg,98,7194,4,1961,
530,Villa,Søllingdalvej 30,7250, Hejnsvig,664136 ,25-03-1997,Alm. Salg,124,5356,5,1975,
530,Villa,Rogusavej 3,7250, Hejnsvig,362303 ,24-03-1997,Alm. Salg,148,2448,6,1964,
530,Villa,Hybenvej 8,7200, Grindsted,649000 ,24-03-1997,Alm. Salg,108,6009,4,1967,
530,Villa,Nebelvej 30,6623, Vorbasse,710000 ,24-03-1997,Alm. Salg,226,3142,7,1928,
530,Villa,Tingstedet 55,7190, Billund,234253 ,22-03-1997,Alm. Salg,147,1594,6,1997,
530,Villa,Kirkevej 42,7250, Hejnsvig,510000 ,22-03-1997,Alm. Salg,144,3542,5,1946,
530,Rækkehus,Sydtoften 135,7200, Grindsted,590000 ,20-03-1997,Alm. Salg,82,7195,3,1984,
530,Villa,Tingstedet 65,7190, Billund,194376 ,20-03-1997,Alm. Salg,198,982,8,1997,
530,Villa,Danmarksvej 5,7200, Grindsted,735044 ,20-03-1997,Alm. Salg,138,5326,5,1971,
530,Rækkehus,Dalsøvej 159B,7200, Grindsted,495781 ,19-03-1997,Alm. Salg,82,6046,3,1985,
530,Ejerlejlighed,"Grønningen 23, st. th",7200, Grindsted,295000 ,19-03-1997,Alm. Salg,52,5673,2,1968,
530,Villa,Solbakken 25,7260, Sønder Omme,720000 ,19-03-1997,Alm. Salg,128,5625,5,1977,
530,Villa,Jyllandsgade 20,7200, Grindsted,626884 ,19-03-1997,Alm. Salg,97,6463,4,1951,
530,Villa,Søndervang 5,7200, Grindsted,440000 ,18-03-1997,Alm. Salg,113,3894,4,1960,
530,Rækkehus,Søndervold 60,7200, Grindsted,442536 ,17-03-1997,Alm. Salg,62,7138,2,1993,
530,Villa,Nollundvej 87,7200, Grindsted,684000 ,17-03-1997,Alm. Salg,137,4993,4,1963,
530,Villa,Dalbo 38,7200, Grindsted,880900 ,17-03-1997,Alm. Salg,121,7280,4,1978,
530,Villa,Morsbølvej 70,7200, Grindsted,510000 ,17-03-1997,Fam. Salg,183,2787,5,2015,
530,Villa,Hestkærvej 36,7200, Grindsted,1116447 ,17-03-1997,Alm. Salg,155,7203,5,1999,
530,Rækkehus,Dalsvinget 18E,7200, Grindsted,533000 ,15-03-1997,Alm. Salg,96,5552,4,1978,
530,Villa,Stationsvej 13A,7200, Grindsted,757941 ,15-03-1997,Alm. Salg,130,5830,5,1924,
530,Rækkehus,Grønningen 4B,7190, Billund,596351 ,13-03-1997,Alm. Salg,79,7549,3,1987,
530,Ejerlejlighed,Nørregade 4A,6623, Vorbasse,550000 ,13-03-1997,Alm. Salg,179,3073,6,1902,
530,Villa,Hestkærvej 36,7200, Grindsted,1722074 ,13-03-1997,Alm. Salg,155,11110,5,1999,
530,Villa,Klosterhedevej 5,7200, Grindsted,838834 ,12-03-1997,Alm. Salg,123,6820,4,1973,
530,Villa,Birkebæk Alle 9,7260, Sønder Omme,652000 ,11-03-1997,Alm. Salg,113,5770,4,1966,
530,Villa,Søndre Boulevard 231,7200, Grindsted,1290000 ,11-03-1997,Alm. Salg,157,8217,5,1994,
530,Villa,Mølleparken 364,7190, Billund,916000 ,10-03-1997,Alm. Salg,120,7633,4,1984,
530,Villa,Tyttebærvej 19,7200, Grindsted,998000 ,10-03-1997,Alm. Salg,182,5484,6,1969,
530,Villa,Nollundvej 87,7200, Grindsted,626000 ,09-03-1997,Alm. Salg,137,4569,4,1963,
530,Rækkehus,Søndre Boulevard 387,7200, Grindsted,625000 ,07-03-1997,Alm. Salg,94,6649,3,1986,
530,Villa,Kirkehusvej 8,7200, Grindsted,691363 ,07-03-1997,Alm. Salg,211,3277,7,1950,
530,Villa,Farvergade 19,7260, Sønder Omme,94400 ,07-03-1997,Alm. Salg,161,586,4,2020,
530,Rækkehus,Søndervold 74,7200, Grindsted,512000 ,06-03-1997,Alm. Salg,61,8393,2,1992,
530,Villa,Søgårdvej 65,7250, Hejnsvig,687387 ,06-03-1997,Alm. Salg,164,4191,6,1979,
530,Villa,Boldingvej 3,7250, Hejnsvig,414255 ,06-03-1997,Alm. Salg,129,3211,5,2004,
530,Villa,Irisvej 2,7200, Grindsted,425000 ,06-03-1997,Alm. Salg,116,3664,4,1972,
530,Ejerlejlighed,"Urupvej 12, 1",7200, Grindsted,350000 ,05-03-1997,Alm. Salg,115,3043,3,1940,
530,Ejerlejlighed,"Bredgade 69, 1",7250, Hejnsvig,399000 ,04-03-1997,Alm. Salg,53,7528,3,1918,
530,Villa,Lysningen 10,7190, Billund,325000 ,04-03-1997,Alm. Salg,100,3250,4,1987,
530,Villa,Fælledvej 16,7200, Grindsted,750000 ,04-03-1997,Fam. Salg,153,4902,6,1966,
530,Villa,Sognegårdsvej 6,7200, Grindsted,50750 ,04-03-1997,Alm. Salg,134,379,5,1997,
530,Villa,"Bredgade 69, st",7250, Hejnsvig,399000 ,04-03-1997,Alm. Salg,146,2733,5,1918,
530,Villa,Sommers Alle 8,7200, Grindsted,702704 ,03-03-1997,Alm. Salg,138,5092,5,1917,
530,Villa,Æblevej 11,7250, Hejnsvig,296241 ,03-03-1997,Alm. Salg,65,4558,3,1961,
530,Villa,Nollundvej 111,7200, Grindsted,508400 ,02-03-1997,Alm. Salg,124,4100,4,1961,
530,Villa,Bekkasinvej 6,7200, Grindsted,318752 ,02-03-1997,Alm. Salg,190,1678,5,1959,
530,Ejerlejlighed,Klostervej 26,7200, Grindsted,1410000 ,27-02-1997,Alm. Salg,245,5755,10,1991,
530,Villa,Møbjergvej 47,7260, Sønder Omme,2650000 ,27-02-1997,Andet,247,10729,5,1962,
530,Villa,Krarupvej 3,7200, Grindsted,517600 ,27-02-1997,Alm. Salg,186,2783,4,1963,
530,Villa,Søndre Boulevard 281,7200, Grindsted,895000 ,27-02-1997,Alm. Salg,144,6215,5,1988,
530,Rækkehus,Sønderkær 343,7190, Billund,665595 ,26-02-1997,Alm. Salg,80,8320,4,1985,
530,Villa,Nygade 6,7200, Grindsted,713400 ,26-02-1997,Alm. Salg,143,4989,3,1917,
530,Rækkehus,Fynsgade 11,7200, Grindsted,849997 ,25-02-1997,Alm. Salg,115,7391,4,1996,
530,Villa,Tingstedet 66,7190, Billund,1210000 ,25-02-1997,Alm. Salg,142,8521,6,1997,
530,Villa,Solbakken 40,7260, Sønder Omme,317500 ,24-02-1997,Fam. Salg,133,2387,3,1974,
530,Villa,Tingstedet 98,7190, Billund,184942 ,23-02-1997,Alm. Salg,163,1135,6,1997,
530,Villa,Blåbjergvej 20,7200, Grindsted,460000 ,23-02-1997,Alm. Salg,214,2150,5,2012,
530,Villa,Krogagervej 14,7200, Grindsted,560000 ,20-02-1997,Alm. Salg,143,3916,4,1955,
530,Rækkehus,Rosenvej 14A,7200, Grindsted,397000 ,19-02-1997,Alm. Salg,70,5671,3,1988,
530,Villa,Østervænget 56,6623, Vorbasse,910000 ,19-02-1997,Alm. Salg,145,6276,5,1987,
530,Villa,Tingstedet 61,7190, Billund,1255650 ,19-02-1997,Alm. Salg,167,7519,6,1997,
530,Rækkehus,Søndervold 22,7200, Grindsted,262500 ,18-02-1997,Alm. Salg,59,4449,2,1989,
530,Rækkehus,Sønderkær 341,7190, Billund,693949 ,18-02-1997,Alm. Salg,80,8674,4,1985,
530,Villa,Storegade 25,7200, Grindsted,485000 ,18-02-1997,Alm. Salg,204,2377,6,1920,
530,Villa,Lillesøvej 3,7200, Grindsted,1013245 ,18-02-1997,Alm. Salg,173,5857,6,1976,
530,Villa,Lysningen 4,7190, Billund,933550 ,18-02-1997,Alm. Salg,122,7652,4,1986,
530,Villa,Svinget 13,7200, Grindsted,740000 ,18-02-1997,Alm. Salg,90,8222,3,1952,
530,Villa,Skovparken 302,7190, Billund,795000 ,17-02-1997,Alm. Salg,149,5336,4,2017,
530,Villa,Tjørnevej 16,7200, Grindsted,1150500 ,17-02-1997,Alm. Salg,176,6537,5,1964,
530,Rækkehus,Nørager 87,7260, Sønder Omme,425000 ,16-02-1997,Alm. Salg,77,5519,2,1982,
530,Villa,J P Jensens Vej 11,7200, Grindsted,1083000 ,16-02-1997,Alm. Salg,102,10618,3,1947,
530,Villa,Dalsøvej 169,7200, Grindsted,1260000 ,16-02-1997,Alm. Salg,161,7826,6,1995,
530,Villa,Sjællandsgade 13,7200, Grindsted,703950 ,14-02-1997,Alm. Salg,180,3911,6,1957,
530,Villa,Kirkevej 52,7250, Hejnsvig,303456 ,14-02-1997,Alm. Salg,185,1640,5,1902,
530,Villa,Mølleparken 208,7190, Billund,1135000 ,14-02-1997,Alm. Salg,169,6716,5,1974,
530,Rækkehus,Sønderkær 451,7190, Billund,685000 ,13-02-1997,Alm. Salg,90,7611,3,1983,
530,Rækkehus,Søndre Boulevard 375,7200, Grindsted,620000 ,13-02-1997,Alm. Salg,89,6966,3,1987,
530,Villa,Gammel Vejlevej 19,7200, Grindsted,495741 ,13-02-1997,Alm. Salg,119,4166,4,1947,
530,Rækkehus,Tårnvej 8,7200, Grindsted,569000 ,12-02-1997,Alm. Salg,132,4311,5,1951,
530,Ejerlejlighed,"Grønningen 15, 1. th",7200, Grindsted,395000 ,12-02-1997,Alm. Salg,88,4489,3,1968,
530,Ejerlejlighed,"Grønningen 13, 2. th",7200, Grindsted,287730 ,11-02-1997,Alm. Salg,88,3270,3,1967,
530,Ejerlejlighed,"Grønningen 13, 1. th",7200, Grindsted,307321 ,11-02-1997,Alm. Salg,88,3492,3,1967,
530,Ejerlejlighed,"Grønningen 17, st. tv",7200, Grindsted,307721 ,11-02-1997,Alm. Salg,88,3497,3,1968,
530,Villa,Søndermarksvej 205,7190, Billund,686360 ,10-02-1997,Alm. Salg,123,5580,5,1970,
530,Ejerlejlighed,"Banegårdsvej 27, st",7200, Grindsted,506000 ,09-02-1997,Alm. Salg,66,7667,2,1987,
530,Villa,Birkebæk Alle 15,7260, Sønder Omme,629000 ,09-02-1997,Alm. Salg,128,4914,4,1970,
530,Villa,Brunbjergvej 52,7200, Grindsted,1009826 ,09-02-1997,Alm. Salg,112,9016,8,1962,
530,Villa,Vesterled 12,7260, Sønder Omme,417811 ,08-02-1997,Fam. Salg,111,3764,4,1963,
530,Villa,Gilbjergvej 5,6623, Vorbasse,662189 ,06-02-1997,Alm. Salg,158,4191,4,1953,
530,Villa,Krogagervej 34,7200, Grindsted,711424 ,05-02-1997,Alm. Salg,103,6907,3,1961,
530,Villa,Gammel Bøvlvej 47,7260, Sønder Omme,300000 ,05-02-1997,Alm. Salg,100,3000,3,1969,
530,Villa,Mølleparken 131,7190, Billund,1355476 ,05-02-1997,Alm. Salg,258,5254,7,1976,
530,Villa,Toften 47,7190, Billund,1063000 ,05-02-1997,Alm. Salg,175,6074,6,1969,
530,Villa,Bøvlvej 120,7260, Sønder Omme,854000 ,04-02-1997,Alm. Salg,225,3796,6,1939,
530,Villa,Ribersvej 36,7200, Grindsted,939000 ,04-02-1997,Alm. Salg,140,6707,4,1979,
530,Villa,Farvergade 11,7260, Sønder Omme,1200000 ,03-02-1997,Alm. Salg,189,6349,5,1988,
530,Villa,Tiphedevej 3,7200, Grindsted,831020 ,03-02-1997,Alm. Salg,157,5293,5,1973,
530,Villa,Østergade 27,6623, Vorbasse,895000 ,01-02-1997,Alm. Salg,185,4838,8,1973,
530,Villa,Fynsgade 66,7200, Grindsted,650299 ,31-01-1997,Andet,171,3803,5,1964,
530,Villa,Præstevænget 2,7250, Hejnsvig,635000 ,31-01-1997,Alm. Salg,128,4961,5,1967,
530,Villa,Søndervold 272,7200, Grindsted,266530 ,30-01-1997,Alm. Salg,152,1753,5,1997,
530,Villa,Vestre Boulevard 30,7200, Grindsted,697168 ,29-01-1997,Alm. Salg,149,4679,5,1957,
530,Villa,Hovborgvej 10B,6623, Vorbasse,300000 ,29-01-1997,Alm. Salg,116,2586,5,1997,
530,Rækkehus,Markskellet 19,7190, Billund,589855 ,28-01-1997,Alm. Salg,81,7282,3,1988,
530,Villa,Flintemarken 5,7190, Billund,882951 ,28-01-1997,Alm. Salg,99,8919,4,1989,
530,Rækkehus,Sydtoften 137,7200, Grindsted,621010 ,27-01-1997,Alm. Salg,82,7573,3,1984,
530,Villa,Vestergade 21,7200, Grindsted,737000 ,27-01-1997,Alm. Salg,139,5302,6,1930,
530,Villa,Langgade 50,7250, Hejnsvig,354406 ,27-01-1997,Alm. Salg,151,2347,4,1910,
530,Villa,Parallelvej 8,7260, Sønder Omme,680000 ,26-01-1997,Alm. Salg,133,5113,4,1971,
530,Villa,Bredgade 95,7250, Hejnsvig,205000 ,26-01-1997,Alm. Salg,91,2253,3,1912,
530,Villa,Sønderkær 441,7190, Billund,1051320 ,26-01-1997,Alm. Salg,164,6410,7,1986,
530,Villa,Holdgårdsvej 25,7260, Sønder Omme,477821 ,25-01-1997,Alm. Salg,105,4551,2,1937,
530,Villa,Sønderkær 150,7190, Billund,827000 ,24-01-1997,Alm. Salg,162,5105,5,1976,
530,Villa,Norgesvej 22,7200, Grindsted,900000 ,23-01-1997,Alm. Salg,165,5455,6,1970,
530,Villa,Fyrrevænget 407,7190, Billund,700000 ,23-01-1997,Alm. Salg,108,6481,3,1970,
530,Villa,Nebelvej 21,6623, Vorbasse,230000 ,23-01-1997,Alm. Salg,67,3433,2,1952,
530,Villa,Sønderhedevej 6,7200, Grindsted,1000000 ,22-01-1997,Alm. Salg,191,5236,8,1973,
530,Villa,Ribersvej 224,7200, Grindsted,775000 ,21-01-1997,Alm. Salg,120,6458,5,1980,
530,Villa,Annexvej 3B,7190, Billund,1362000 ,21-01-1997,Alm. Salg,256,5320,12,1966,
530,Villa,Bøvlvej 108,7260, Sønder Omme,535000 ,20-01-1997,Alm. Salg,152,3520,6,1953,
530,Villa,Østerbrogade 11,7200, Grindsted,945000 ,20-01-1997,Alm. Salg,148,6385,6,1923,
530,Villa,Hørlycks Alle 18,7200, Grindsted,252000 ,19-01-1997,Alm. Salg,142,1775,4,1997,
530,Villa,Tingstedet 53,7190, Billund,1193365 ,17-01-1997,Alm. Salg,176,6780,7,1997,
530,Villa,Tingstedet 76,7190, Billund,1267948 ,16-01-1997,Alm. Salg,165,7685,7,1997,
530,Villa,Sønderkær 178,7190, Billund,985978 ,16-01-1997,Alm. Salg,139,7093,4,1977,
530,Ejerlejlighed,"Grønningen 19, 2. tv",7200, Grindsted,360752 ,15-01-1997,Alm. Salg,88,4099,3,1968,
530,Villa,Vilhelmsmindevej 47,7260, Sønder Omme,764776 ,15-01-1997,Alm. Salg,252,3035,6,1900,
530,Villa,Drivvejen 22,6623, Vorbasse,346062 ,14-01-1997,Fam. Salg,152,2277,6,1977,
530,Rækkehus,Sønderkær 331,7190, Billund,795000 ,13-01-1997,Alm. Salg,128,6211,4,1980,
530,Villa,Ahornvej 1,7200, Grindsted,1111000 ,13-01-1997,Alm. Salg,185,6005,6,1965,
530,Villa,Dalagervej 1,6623, Vorbasse,465000 ,12-01-1997,Alm. Salg,82,5671,3,1942,
530,Villa,Amtsvejen 23,7200, Grindsted,170000 ,12-01-1997,Alm. Salg,97,1753,4,1942,
530,Villa,Læsøvej 11,7200, Grindsted,557648 ,11-01-1997,Alm. Salg,108,5163,4,1969,
530,Rækkehus,Lærkevang 17,7200, Grindsted,850000 ,10-01-1997,Alm. Salg,115,7391,4,1996,
530,Villa,Fynsgade 5,7200, Grindsted,900000 ,10-01-1997,Alm. Salg,130,6923,5,1960,
530,Villa,Bøgevangen 6,7200, Grindsted,720000 ,09-01-1997,Alm. Salg,173,4162,6,1961,
530,Villa,Labrivej 4,6623, Vorbasse,77880 ,09-01-1997,Alm. Salg,162,481,6,1998,
530,Villa,Ahornvej 4,7200, Grindsted,850000 ,08-01-1997,Alm. Salg,139,6115,5,1965,
530,Villa,Tingstedet 77,7190, Billund,237335 ,07-01-1997,Alm. Salg,163,1456,6,1998,
530,Villa,Krogen 9,7200, Grindsted,621268 ,05-01-1997,Alm. Salg,92,6753,2,1955,
530,Villa,Højene 4,7250, Hejnsvig,485000 ,05-01-1997,Fam. Salg,133,3647,5,1973,
530,Villa,Stationsvej 27,7200, Grindsted,447000 ,04-01-1997,Alm. Salg,195,2292,7,1920,
530,Villa,Søndervold 254,7200, Grindsted,268000 ,03-01-1997,Alm. Salg,130,2062,5,1997,
530,Rækkehus,Lysningen 50,7190, Billund,659644 ,02-01-1997,Alm. Salg,86,7670,3,1988,
530,Villa,Tingstedet 59,7190, Billund,203454 ,02-01-1997,Alm. Salg,158,1288,6,1997,
530,Villa,Gyvelvej 10,7200, Grindsted,499000 ,29-12-1996,Alm. Salg,73,6836,4,1960,
530,Villa,Gyvelvej 11,7200, Grindsted,1400000 ,29-12-1996,Alm. Salg,197,7107,7,1950,
530,Villa,Nørrevej 9,7200, Grindsted,250000 ,27-12-1996,Alm. Salg,108,2315,4,1977,
530,Villa,Bygvænget 15,7200, Grindsted,890000 ,26-12-1996,Alm. Salg,153,5817,5,1963,
530,Villa,Kløvervænget 13,7200, Grindsted,452200 ,22-12-1996,Alm. Salg,78,5797,3,1964,
530,Villa,Islandsvej 3,7200, Grindsted,808064 ,22-12-1996,Alm. Salg,144,5612,5,1972,
530,Villa,Mølleparken 340,7190, Billund,848073 ,22-12-1996,Alm. Salg,148,5730,6,1984,
530,Villa,Flintemarken 30,7190, Billund,1187111 ,19-12-1996,Alm. Salg,146,8131,6,1990,
530,Villa,Birkevangen 6,7200, Grindsted,552000 ,19-12-1996,Alm. Salg,79,6987,3,1960,
530,Villa,Åhavevej 34,7200, Grindsted,1450000 ,18-12-1996,Alm. Salg,214,6776,8,1973,
530,Villa,Lupinvænget 4,7200, Grindsted,755000 ,18-12-1996,Alm. Salg,107,7056,4,1964,
530,Villa,Ølgodvej 28,7200, Grindsted,261768 ,16-12-1996,Alm. Salg,209,1252,7,1940,
530,Villa,Højene 10,7250, Hejnsvig,850000 ,16-12-1996,Alm. Salg,168,5060,5,1971,
530,Villa,Flintemarken 51,7190, Billund,1171000 ,16-12-1996,Alm. Salg,172,6808,5,1994,
530,Villa,Mølleparken 364,7190, Billund,450000 ,15-12-1996,Fam. Salg,120,3750,4,1984,
530,Villa,Drosselvej 4,6623, Vorbasse,790000 ,15-12-1996,Alm. Salg,132,5985,4,1978,
530,Villa,Teglgaardsvej 16,7200, Grindsted,390000 ,14-12-1996,Alm. Salg,114,3421,5,1953,
530,Villa,Ribersvej 118,7200, Grindsted,809000 ,13-12-1996,Alm. Salg,121,6686,4,1979,
530,Villa,Østervangsvej 3,7200, Grindsted,887889 ,12-12-1996,Fam. Salg,336,2643,10,1914,
530,Villa,Stenvej 13,7200, Grindsted,796000 ,12-12-1996,Alm. Salg,132,6030,4,1961,
530,Villa,Gammel Vejlevej 28,7200, Grindsted,398229 ,11-12-1996,Alm. Salg,180,2212,7,1913,
530,Villa,Krogagervej 16,7200, Grindsted,620872 ,11-12-1996,Alm. Salg,152,4085,5,1957,
530,Villa,Holdgårdsvej 34,7260, Sønder Omme,600000 ,11-12-1996,Fam. Salg,160,3750,5,1974,
530,Villa,Vestre Boulevard 32,7200, Grindsted,630000 ,10-12-1996,Alm. Salg,102,6176,4,1960,
530,Villa,Simmelbrovej 33,7260, Sønder Omme,740000 ,09-12-1996,Alm. Salg,181,4088,8,1840,
530,Villa,Gribsøvej 6,7200, Grindsted,908000 ,09-12-1996,Alm. Salg,176,5159,7,1974,
530,Villa,Tingstedet 83,7190, Billund,193308 ,09-12-1996,Alm. Salg,159,1216,6,1997,
530,Villa,Grindstedvej 46,7260, Sønder Omme,595000 ,09-12-1996,Alm. Salg,119,5000,5,1956,
530,Villa,Tingstedet 57,7190, Billund,191322 ,08-12-1996,Alm. Salg,139,1376,6,1997,
530,Rækkehus,Vesterled 4,7260, Sønder Omme,270000 ,07-12-1996,Alm. Salg,56,4821,1,1948,
530,Villa,Tranevej 4,7200, Grindsted,1138115 ,07-12-1996,Alm. Salg,168,6774,5,1976,
530,Villa,Sønderkær 431,7190, Billund,884650 ,04-12-1996,Alm. Salg,123,7192,4,1986,
530,Villa,Søndre Boulevard 313,7200, Grindsted,1039000 ,04-12-1996,Alm. Salg,136,7640,6,1987,
530,Villa,Nørager 27,7260, Sønder Omme,676000 ,04-12-1996,Alm. Salg,145,4662,5,1980,
530,Villa,Hovedgaden 32C,7190, Billund,960000 ,02-12-1996,Alm. Salg,140,6857,5,1978,
530,Villa,Søndergade 10,6623, Vorbasse,325000 ,02-12-1996,Fam. Salg,124,2621,4,1955,
530,Villa,Pilealle 15,7200, Grindsted,678000 ,28-11-1996,Alm. Salg,171,3965,5,1978,
530,Villa,Fromssejervej 16,6623, Vorbasse,201045 ,27-11-1996,Alm. Salg,109,1844,4,1965,
530,Villa,Sønderkær 180,7190, Billund,1033982 ,26-11-1996,Alm. Salg,181,5713,7,1977,
530,Villa,Nørrevej 43A,7200, Grindsted,50000 ,25-11-1996,Alm. Salg,136,368,5,1997,
530,Villa,Tingstedet 84,7190, Billund,143468 ,25-11-1996,Alm. Salg,170,844,6,1997,
530,Villa,Teglgaardsvej 6,7200, Grindsted,165000 ,24-11-1996,Fam. Salg,147,1122,5,1910,
530,Villa,Vibes Alle 19,7200, Grindsted,632160 ,24-11-1996,Alm. Salg,89,7103,3,1947,
530,Villa,Skovbrynet 6,7260, Sønder Omme,880534 ,24-11-1996,Alm. Salg,173,5090,5,1970,
530,Villa,Hedegårdsvej 12,7190, Billund,267500 ,24-11-1996,Alm. Salg,154,1737,6,1997,
530,Villa,Amtsvejen 19A,7200, Grindsted,395721 ,21-11-1996,Alm. Salg,155,2553,6,1907,
530,Villa,Tolvalenvej 15,7260, Sønder Omme,150000 ,21-11-1996,Alm. Salg,142,1056,6,1965,
530,Villa,Rungborgvej 13,7250, Hejnsvig,663406 ,20-11-1996,Alm. Salg,175,3791,7,1961,
530,Villa,Bredgade 3,7250, Hejnsvig,143192 ,20-11-1996,Alm. Salg,201,712,6,1872,
530,Rækkehus,Grindstedvej 6,7260, Sønder Omme,328000 ,19-11-1996,Alm. Salg,87,3770,4,1930,
530,Rækkehus,Mølleparken 302D,7190, Billund,523500 ,19-11-1996,Alm. Salg,77,6799,3,1985,
530,Rækkehus,Mølleparken 302C,7190, Billund,588457 ,18-11-1996,Alm. Salg,77,7642,3,1985,
530,Villa,Vestervang 11,7190, Billund,500000 ,18-11-1996,Alm. Salg,156,3205,6,1986,
530,Villa,Labrivej 1,6623, Vorbasse,115940 ,18-11-1996,Alm. Salg,166,698,6,1997,
530,Villa,Søndervold 118,7200, Grindsted,206530 ,16-11-1996,Alm. Salg,181,1141,6,1997,
530,Ejerlejlighed,"Grønningen 19, st. tv",7200, Grindsted,353082 ,14-11-1996,Fam. Salg,88,4012,3,1968,
530,Villa,Tårngade 8,6623, Vorbasse,585000 ,14-11-1996,Alm. Salg,191,3063,6,1930,
530,Villa,Nørregade 60A,7200, Grindsted,887500 ,14-11-1996,Alm. Salg,154,5763,4,1923,
530,Villa,Højene 7,7250, Hejnsvig,611709 ,14-11-1996,Alm. Salg,128,4779,5,1972,
530,Villa,Skovparken 418,7190, Billund,1021199 ,12-11-1996,Alm. Salg,173,5903,7,1965,
530,Villa,Engsøparken 99,7200, Grindsted,271000 ,12-11-1996,Alm. Salg,156,1737,4,1998,
530,Villa,Fasanvej 5,7190, Billund,623646 ,11-11-1996,Alm. Salg,90,6929,4,1960,
530,Rækkehus,Banegårdsvej 5,7200, Grindsted,764988 ,10-11-1996,Alm. Salg,108,7083,4,1985,
530,Villa,Ribersvej 190,7200, Grindsted,667498 ,10-11-1996,Alm. Salg,100,6675,4,1981,
530,Villa,Aakjærsvej 5,7200, Grindsted,662208 ,10-11-1996,Alm. Salg,95,6971,3,1946,
530,Villa,Plagborgvej 17,7200, Grindsted,570000 ,06-11-1996,Alm. Salg,121,4711,5,1958,
530,Villa,Nørreled 23,7200, Grindsted,685000 ,05-11-1996,Alm. Salg,188,3644,5,1939,
530,Villa,Langesøvej 3,7200, Grindsted,1090000 ,04-11-1996,Alm. Salg,160,6813,6,1975,
530,Villa,Skødebjergvej 12,6623, Vorbasse,489000 ,04-11-1996,Alm. Salg,193,2534,6,1910,
530,Villa,Østerbo 4,7250, Hejnsvig,100000 ,01-11-1996,Alm. Salg,127,787,4,1999,
530,Rækkehus,Søndre Boulevard 381,7200, Grindsted,597000 ,31-10-1996,Alm. Salg,81,7370,3,1987,
530,Villa,Tingvejen 370,7200, Grindsted,1824710 ,31-10-1996,Alm. Salg,260,7018,8,1968,
530,Villa,Labrivej 6,6623, Vorbasse,91740 ,31-10-1996,Alm. Salg,123,746,4,1997,
530,Rækkehus,Søndre Boulevard 395,7200, Grindsted,593731 ,30-10-1996,Alm. Salg,81,7330,3,1987,
530,Villa,Engsøparken 93,7200, Grindsted,341000 ,30-10-1996,Alm. Salg,160,2131,5,1999,
530,Villa,Hedegårdsvej 14,7190, Billund,279600 ,30-10-1996,Alm. Salg,162,1726,6,1998,
530,Villa,Nørrevej 28,7200, Grindsted,283392 ,29-10-1996,Alm. Salg,267,1061,8,1977,
530,Villa,Blichersvej 14,7200, Grindsted,362225 ,29-10-1996,Alm. Salg,146,2481,4,1940,
530,Villa,Søllingdalvej 64,7250, Hejnsvig,375000 ,28-10-1996,Fam. Salg,157,2389,5,1976,
530,Villa,Grindstedvej 62,7260, Sønder Omme,227500 ,27-10-1996,Alm. Salg,100,2275,3,1927,
530,Villa,Plougslundvej 183,7190, Billund,884000 ,27-10-1996,Alm. Salg,139,6360,5,1972,
530,Villa,Søndre Boulevard 263,7200, Grindsted,1185700 ,26-10-1996,Alm. Salg,176,6737,6,1989,
530,Villa,Nygade 3,6623, Vorbasse,504000 ,25-10-1996,Alm. Salg,142,3549,5,1971,
530,Villa,Søndervold 270,7200, Grindsted,266530 ,24-10-1996,Alm. Salg,197,1353,7,1997,
530,Villa,Nørrevej 39B,7200, Grindsted,55000 ,23-10-1996,Alm. Salg,196,281,7,2005,
530,Villa,Vibes Alle 17,7200, Grindsted,240000 ,23-10-1996,Alm. Salg,94,2553,3,1939,
530,Villa,Aakjærsvej 16,7200, Grindsted,425000 ,23-10-1996,Alm. Salg,107,3972,4,1946,
530,Rækkehus,Søndervold 6,7200, Grindsted,727173 ,22-10-1996,Alm. Salg,137,5308,4,1992,
530,Villa,Flintemarken 69,7190, Billund,1060000 ,22-10-1996,Alm. Salg,137,7737,6,1995,
530,Villa,Sydtoften 103,7200, Grindsted,1117000 ,21-10-1996,Alm. Salg,157,7115,5,1981,
530,Villa,Skovstien 4,7200, Grindsted,460000 ,21-10-1996,Alm. Salg,97,4742,4,1951,
530,Villa,Sønderkær 289,7190, Billund,1084000 ,20-10-1996,Alm. Salg,182,5956,6,1978,
530,Villa,Rogusavej 1,7250, Hejnsvig,262000 ,20-10-1996,Alm. Salg,153,1712,4,1962,
530,Villa,Søndervold 262,7200, Grindsted,273000 ,20-10-1996,Alm. Salg,177,1542,4,1999,
530,Villa,Ribersvej 6,7200, Grindsted,795000 ,20-10-1996,Alm. Salg,182,4368,6,1978,
530,Villa,Vejle Landevej 55,7200, Grindsted,541694 ,16-10-1996,Alm. Salg,151,3587,5,1952,
530,Villa,Tingstedet 94,7190, Billund,1260000 ,15-10-1996,Alm. Salg,165,7636,7,1996,
530,Villa,Søndervold 278,7200, Grindsted,266530 ,14-10-1996,Alm. Salg,158,1687,5,1997,
530,Villa,Enevej 6,7200, Grindsted,1025000 ,12-10-1996,Alm. Salg,136,7537,4,1987,
530,Villa,Møllevænget 13,7190, Billund,702000 ,12-10-1996,Alm. Salg,116,6052,4,1965,
530,Rækkehus,Søndervold 68,7200, Grindsted,483760 ,10-10-1996,Alm. Salg,61,7930,2,1992,
530,Rækkehus,Dalsvinget 20B,7200, Grindsted,589257 ,10-10-1996,Alm. Salg,102,5777,4,1978,
530,Villa,Søndermarksvej 111,7190, Billund,702450 ,10-10-1996,Alm. Salg,169,4157,7,1969,
530,Villa,Dalgasvej 7,7200, Grindsted,421425 ,10-10-1996,Alm. Salg,94,4483,3,1958,
530,Villa,Sønderkær 216,7190, Billund,788000 ,09-10-1996,Alm. Salg,103,7650,4,1979,
530,Villa,Søndervold 266,7200, Grindsted,260000 ,08-10-1996,Alm. Salg,156,1667,5,1996,
530,Villa,Tingstedet 63,7190, Billund,181532 ,07-10-1996,Alm. Salg,195,931,8,1997,
530,Villa,Kærvej 9,7200, Grindsted,600000 ,07-10-1996,Fam. Salg,63,9524,3,1920,
530,Villa,Skolegade 15,7200, Grindsted,635000 ,07-10-1996,Alm. Salg,131,4847,6,1927,
530,Villa,Jyllandsgade 6,7200, Grindsted,660000 ,04-10-1996,Alm. Salg,105,6286,4,1948,
530,Villa,Mølleparken 422,7190, Billund,1147209 ,03-10-1996,Alm. Salg,161,7126,5,1984,
530,Villa,"Søndermarksvej 202A, st. th",7190, Billund,1759387 ,03-10-1996,Alm. Salg,138,12749,4,1975,
530,Rækkehus,Nørregade 26B,7200, Grindsted,650000 ,02-10-1996,Alm. Salg,93,6989,4,1986,
530,Villa,Søndervold 258,7200, Grindsted,955000 ,02-10-1996,Alm. Salg,151,6325,5,1997,
530,Villa,Sønderkær 111,7190, Billund,231539 ,02-10-1996,Fam. Salg,112,2067,4,1978,
530,Villa,Tiphedevej 1,7200, Grindsted,850000 ,02-10-1996,Alm. Salg,150,5667,6,1973,
530,Villa,Dalsøvej 135,7200, Grindsted,1005300 ,29-09-1996,Alm. Salg,144,6981,5,1987,
530,Villa,Grindsted Landevej 10,7200, Grindsted,440000 ,27-09-1996,Alm. Salg,108,4074,4,1953,
530,Villa,Vestervang 25,7190, Billund,1025452 ,27-09-1996,Alm. Salg,156,6573,6,1986,
530,Rækkehus,Prærien 42,7200, Grindsted,609000 ,26-09-1996,Alm. Salg,101,6030,4,1984,
530,Villa,Sønderkær 411,7190, Billund,1003000 ,26-09-1996,Alm. Salg,158,6348,6,1986,
530,Villa,Skødevej 7,6623, Vorbasse,275000 ,26-09-1996,Alm. Salg,71,3873,6,1933,
530,Rækkehus,Søndre Boulevard 351,7200, Grindsted,595000 ,24-09-1996,Alm. Salg,77,7727,3,1986,
530,Villa,Sdr. Almstokvej 2,6623, Vorbasse,1248464 ,23-09-1996,Alm. Salg,221,5649,5,1984,
530,Villa,Engebækgårdvej 58,7260, Sønder Omme,700000 ,23-09-1996,Andet,100,7000,3,1984,
530,Villa,Egeparken 4,7260, Sønder Omme,153000 ,23-09-1996,Alm. Salg,124,1234,5,1997,
530,Villa,Krarupvej 5,7200, Grindsted,195000 ,22-09-1996,Fam. Salg,130,1500,4,1965,
530,Villa,Sønderkær 225,7190, Billund,930350 ,22-09-1996,Alm. Salg,130,7157,5,1979,
530,Rækkehus,Sønderkær 487,7190, Billund,505600 ,20-09-1996,Alm. Salg,77,6566,3,1983,
530,Villa,Egeparken 4,7260, Sønder Omme,1178369 ,20-09-1996,Alm. Salg,124,9503,5,1997,
530,Villa,Bredgade 3,7250, Hejnsvig,475000 ,19-09-1996,Alm. Salg,201,2363,6,1872,
530,Villa,Nørrevej 14,7200, Grindsted,595000 ,18-09-1996,Alm. Salg,122,4877,2,1943,
530,Villa,Skovparken 210,7190, Billund,879848 ,18-09-1996,Alm. Salg,190,4631,6,1969,
530,Villa,Almstokvej 37,6623, Vorbasse,186508 ,18-09-1996,Alm. Salg,168,1110,5,1955,
530,Villa,Søndermarksvej 406,7190, Billund,760300 ,18-09-1996,Alm. Salg,119,6389,4,1971,
530,Rækkehus,Sønderkær 475,7190, Billund,710000 ,17-09-1996,Alm. Salg,100,7100,5,1986,
530,Villa,Markskellet 88,7190, Billund,1073000 ,17-09-1996,Alm. Salg,148,7250,5,1987,
530,Villa,Labrivej 5,6623, Vorbasse,92950 ,15-09-1996,Alm. Salg,166,560,5,1997,
530,Villa,Søndervold 260,7200, Grindsted,268000 ,14-09-1996,Alm. Salg,179,1497,5,1996,
530,Villa,Tingvejen 315,7200, Grindsted,600000 ,13-09-1996,Alm. Salg,151,3974,5,1958,
530,Villa,Skjoldbjergvej 6B,6623, Vorbasse,802000 ,12-09-1996,Alm. Salg,123,6520,5,1988,
530,Villa,Egeparken 18,7260, Sønder Omme,156000 ,11-09-1996,Alm. Salg,188,830,7,1997,
530,Villa,Labrivej 3,6623, Vorbasse,94820 ,11-09-1996,Alm. Salg,158,600,6,1997,
530,Villa,Gammel Hejnsvigvej 12,7190, Billund,737000 ,11-09-1996,Alm. Salg,119,6193,5,1967,
530,Villa,Søndervænget 4,6623, Vorbasse,679757 ,10-09-1996,Alm. Salg,110,6180,4,1989,
530,Villa,Ølgodvej 28,7200, Grindsted,505000 ,09-09-1996,Alm. Salg,209,2416,7,1940,
530,Villa,Sønderhedevej 17,6623, Vorbasse,650000 ,08-09-1996,Alm. Salg,170,3824,4,1939,
530,Villa,Østergade 14,7200, Grindsted,910000 ,06-09-1996,Alm. Salg,154,5909,6,1916,
530,Rækkehus,Søndre Boulevard 377,7200, Grindsted,544000 ,05-09-1996,Alm. Salg,81,6716,3,1987,
530,Ejerlejlighed,Nørregade 4C,6623, Vorbasse,320023 ,05-09-1996,Alm. Salg,95,3369,3,1902,
530,Villa,Aakjærsvej 2,7200, Grindsted,615000 ,05-09-1996,Alm. Salg,94,6543,2,1942,
530,Rækkehus,Sydtoften 133,7200, Grindsted,568000 ,04-09-1996,Alm. Salg,82,6927,3,1984,
530,Rækkehus,Søndervold 76,7200, Grindsted,520000 ,03-09-1996,Alm. Salg,62,8387,2,1992,
530,Villa,Simmelbrovej 49,7260, Sønder Omme,1437440 ,03-09-1996,Alm. Salg,109,13188,4,2003,
530,Villa,Skovvang 9,7260, Sønder Omme,566000 ,02-09-1996,Alm. Salg,166,3410,4,1952,
530,Villa,Østerbrogade 13,7200, Grindsted,765000 ,02-09-1996,Alm. Salg,150,5100,7,1930,
530,Rækkehus,Vejlevej 5,7260, Sønder Omme,2200000 ,01-09-1996,Alm. Salg,197,11168,4,1970,
530,Villa,Enghaven 41,7260, Sønder Omme,170000 ,01-09-1996,Alm. Salg,238,714,7,1998,
530,Villa,Vestergade 108,7200, Grindsted,860000 ,01-09-1996,Alm. Salg,186,4624,9,1959,
530,Villa,Søndervold 250,7200, Grindsted,233000 ,30-08-1996,Alm. Salg,221,1054,7,1997,
530,Villa,Søndervang 21,7200, Grindsted,39000 ,30-08-1996,Alm. Salg,128,305,4,1997,
530,Villa,Lupinvænget 34,7200, Grindsted,415000 ,29-08-1996,Fam. Salg,183,2268,6,1963,
530,Villa,Klodhøjvej 6,7250, Hejnsvig,494000 ,29-08-1996,Alm. Salg,112,4411,4,1940,
530,Villa,Glentevej 19,7200, Grindsted,680000 ,29-08-1996,Alm. Salg,122,5574,4,1959,
530,Villa,Bogfinkevej 7,7190, Billund,625450 ,29-08-1996,Alm. Salg,105,5957,4,1924,
530,Villa,Langesøvej 1,7200, Grindsted,940160 ,28-08-1996,Alm. Salg,142,6621,5,1975,
530,Villa,Nebelvej 31,6623, Vorbasse,600000 ,28-08-1996,Alm. Salg,228,2632,6,1910,
530,Villa,Markskellet 11,7190, Billund,120402 ,28-08-1996,Alm. Salg,159,757,6,1997,
530,Rækkehus,Østre Alle 10,7200, Grindsted,735386 ,27-08-1996,Alm. Salg,80,9192,3,1937,
530,Ejerlejlighed,"Bredgade 69, 1",7250, Hejnsvig,300000 ,27-08-1996,Alm. Salg,53,5660,3,1918,
530,Villa,Drivvejen 16,6623, Vorbasse,290000 ,27-08-1996,Alm. Salg,137,2117,5,1980,
530,Villa,"Bredgade 69, st",7250, Hejnsvig,300000 ,27-08-1996,Alm. Salg,146,2055,5,1918,
530,Rækkehus,Sydtoften 151,7200, Grindsted,542435 ,26-08-1996,Alm. Salg,105,5166,4,1984,
530,Villa,Kirkevænget 26,6623, Vorbasse,90000 ,26-08-1996,Alm. Salg,148,608,5,1998,
530,Villa,Bygvænget 13,7200, Grindsted,847985 ,26-08-1996,Alm. Salg,172,4930,5,1964,
530,Villa,Grønvang 23,7260, Sønder Omme,600000 ,25-08-1996,Alm. Salg,116,5172,4,1970,
530,Villa,Holdgårdsvej 33,7260, Sønder Omme,608089 ,25-08-1996,Alm. Salg,110,5528,3,1939,
530,Villa,Søllingdalvej 34,7250, Hejnsvig,650000 ,22-08-1996,Alm. Salg,142,4577,6,1976,
530,Villa,Ribersvej 136,7200, Grindsted,975000 ,21-08-1996,Alm. Salg,153,6373,6,1979,
530,Villa,Søllingdalvej 74,7250, Hejnsvig,605000 ,21-08-1996,Alm. Salg,112,5402,4,1977,
530,Villa,Tingstedet 2,7190, Billund,1475000 ,21-08-1996,Alm. Salg,160,9219,6,1996,
530,Villa,Sønderkær 391,7190, Billund,855000 ,20-08-1996,Alm. Salg,121,7066,4,1985,
530,Villa,Hellevej 8,7200, Grindsted,554232 ,20-08-1996,Alm. Salg,135,4105,5,1932,
530,Villa,Nygade 32,7200, Grindsted,618000 ,19-08-1996,Alm. Salg,120,5150,3,1949,
530,Villa,Ahornvej 9,7200, Grindsted,440000 ,15-08-1996,Alm. Salg,87,5057,4,1965,
530,Villa,Morsbøl Skolevej 18,7200, Grindsted,710000 ,14-08-1996,Alm. Salg,194,3660,6,1968,
530,Villa,Tingstedet 71,7190, Billund,241385 ,13-08-1996,Alm. Salg,180,1341,6,1998,
530,Villa,Sognegårdsvej 1,7200, Grindsted,462113 ,13-08-1996,Fam. Salg,119,3883,3,1960,
530,Villa,Markskellet 30,7190, Billund,745976 ,12-08-1996,Fam. Salg,100,7460,5,1987,
530,Villa,Finlandsvej 11,7200, Grindsted,897709 ,09-08-1996,Alm. Salg,185,4852,6,1969,
530,Villa,Abildvej 20,7200, Grindsted,565000 ,08-08-1996,Alm. Salg,81,6975,3,1971,
530,Villa,Søndervold 128,7200, Grindsted,1276280 ,07-08-1996,Alm. Salg,144,8863,5,1997,
530,Villa,Tingstedet 7,7190, Billund,641322 ,07-08-1996,Alm. Salg,142,4516,4,1994,
530,Villa,Tronsø Parkvej 9,7200, Grindsted,259262 ,06-08-1996,Alm. Salg,89,2913,3,1949,
530,Rækkehus,Markskellet 20,7190, Billund,544000 ,05-08-1996,Andet,95,5726,3,1988,
530,Villa,Lupinvænget 26,7200, Grindsted,665000 ,05-08-1996,Alm. Salg,101,6584,3,1963,
530,Villa,Jørgen Glavinds Vej 15,7200, Grindsted,375000 ,04-08-1996,Alm. Salg,80,4688,4,1960,
530,Rækkehus,Sydtoften 25A,7200, Grindsted,585000 ,02-08-1996,Alm. Salg,82,7134,3,1983,
530,Villa,Vestergade 62,7200, Grindsted,657092 ,01-08-1996,Alm. Salg,94,6990,3,1952,
530,Villa,Markskellet 37,7190, Billund,1165508 ,30-07-1996,Alm. Salg,181,6439,8,1993,
530,Villa,Markskellet 58,7190, Billund,106300 ,29-07-1996,Alm. Salg,114,932,4,1997,
530,Villa,Nørrevej 37B,7200, Grindsted,55000 ,28-07-1996,Alm. Salg,139,396,5,1998,
530,Villa,Primulavej 19,7200, Grindsted,975000 ,28-07-1996,Alm. Salg,169,5769,5,1966,
530,Villa,Søndervænget 3,6623, Vorbasse,745000 ,27-07-1996,Alm. Salg,123,6057,4,1989,
530,Villa,Klosterhedevej 1,7200, Grindsted,700000 ,25-07-1996,Alm. Salg,151,4636,4,1972,
530,Villa,Stenvej 19,7200, Grindsted,695000 ,24-07-1996,Alm. Salg,123,5650,5,1962,
530,Villa,Grønningen 20,7190, Billund,127894 ,24-07-1996,Alm. Salg,139,920,5,1998,
530,Villa,Hestkærvej 15,7200, Grindsted,315000 ,22-07-1996,Fam. Salg,114,2763,5,1909,
530,Villa,Kobjergvej 9,7190, Billund,300000 ,21-07-1996,Fam. Salg,112,2679,4,1907,
530,Villa,Mølleparken 410,7190, Billund,853000 ,18-07-1996,Alm. Salg,120,7108,4,1985,
530,Villa,Rahbæksvej 12,7260, Sønder Omme,600000 ,17-07-1996,Alm. Salg,153,3922,4,1977,
530,Villa,Hørlycks Alle 28,7200, Grindsted,540000 ,17-07-1996,Alm. Salg,80,6750,3,1961,
530,Villa,Sydtoften 79,7200, Grindsted,1093750 ,17-07-1996,Alm. Salg,153,7149,6,1984,
530,Villa,Østergade 15,6623, Vorbasse,420000 ,15-07-1996,Alm. Salg,224,1875,10,1923,
530,Villa,Tingstedet 82,7190, Billund,176904 ,14-07-1996,Alm. Salg,157,1127,4,1997,
530,Villa,Grønningen 18,7190, Billund,140216 ,14-07-1996,Alm. Salg,139,1009,4,1996,
530,Villa,Nebelvej 10,6623, Vorbasse,340000 ,13-07-1996,Alm. Salg,117,2906,3,1957,
530,Villa,Flintemarken 4,7190, Billund,845000 ,12-07-1996,Alm. Salg,158,5348,6,1987,
530,Rækkehus,Søndre Boulevard 345,7200, Grindsted,559000 ,11-07-1996,Alm. Salg,81,6901,3,1987,
530,Villa,Rugvænget 7,7200, Grindsted,627000 ,10-07-1996,Alm. Salg,166,3777,5,1962,
530,Villa,Nebelvej 3,6623, Vorbasse,270000 ,09-07-1996,Alm. Salg,124,2177,4,2016,
530,Villa,Trædemarkvej 9,7200, Grindsted,310000 ,07-07-1996,Alm. Salg,158,1962,4,1913,
530,Villa,Sønderkær 162,7190, Billund,920000 ,06-07-1996,Alm. Salg,167,5509,6,1977,
530,Villa,Aakjærsvej 11,7200, Grindsted,688000 ,06-07-1996,Alm. Salg,96,7167,3,1948,
530,Villa,Engvej 16,7200, Grindsted,492000 ,04-07-1996,Alm. Salg,153,3216,4,1918,
530,Villa,Mølleparken 356,7190, Billund,717500 ,03-07-1996,Alm. Salg,125,5740,4,1981,
530,Villa,Tranebærvej 12,7200, Grindsted,725000 ,02-07-1996,Alm. Salg,111,6532,4,1966,
530,Villa,Mølleparken 147,7190, Billund,785000 ,02-07-1996,Alm. Salg,124,6331,4,1976,
530,Villa,Rømøvej 10,7200, Grindsted,1174761 ,02-07-1996,Alm. Salg,177,6637,7,1971,
530,Rækkehus,Sønderkær 427A,7190, Billund,526000 ,01-07-1996,Alm. Salg,77,6831,3,1986,
530,Villa,Vedbendvej 8,7200, Grindsted,1202000 ,30-06-1996,Alm. Salg,251,4789,7,1975,
530,Villa,Ågeslundvej 30,7200, Grindsted,720000 ,28-06-1996,Alm. Salg,128,5625,4,1975,
530,Villa,Nørregade 15,6623, Vorbasse,1200000 ,27-06-1996,Alm. Salg,185,3419,12,1906,
530,Villa,Markskellet 86,7190, Billund,1104803 ,27-06-1996,Alm. Salg,154,7174,5,1995,
530,Villa,Vestre Boulevard 34,7200, Grindsted,550000 ,27-06-1996,Alm. Salg,91,6044,3,1960,
530,Villa,Tingstedet 85,7190, Billund,172632 ,27-06-1996,Alm. Salg,162,1066,6,1996,
530,Villa,Skole Alle 6,7260, Sønder Omme,579519 ,27-06-1996,Alm. Salg,129,4492,5,1915,
530,Villa,Søndervang 7,7200, Grindsted,250000 ,27-06-1996,Alm. Salg,152,1645,5,1950,
530,Villa,Bybækvej 7,7200, Grindsted,125000 ,27-06-1996,Alm. Salg,226,553,9,1899,
530,Villa,Hellevej 8,7200, Grindsted,725000 ,25-06-1996,Alm. Salg,135,5370,5,1932,
530,Villa,Systemvej 11,7190, Billund,208637 ,24-06-1996,Alm. Salg,91,2293,3,1947,
530,Villa,Stationsvej 22,7200, Grindsted,220000 ,23-06-1996,Fam. Salg,56,3929,3,1955,
530,Villa,Tingstedet 76,7190, Billund,154120 ,23-06-1996,Alm. Salg,165,934,7,1997,
530,Rækkehus,Søndervold 8,7200, Grindsted,670000 ,22-06-1996,Alm. Salg,96,6979,4,1992,
530,Villa,Engvej 5,7200, Grindsted,775000 ,21-06-1996,Alm. Salg,116,6681,5,1952,
530,Villa,Sydtoften 119,7200, Grindsted,875000 ,20-06-1996,Alm. Salg,120,7292,5,1987,
530,Villa,Søndervold 276,7200, Grindsted,1350000 ,18-06-1996,Alm. Salg,154,8766,5,2000,
530,Villa,Tingstedet 61,7190, Billund,199332 ,17-06-1996,Alm. Salg,167,1194,6,1997,
530,Villa,Bybækvej 5,7200, Grindsted,595000 ,17-06-1996,Alm. Salg,191,3115,8,1976,
530,Villa,Nebelvej 31,6623, Vorbasse,675000 ,16-06-1996,Alm. Salg,228,2961,6,1910,
530,Villa,Parallelvej 10,7260, Sønder Omme,835000 ,15-06-1996,Alm. Salg,149,5030,6,1972,
530,Villa,Vestervej 6,7200, Grindsted,502028 ,13-06-1996,Alm. Salg,129,3892,5,1943,
530,Villa,Toften 61,7190, Billund,853653 ,13-06-1996,Alm. Salg,137,6231,4,1970,
530,Villa,Nørager 25,7260, Sønder Omme,760000 ,13-06-1996,Alm. Salg,138,5507,5,1980,
530,Rækkehus,Søndre Boulevard 355,7200, Grindsted,650000 ,10-06-1996,Alm. Salg,81,8025,3,1987,
530,Villa,Dalbo 74,7200, Grindsted,900000 ,10-06-1996,Alm. Salg,191,4712,6,1978,
530,Villa,Søndre Boulevard 249,7200, Grindsted,1154019 ,10-06-1996,Alm. Salg,175,6594,6,1996,
530,Villa,Skrænten 1,7250, Hejnsvig,444000 ,10-06-1996,Alm. Salg,156,2846,5,1978,
530,Villa,Anemonevej 5,7200, Grindsted,715000 ,09-06-1996,Alm. Salg,152,4704,5,1960,
530,Villa,Søndervold 122,7200, Grindsted,190000 ,09-06-1996,Alm. Salg,145,1310,5,1997,
530,Villa,Lyngvej 6,7200, Grindsted,810000 ,09-06-1996,Alm. Salg,139,5827,4,1967,
530,Villa,Tingstedet 4,7190, Billund,1200000 ,08-06-1996,Alm. Salg,141,8511,6,1996,
530,Villa,Drosselvej 5,6623, Vorbasse,701000 ,07-06-1996,Alm. Salg,123,5699,5,1980,
530,Villa,Tingstedet 92,7190, Billund,224153 ,06-06-1996,Alm. Salg,150,1494,6,1997,
530,Villa,Granvej 5,7190, Billund,525000 ,06-06-1996,Alm. Salg,150,3500,5,1959,
530,Rækkehus,Dalsvinget 20F,7200, Grindsted,480000 ,04-06-1996,Alm. Salg,96,5000,4,1978,
530,Villa,Tingstedet 76,7190, Billund,154120 ,04-06-1996,Alm. Salg,165,934,7,1997,
530,Villa,Jyllandsgade 14,7200, Grindsted,1000000 ,03-06-1996,Alm. Salg,147,6803,5,1950,
530,Rækkehus,Søndervold 24,7200, Grindsted,425000 ,02-06-1996,Alm. Salg,59,7203,2,1989,
530,Villa,Sverrigsvej 7,7200, Grindsted,675000 ,30-05-1996,Alm. Salg,124,5444,5,1969,
530,Ejerlejlighed,"Grønningen 5, 2. tv",7200, Grindsted,355000 ,29-05-1996,Alm. Salg,76,4671,2,1967,
530,Villa,Dalbo 49,7200, Grindsted,675000 ,29-05-1996,Fam. Salg,124,5444,4,1978,
530,Villa,Tingstedet 69,7190, Billund,224453 ,28-05-1996,Alm. Salg,199,1128,6,1996,
530,Villa,Refshøjvej 58,7250, Hejnsvig,447700 ,28-05-1996,Fam. Salg,102,4389,3,1913,
530,Villa,Østerbo 2,7190, Billund,1050000 ,28-05-1996,Alm. Salg,124,8468,5,1955,
530,Villa,Industrivej 16C,7200, Grindsted,30000 ,28-05-1996,Alm. Salg,48,625,3,0,
530,Villa,Tranebærvej 3,7200, Grindsted,660000 ,27-05-1996,Alm. Salg,108,6111,5,1966,
530,Villa,Dalbo 23,7200, Grindsted,835000 ,24-05-1996,Alm. Salg,121,6901,4,1979,
530,Villa,Vesterhedevej 23,7200, Grindsted,325000 ,23-05-1996,Fam. Salg,218,1491,6,1932,
530,Villa,Vesterhedevej 13,7200, Grindsted,382065 ,22-05-1996,Alm. Salg,201,1901,5,1961,
530,Villa,Sønderkær 179,7190, Billund,945000 ,22-05-1996,Alm. Salg,145,6517,5,1977,
530,Villa,Lyngvej 9,7200, Grindsted,765350 ,22-05-1996,Alm. Salg,132,5798,6,1967,
530,Villa,Søndre Boulevard 281,7200, Grindsted,895000 ,22-05-1996,Alm. Salg,144,6215,5,1988,
530,Villa,Skjoldbjergvej 30,6623, Vorbasse,315000 ,21-05-1996,Alm. Salg,107,2944,4,1942,
530,Villa,Mølleparken 205,7190, Billund,275000 ,21-05-1996,Fam. Salg,123,2236,4,1976,
530,Villa,Mandøvej 10,7200, Grindsted,760000 ,21-05-1996,Alm. Salg,128,5938,5,1970,
530,Villa,Daltoften 6,7200, Grindsted,780000 ,20-05-1996,Alm. Salg,120,6500,4,1981,
530,Villa,Tjørnevej 6,7200, Grindsted,645710 ,20-05-1996,Alm. Salg,112,5765,4,1964,
530,Ejerlejlighed,Nørregade 9B,6623, Vorbasse,392000 ,19-05-1996,Alm. Salg,168,2333,4,1907,
530,Ejerlejlighed,Nørregade 9C,6623, Vorbasse,366000 ,19-05-1996,Alm. Salg,117,3128,4,1907,
530,Villa,Tingstedet 31,7190, Billund,1195000 ,19-05-1996,Alm. Salg,169,7071,7,1997,
530,Villa,Vestre Alle 6,7200, Grindsted,793700 ,16-05-1996,Alm. Salg,111,6453,5,1940,
530,Villa,Gribsøvej 1,7200, Grindsted,950000 ,14-05-1996,Alm. Salg,144,6597,5,1975,
530,Villa,Bækkevej 1,6623, Vorbasse,380000 ,14-05-1996,Alm. Salg,198,1919,7,1945,
530,Villa,Søndervold 335,7200, Grindsted,1125981 ,14-05-1996,Alm. Salg,166,6783,6,1995,
530,Villa,Stationsvej 8,7200, Grindsted,290000 ,14-05-1996,Alm. Salg,84,3452,3,1960,
530,Ejerlejlighed,"Grønningen 15, 2. tv",7200, Grindsted,295000 ,13-05-1996,Alm. Salg,52,5673,2,1968,
530,Villa,Tingstedet 80,7190, Billund,1000000 ,13-05-1996,Alm. Salg,185,5405,6,1996,
530,Villa,Tingstedet 53,7190, Billund,147890 ,12-05-1996,Alm. Salg,176,840,7,1997,
530,Villa,Tingstedet 12,7190, Billund,1245000 ,12-05-1996,Alm. Salg,202,6163,9,1996,
530,Villa,Fynsgade 17,7200, Grindsted,720000 ,11-05-1996,Alm. Salg,128,5625,4,1958,
530,Rækkehus,Søndre Boulevard 393,7200, Grindsted,610000 ,10-05-1996,Alm. Salg,81,7531,3,1987,
530,Villa,Søndervold 116,7200, Grindsted,205000 ,08-05-1996,Alm. Salg,146,1404,5,1996,
530,Villa,Søndervold 124,7200, Grindsted,180000 ,08-05-1996,Alm. Salg,152,1184,5,1996,
530,Villa,Bredgade 34,7250, Hejnsvig,595000 ,07-05-1996,Alm. Salg,172,3459,6,1928,
530,Villa,Søndervold 128,7200, Grindsted,192000 ,07-05-1996,Alm. Salg,144,1333,5,1997,
530,Villa,Nygade 9,7200, Grindsted,369199 ,06-05-1996,Andet,106,3483,4,1943,
530,Villa,Tingstedet 75,7190, Billund,251903 ,05-05-1996,Alm. Salg,155,1625,6,1996,
530,Villa,Søgårdvej 39,7250, Hejnsvig,940000 ,05-05-1996,Alm. Salg,139,6763,5,1979,
530,Villa,Hovborgvej 4,6623, Vorbasse,145000 ,03-05-1996,Alm. Salg,187,775,7,1948,
530,Rækkehus,Sønderkær 449,7190, Billund,581000 ,30-04-1996,Alm. Salg,82,7085,5,1983,
530,Villa,Egeparken 14,7260, Sønder Omme,155000 ,30-04-1996,Alm. Salg,150,1033,5,1996,
530,Villa,Dalsøvej 127,7200, Grindsted,763000 ,30-04-1996,Alm. Salg,170,4488,6,1979,
530,Villa,Kobjergvej 19,7190, Billund,375000 ,30-04-1996,Fam. Salg,82,4573,3,1893,
530,Villa,Egeparken 8,7260, Sønder Omme,154000 ,30-04-1996,Alm. Salg,150,1027,5,1996,
530,Villa,Tingstedet 31,7190, Billund,186900 ,29-04-1996,Alm. Salg,169,1106,7,1997,
530,Villa,Dalsøvej 113,7200, Grindsted,680000 ,29-04-1996,Alm. Salg,112,6071,4,1980,
530,Villa,Tingstedet 96,7190, Billund,184408 ,29-04-1996,Alm. Salg,160,1153,7,1996,
530,Villa,Vestervang 34,7190, Billund,1298180 ,29-04-1996,Alm. Salg,151,8597,6,1986,
530,Villa,Plougslundvej 135,7190, Billund,1020000 ,28-04-1996,Alm. Salg,162,6296,5,1973,
530,Villa,J P Jensens Vej 15,7200, Grindsted,514100 ,27-04-1996,Alm. Salg,68,7560,3,1947,
530,Villa,Bøgelunden 2,7250, Hejnsvig,275000 ,27-04-1996,Alm. Salg,134,2052,6,1938,
530,Villa,Jyllandsgade 29,7200, Grindsted,620000 ,26-04-1996,Alm. Salg,92,6739,4,1951,
530,Villa,Sønderkær 402,7190, Billund,739740 ,24-04-1996,Alm. Salg,154,4804,5,1982,
530,Villa,Søndermarksvej 404,7190, Billund,913000 ,24-04-1996,Alm. Salg,157,5815,4,1972,
530,Rækkehus,Markskellet 21,7190, Billund,577203 ,22-04-1996,Alm. Salg,81,7126,3,1988,
530,Villa,Dalsøvej 109,7200, Grindsted,750000 ,22-04-1996,Alm. Salg,128,5859,4,1980,
530,Rækkehus,Grønningen 28,7190, Billund,430000 ,19-04-1996,Alm. Salg,71,6056,2,1988,
530,Villa,Hedelykkevej 5,7200, Grindsted,25000 ,18-04-1996,Alm. Salg,117,214,4,2005,
530,Villa,Tingstedet 76,7190, Billund,154120 ,17-04-1996,Alm. Salg,165,934,7,1997,
530,Villa,Tingstedet 68,7190, Billund,156078 ,17-04-1996,Alm. Salg,138,1131,6,1996,
530,Villa,Langmosevej 6,7250, Hejnsvig,45000 ,17-04-1996,Alm. Salg,241,187,6,1996,
530,Villa,Tingstedet 70,7190, Billund,160528 ,16-04-1996,Alm. Salg,126,1274,5,1997,
530,Villa,Markskellet 48,7190, Billund,109056 ,16-04-1996,Alm. Salg,135,808,5,1996,
530,Rækkehus,Søgårdvej 54B,7250, Hejnsvig,440000 ,15-04-1996,Alm. Salg,88,5000,4,1988,
530,Villa,Tingstedet 78,7190, Billund,135636 ,14-04-1996,Alm. Salg,152,892,6,1996,
530,Villa,Søndervold 102,7200, Grindsted,210000 ,14-04-1996,Alm. Salg,161,1304,5,1996,
530,Villa,Kolstrupvej 20,7200, Grindsted,229500 ,14-04-1996,Fam. Salg,91,2522,3,1966,
530,Villa,Jyllandsgade 21,7200, Grindsted,943261 ,13-04-1996,Alm. Salg,155,6086,5,1921,
530,Villa,Søgårdvej 79,7250, Hejnsvig,950000 ,12-04-1996,Alm. Salg,156,6090,5,1984,
530,Villa,Jyllandsgade 55A,7200, Grindsted,1054000 ,12-04-1996,Alm. Salg,186,5667,5,1949,
530,Villa,Vedbendvej 10,7200, Grindsted,1075000 ,12-04-1996,Alm. Salg,202,5322,7,1975,
530,Villa,Tingstedet 64,7190, Billund,155900 ,11-04-1996,Alm. Salg,169,922,8,1996,
530,Villa,Tingstedet 94,7190, Billund,198976 ,11-04-1996,Alm. Salg,165,1206,7,1996,
530,Villa,Lyngvang 44,7260, Sønder Omme,850000 ,11-04-1996,Alm. Salg,180,4722,7,1973,
530,Villa,Tingstedet 1,7190, Billund,1065000 ,11-04-1996,Alm. Salg,141,7553,6,1997,
530,Villa,Tingstedet 80,7190, Billund,161268 ,10-04-1996,Alm. Salg,185,872,6,1996,
530,Villa,Vibes Alle 10,7200, Grindsted,415000 ,10-04-1996,Alm. Salg,183,2268,6,1951,
530,Villa,Ådalen 7,7200, Grindsted,1470000 ,10-04-1996,Alm. Salg,207,7101,7,1963,
530,Villa,Langgade 53,7250, Hejnsvig,473840 ,10-04-1996,Alm. Salg,106,4470,4,1979,
530,Rækkehus,Fynsgade 11,7200, Grindsted,350000 ,09-04-1996,Alm. Salg,115,3043,4,1996,
530,Villa,Tingstedet 74,7190, Billund,140976 ,08-04-1996,Alm. Salg,151,934,6,1997,
530,Villa,Sønderkær 205,7190, Billund,785000 ,08-04-1996,Alm. Salg,118,6653,4,1977,
530,Villa,Sønderkær 203,7190, Billund,926000 ,06-04-1996,Alm. Salg,183,5060,6,1978,
530,Villa,Svinget 13,7200, Grindsted,670000 ,05-04-1996,Alm. Salg,90,7444,3,1952,
530,Villa,Vinkelvej 78,7250, Hejnsvig,435000 ,02-04-1996,Alm. Salg,62,7016,3,1959,
530,Rækkehus,Lysningen 38,7190, Billund,718862 ,01-04-1996,Alm. Salg,95,7567,3,1986,
530,Villa,Trehøjevej 12,7200, Grindsted,1380000 ,01-04-1996,Alm. Salg,143,9650,5,1979,
530,Villa,Skjoldbjergvej 15,6623, Vorbasse,395000 ,31-03-1996,Fam. Salg,152,2599,7,1917,
530,Villa,Langesøvej 5,7200, Grindsted,935000 ,29-03-1996,Alm. Salg,165,5667,5,1975,
530,Villa,Abildvej 17,7200, Grindsted,805000 ,29-03-1996,Alm. Salg,167,4820,6,1972,
530,Villa,Mølleparken 216,7190, Billund,729310 ,28-03-1996,Fam. Salg,136,5363,5,1975,
530,Villa,Mossøvej 1,7200, Grindsted,1100000 ,28-03-1996,Alm. Salg,161,6832,6,1974,
530,Villa,Lyngvang 46,7260, Sønder Omme,677000 ,28-03-1996,Alm. Salg,129,5248,4,1973,
530,Villa,Islandsvej 4,7200, Grindsted,970000 ,28-03-1996,Alm. Salg,179,5419,5,1975,
530,Villa,Nørbovej 8,7200, Grindsted,696243 ,27-03-1996,Alm. Salg,209,3331,8,1938,
530,Villa,Blichersvej 13,7200, Grindsted,678120 ,27-03-1996,Alm. Salg,158,4292,5,2014,
530,Rækkehus,Dalsvinget 20H,7200, Grindsted,231630 ,26-03-1996,Fam. Salg,92,2518,3,1978,
530,Villa,Søgårdvej 56,7250, Hejnsvig,861562 ,26-03-1996,Alm. Salg,142,6067,5,1988,
530,Villa,Nebelvej 15,6623, Vorbasse,523560 ,26-03-1996,Alm. Salg,97,5398,4,1953,
530,Villa,Lillesøvej 2,7200, Grindsted,910000 ,26-03-1996,Alm. Salg,157,5796,5,1973,
530,Villa,Nygade 11,7200, Grindsted,410000 ,25-03-1996,Alm. Salg,70,5857,2,1947,
530,Villa,Tingstedet 32,7190, Billund,976000 ,24-03-1996,Alm. Salg,143,6825,7,1994,
530,Villa,Billundvej 3,7250, Hejnsvig,450000 ,23-03-1996,Alm. Salg,210,2143,6,1947,
530,Villa,Vibes Alle 21,7200, Grindsted,596000 ,22-03-1996,Alm. Salg,103,5786,4,1945,
530,Villa,Fyrrevænget 309,7190, Billund,800000 ,22-03-1996,Alm. Salg,148,5405,5,1970,
530,Ejerlejlighed,"Grønningen 23, 1. tv",7200, Grindsted,367000 ,21-03-1996,Alm. Salg,88,4170,3,1968,
530,Villa,Søndergade 22,6623, Vorbasse,395000 ,21-03-1996,Alm. Salg,86,4593,4,1906,
530,Villa,Skødebjergvej 8,6623, Vorbasse,2285000 ,21-03-1996,Alm. Salg,178,12837,8,1917,
530,Villa,Dalsøvej 137,7200, Grindsted,120000 ,21-03-1996,Alm. Salg,145,828,4,2015,
530,Villa,Daltoften 8,7200, Grindsted,905000 ,20-03-1996,Alm. Salg,136,6654,4,1981,
530,Villa,Dalsøvej 69,7200, Grindsted,874768 ,19-03-1996,Alm. Salg,181,4833,7,1976,
530,Villa,Søndre Boulevard 299,7200, Grindsted,953000 ,19-03-1996,Alm. Salg,151,6311,6,1988,
530,Ejerlejlighed,"Grønningen 9, st. tv",7200, Grindsted,379000 ,18-03-1996,Alm. Salg,88,4307,3,1967,
530,Villa,Tingstedet 72,7190, Billund,167114 ,18-03-1996,Alm. Salg,169,989,6,1997,
530,Villa,Lærkevang 1,7200, Grindsted,600000 ,18-03-1996,Alm. Salg,122,4918,3,1961,
530,Ejerlejlighed,"Grønningen 19, 2. tv",7200, Grindsted,380000 ,17-03-1996,Alm. Salg,88,4318,3,1968,
530,Rækkehus,Amtsvejen 39B,7200, Grindsted,340000 ,14-03-1996,Alm. Salg,79,4304,3,1914,
530,Villa,Birkevangen 6,7200, Grindsted,515000 ,14-03-1996,Alm. Salg,79,6519,3,1960,
530,Villa,Tingstedet 67,7190, Billund,188652 ,13-03-1996,Alm. Salg,180,1048,8,1997,
530,Villa,Tingstedet 86,7190, Billund,156968 ,13-03-1996,Alm. Salg,139,1129,6,1997,
530,Villa,Tingstedet 88,7190, Billund,187406 ,13-03-1996,Alm. Salg,193,971,7,1997,
530,Villa,Grindstedvej 62,7260, Sønder Omme,455000 ,13-03-1996,Alm. Salg,100,4550,3,1927,
530,Villa,Æblevej 4,7250, Hejnsvig,130000 ,13-03-1996,Alm. Salg,129,1008,4,1996,
530,Rækkehus,Søndervold 62,7200, Grindsted,457000 ,11-03-1996,Alm. Salg,61,7492,2,1993,
530,Villa,Bøvlvej 191,7260, Sønder Omme,1000000 ,11-03-1996,Alm. Salg,121,8264,4,1965,
530,Villa,Stenhøjvej 3,7250, Hejnsvig,675000 ,11-03-1996,Alm. Salg,154,4383,4,1977,
530,Villa,Tingstedet 82,7190, Billund,162336 ,11-03-1996,Alm. Salg,157,1034,4,1997,
530,Villa,Søndervold 120,7200, Grindsted,211530 ,11-03-1996,Alm. Salg,152,1392,6,1996,
530,Villa,Ågeslundvej 17,7200, Grindsted,425000 ,11-03-1996,Alm. Salg,115,3696,3,1948,
530,Villa,Mølleparken 320,7190, Billund,1136000 ,11-03-1996,Alm. Salg,157,7236,5,1984,
530,Villa,Engdraget 3,7200, Grindsted,150000 ,10-03-1996,Alm. Salg,141,1064,4,1996,
530,Villa,Østerbyvej 5,7190, Billund,390000 ,10-03-1996,Fam. Salg,301,1246,12,1970,
530,Villa,Bygvænget 35,7200, Grindsted,399671 ,10-03-1996,Alm. Salg,181,2208,6,1962,
530,Villa,Tingstedet 90,7190, Billund,194526 ,09-03-1996,Alm. Salg,166,1172,6,1996,
530,Villa,Koldingvej 1,7190, Billund,1225000 ,08-03-1996,Alm. Salg,247,4960,10,1900,
530,Villa,Hovedgaden 32C,7190, Billund,1082000 ,07-03-1996,Alm. Salg,140,7729,5,1978,
530,Villa,Dalsøvej 119,7200, Grindsted,733800 ,07-03-1996,Alm. Salg,123,5966,5,1980,
530,Villa,Sønderkær 235,7190, Billund,1369680 ,07-03-1996,Alm. Salg,201,6814,8,1980,
530,Ejerlejlighed,"Grønningen 7, 2. tv",7200, Grindsted,378000 ,06-03-1996,Alm. Salg,88,4295,3,1967,
530,Villa,Vestre Boulevard 6,7200, Grindsted,580000 ,06-03-1996,Alm. Salg,119,4874,5,1927,
530,Villa,Tingstedet 66,7190, Billund,157858 ,06-03-1996,Alm. Salg,142,1112,6,1997,
530,Rækkehus,Østre Alle 6,7200, Grindsted,565000 ,05-03-1996,Alm. Salg,80,7063,2,1937,
530,Villa,Kirkegade 6,6623, Vorbasse,679431 ,05-03-1996,Alm. Salg,147,4622,6,1956,
530,Villa,Tingstedet 79,7190, Billund,213185 ,04-03-1996,Alm. Salg,146,1460,6,1997,
530,Villa,Grindsted Landevej 46,7200, Grindsted,685000 ,04-03-1996,Alm. Salg,170,4029,5,1910,
530,Villa,Nollundvej 84,7200, Grindsted,590186 ,03-03-1996,Alm. Salg,242,2439,6,1948,
530,Villa,Tingstedet 2,7190, Billund,224153 ,03-03-1996,Alm. Salg,160,1401,6,1996,
530,Villa,Tingstedet 73,7190, Billund,223235 ,01-03-1996,Alm. Salg,227,983,9,1997,
530,Villa,Ribersvej 106,7200, Grindsted,872344 ,29-02-1996,Alm. Salg,183,4767,7,1980,
530,Villa,Kærtoften 4,7200, Grindsted,350000 ,29-02-1996,Alm. Salg,93,3763,4,1963,
530,Villa,Søndre Boulevard 295,7200, Grindsted,868000 ,29-02-1996,Alm. Salg,116,7483,4,1987,
530,Villa,Søndre Boulevard 301,7200, Grindsted,1195000 ,29-02-1996,Alm. Salg,155,7710,5,1987,
530,Villa,Amtsvejen 56,7200, Grindsted,577000 ,28-02-1996,Alm. Salg,143,4035,5,1979,
530,Villa,Tingstedet 81,7190, Billund,184914 ,28-02-1996,Alm. Salg,156,1185,6,1997,
530,Villa,Kærvej 115,7190, Billund,835000 ,27-02-1996,Alm. Salg,145,5759,5,1972,
530,Villa,Langgade 49,7250, Hejnsvig,360000 ,27-02-1996,Alm. Salg,99,3636,3,1979,
530,Rækkehus,Markskellet 34,7190, Billund,482250 ,26-02-1996,Alm. Salg,67,7198,3,1988,
530,Villa,Vestervej 7,7200, Grindsted,392879 ,26-02-1996,Alm. Salg,146,2691,4,1920,
530,Villa,Søndervold 100,7200, Grindsted,200000 ,25-02-1996,Alm. Salg,162,1235,6,1996,
530,Ejerlejlighed,"Grønningen 23, 2. th",7200, Grindsted,262500 ,22-02-1996,Alm. Salg,52,5048,2,1968,
530,Villa,Grønnegade 4,6623, Vorbasse,500000 ,21-02-1996,Alm. Salg,127,3937,4,1979,
530,Villa,Bekkasinvej 4,7200, Grindsted,685000 ,21-02-1996,Alm. Salg,98,6990,4,1961,
530,Villa,Solvej 4,7200, Grindsted,840000 ,20-02-1996,Alm. Salg,138,6087,3,1974,
530,Villa,Krogen 11,7200, Grindsted,800000 ,19-02-1996,Alm. Salg,147,5442,5,1958,
530,Villa,Syrenvej 10,7200, Grindsted,700000 ,19-02-1996,Alm. Salg,144,4861,4,1963,
530,Villa,Flintemarken 12,7190, Billund,977932 ,19-02-1996,Alm. Salg,193,5067,6,1989,
530,Villa,Aakjærsvej 10,7200, Grindsted,696000 ,19-02-1996,Alm. Salg,109,6385,4,1949,
530,Rækkehus,Søndre Boulevard 349,7200, Grindsted,504000 ,18-02-1996,Alm. Salg,77,6545,3,1987,
530,Villa,Markskellet 42,7190, Billund,126674 ,17-02-1996,Alm. Salg,154,823,6,1997,
530,Villa,Tingstedet 1,7190, Billund,202536 ,14-02-1996,Alm. Salg,141,1436,6,1997,
530,Villa,Elmevangen 6,7200, Grindsted,440000 ,13-02-1996,Alm. Salg,116,3793,5,1961,
530,Villa,Solbakken 50,7260, Sønder Omme,650000 ,13-02-1996,Alm. Salg,136,4779,5,1978,
530,Villa,Lamborgvej 22,7200, Grindsted,390000 ,13-02-1996,Alm. Salg,234,1667,7,1901,
530,Villa,Løvlundvej 12,7250, Hejnsvig,530000 ,13-02-1996,Alm. Salg,129,4109,5,1963,
530,Villa,J P Jensens Vej 23,7200, Grindsted,613000 ,11-02-1996,Alm. Salg,99,6192,4,1959,
530,Villa,Syrenvej 3,7200, Grindsted,560000 ,11-02-1996,Alm. Salg,140,4000,7,1960,
530,Villa,Filskovvej 17,7200, Grindsted,435434 ,11-02-1996,Alm. Salg,198,2199,7,1961,
530,Villa,Meldhedevej 3,7200, Grindsted,995000 ,11-02-1996,Alm. Salg,195,5103,6,1976,
530,Villa,Søndervold 315,7200, Grindsted,1063000 ,09-02-1996,Alm. Salg,153,6948,5,1994,
530,Rækkehus,Søndre Boulevard 385,7200, Grindsted,262500 ,08-02-1996,Alm. Salg,81,3241,3,1987,
530,Villa,Østerbyvej 5,7190, Billund,390000 ,08-02-1996,Fam. Salg,301,1246,12,1970,
530,Villa,Trøllundvej 4,7250, Hejnsvig,650000 ,08-02-1996,Alm. Salg,286,2273,10,1922,
530,Villa,Drivvejen 4,6623, Vorbasse,88000 ,08-02-1996,Alm. Salg,148,595,6,1996,
530,Villa,Bygvænget 24,7200, Grindsted,459000 ,08-02-1996,Alm. Salg,122,3762,4,1963,
530,Villa,Kirkevej 11,7250, Hejnsvig,212000 ,07-02-1996,Alm. Salg,63,3365,3,1949,
530,Villa,Nørrevej 12,7200, Grindsted,310000 ,06-02-1996,Alm. Salg,149,2081,5,1940,
530,Villa,J P Jensens Vej 8,7200, Grindsted,825000 ,06-02-1996,Alm. Salg,172,4797,8,1948,
530,Villa,Fælledvej 5,7200, Grindsted,585000 ,04-02-1996,Alm. Salg,120,4875,5,1970,
530,Rækkehus,Dalsvinget 20A,7200, Grindsted,432000 ,03-02-1996,Alm. Salg,75,5760,3,1978,
530,Ejerlejlighed,Nørregade 4C,6623, Vorbasse,357656 ,02-02-1996,Alm. Salg,95,3765,3,1902,
530,Villa,Søndre Boulevard 253,7200, Grindsted,1035300 ,02-02-1996,Alm. Salg,166,6237,6,1992,
530,Villa,Lillevang 67,7190, Billund,1130000 ,01-02-1996,Alm. Salg,526,2112,15,1912,
530,Villa,Rugbjergvej 27,7250, Hejnsvig,281000 ,31-01-1996,Alm. Salg,79,3557,3,1940,
530,Villa,Vestervang 24,7190, Billund,1375000 ,30-01-1996,Alm. Salg,199,6910,7,1987,
530,Villa,Møbjergvej 25,7260, Sønder Omme,47000 ,30-01-1996,Alm. Salg,110,427,4,1877,
530,Villa,Søndre Boulevard 315,7200, Grindsted,915000 ,29-01-1996,Alm. Salg,157,5828,6,1992,
530,Villa,Dalbo 8,7200, Grindsted,750000 ,28-01-1996,Alm. Salg,153,4902,5,1977,
530,Villa,Kobjergvej 19,7190, Billund,450000 ,28-01-1996,Alm. Salg,82,5488,3,1893,
530,Villa,Daltoften 25,7200, Grindsted,670000 ,28-01-1996,Alm. Salg,124,5403,4,1978,
530,Rækkehus,Sønderkær 345,7190, Billund,578000 ,26-01-1996,Alm. Salg,80,7225,4,1985,
530,Rækkehus,Dalsvinget 18F,7200, Grindsted,241197 ,25-01-1996,Alm. Salg,96,2512,4,1978,
530,Villa,Ribersvej 222,7200, Grindsted,750000 ,25-01-1996,Alm. Salg,120,6250,4,1980,
530,Villa,Klosterhedevej 15,7200, Grindsted,800000 ,25-01-1996,Alm. Salg,123,6504,4,1973,
530,Villa,Dalsvinget 47,7200, Grindsted,895000 ,25-01-1996,Alm. Salg,156,5737,6,1977,
530,Ejerlejlighed,"Grønningen 3, 1. mf",7200, Grindsted,181826 ,23-01-1996,Fam. Salg,41,4435,1,1967,
530,Villa,Hørlycks Alle 10,7200, Grindsted,764795 ,23-01-1996,Alm. Salg,231,3311,6,1961,
530,Villa,Banegårdsvej 30,7200, Grindsted,350000 ,21-01-1996,Andet,210,1667,6,1930,
530,Villa,Daltoften 3,7200, Grindsted,935000 ,19-01-1996,Alm. Salg,171,5468,5,1978,
530,Villa,Søndre Boulevard 231,7200, Grindsted,1145000 ,19-01-1996,Alm. Salg,157,7293,5,1994,
530,Villa,Tarm Landevej 17,7260, Sønder Omme,480000 ,18-01-1996,Alm. Salg,131,3664,3,1941,
530,Villa,Søndre Boulevard 317,7200, Grindsted,1200000 ,18-01-1996,Alm. Salg,135,8889,6,1996,
530,Villa,Refshøjvej 85,7250, Hejnsvig,726790 ,18-01-1996,Alm. Salg,217,3349,9,1966,
530,Villa,Vesterled 1,7260, Sønder Omme,384736 ,17-01-1996,Alm. Salg,76,5062,3,1952,
530,Villa,Aakjærsvej 14,7200, Grindsted,403421 ,17-01-1996,Alm. Salg,161,2506,5,0,
530,Villa,Nygade 9,7200, Grindsted,725000 ,15-01-1996,Alm. Salg,106,6840,4,1943,
530,Villa,Krarupvej 4,7200, Grindsted,460000 ,15-01-1996,Alm. Salg,143,3217,4,1953,
530,Villa,Østergade 60,6623, Vorbasse,475000 ,12-01-1996,Alm. Salg,179,2654,3,1941,
530,Villa,Ølgodvej 55,7200, Grindsted,645000 ,12-01-1996,Alm. Salg,171,3772,6,1944,
530,Villa,Rogusavej 5,7250, Hejnsvig,460000 ,11-01-1996,Alm. Salg,99,4646,3,1975,
530,Villa,J P Jensens Vej 17,7200, Grindsted,540000 ,09-01-1996,Alm. Salg,104,5192,4,1950,
530,Villa,Primulavej 29,7200, Grindsted,550000 ,09-01-1996,Alm. Salg,130,4231,4,1965,
530,Villa,Vejlevej 11,7260, Sønder Omme,470000 ,09-01-1996,Alm. Salg,168,2798,5,1904,
530,Villa,Kulsøvej 5,7200, Grindsted,684400 ,08-01-1996,Alm. Salg,124,5519,5,1975,
530,Villa,Sønderkær 152,7190, Billund,800000 ,07-01-1996,Alm. Salg,141,5674,5,1977,
530,Villa,Sønderkær 421,7190, Billund,752000 ,04-01-1996,Alm. Salg,136,5529,4,1987,
530,Rækkehus,Søndervold 64,7200, Grindsted,447000 ,03-01-1996,Alm. Salg,61,7328,2,1992,
530,Villa,Jernbanegade 17,7200, Grindsted,685000 ,30-12-1995,Alm. Salg,238,2878,5,1914,
530,Villa,Flintemarken 43,7190, Billund,1180500 ,30-12-1995,Alm. Salg,191,6181,6,1993,
530,Villa,Søllingdalvej 48,7250, Hejnsvig,692640 ,30-12-1995,Alm. Salg,152,4557,5,1977,
530,Villa,Nørreled 31,7200, Grindsted,432320 ,28-12-1995,Alm. Salg,90,4804,3,1953,
530,Rækkehus,Nørregade 26A,7200, Grindsted,619422 ,26-12-1995,Alm. Salg,95,6520,4,1986,
530,Villa,Primulavej 6,7200, Grindsted,370000 ,26-12-1995,Alm. Salg,107,3458,3,1962,
530,Villa,Søndervænget 2,6623, Vorbasse,865000 ,26-12-1995,Alm. Salg,145,5966,6,1990,
530,Villa,Ådalen 25,7200, Grindsted,750000 ,22-12-1995,Alm. Salg,176,4261,5,1963,
530,Villa,Søndervold 305,7200, Grindsted,1220200 ,21-12-1995,Alm. Salg,214,5702,6,1996,
530,Villa,Plougslundvej 221,7190, Billund,725000 ,21-12-1995,Alm. Salg,135,5370,5,1974,
530,Villa,Amtsvejen 49,7200, Grindsted,140000 ,19-12-1995,Alm. Salg,71,1972,3,1954,
530,Rækkehus,Markskellet 51,7190, Billund,620000 ,18-12-1995,Alm. Salg,83,7470,3,1988,
530,Rækkehus,Sønderkær 451,7190, Billund,501337 ,14-12-1995,Fam. Salg,90,5570,3,1983,
530,Villa,Østergade 8,6623, Vorbasse,308000 ,14-12-1995,Alm. Salg,153,2013,5,1909,
530,Villa,Gammel Bøvlvej 12,7260, Sønder Omme,153164 ,13-12-1995,Alm. Salg,87,1761,3,1921,
530,Villa,Labrivej 8,6623, Vorbasse,116600 ,13-12-1995,Alm. Salg,138,845,5,1996,
530,Villa,Tingstedet 21,7190, Billund,1246323 ,10-12-1995,Alm. Salg,141,8839,6,1997,
530,Villa,Mølgårdvej 27,7200, Grindsted,570000 ,07-12-1995,Alm. Salg,197,2893,6,1935,
530,Villa,Amtsvejen 47,7200, Grindsted,300000 ,07-12-1995,Alm. Salg,71,4225,2,1957,
530,Villa,Søtoften 1,7200, Grindsted,2000000 ,07-12-1995,Alm. Salg,388,5155,13,1954,
530,Villa,Markskellet 52,7190, Billund,1228500 ,03-12-1995,Alm. Salg,172,7142,6,1994,
530,Villa,Tingstedet 23,7190, Billund,182094 ,03-12-1995,Alm. Salg,201,906,8,1996,
530,Villa,Askjærvej 2,7250, Hejnsvig,450000 ,03-12-1995,Alm. Salg,111,4054,2,1960,
530,Villa,Købmandsvej 4,6623, Vorbasse,50408 ,03-12-1995,Alm. Salg,139,363,4,1996,
530,Villa,Markskellet 35,7190, Billund,660000 ,03-12-1995,Alm. Salg,85,7765,4,1989,
530,Villa,Mølleparken 129,7190, Billund,820000 ,01-12-1995,Alm. Salg,124,6613,4,1976,
530,Rækkehus,Grønningen 2B,7190, Billund,580000 ,29-11-1995,Alm. Salg,79,7342,3,1987,
530,Villa,Åvej 12,7260, Sønder Omme,400000 ,29-11-1995,Alm. Salg,96,4167,4,1937,
530,Villa,Klodhøjvej 21,7250, Hejnsvig,620000 ,29-11-1995,Alm. Salg,147,4218,5,1974,
530,Villa,Dalsøvej 35,7200, Grindsted,840000 ,29-11-1995,Alm. Salg,154,5455,5,1976,
530,Villa,Tingstedet 4,7190, Billund,207703 ,29-11-1995,Alm. Salg,141,1473,6,1996,
530,Ejerlejlighed,"Skjoldbjergvej 45, st. th",6623, Vorbasse,460000 ,28-11-1995,Alm. Salg,182,2527,4,1912,
530,Villa,Hovedgaden 54,7260, Sønder Omme,420000 ,28-11-1995,Andet,137,3066,5,1957,
530,Villa,Søndermarksvej 316,7190, Billund,675000 ,28-11-1995,Alm. Salg,148,4561,5,1970,
530,Rækkehus,Søndervold 68,7200, Grindsted,430000 ,27-11-1995,Alm. Salg,61,7049,2,1992,
530,Ejerlejlighed,"Banegårdsvej 25, st",7200, Grindsted,485060 ,27-11-1995,Alm. Salg,66,7349,2,1987,
530,Villa,Møllevænget 37,7190, Billund,710000 ,27-11-1995,Alm. Salg,160,4438,7,1966,
530,Villa,Nollundvej 80,7200, Grindsted,320000 ,26-11-1995,Alm. Salg,164,1951,7,1956,
530,Rækkehus,Nørregade 26C,7200, Grindsted,671000 ,21-11-1995,Alm. Salg,93,7215,4,1986,
530,Rækkehus,Grønningen 6B,7190, Billund,575000 ,21-11-1995,Alm. Salg,79,7278,3,1987,
530,Villa,Tingstedet 19,7190, Billund,166941 ,21-11-1995,Alm. Salg,157,1063,7,1996,
530,Rækkehus,Sønderkær 471,7190, Billund,695000 ,17-11-1995,Alm. Salg,99,7020,4,1986,
530,Villa,Skødevej 4,6623, Vorbasse,400000 ,15-11-1995,Alm. Salg,103,3883,4,1930,
530,Ejerlejlighed,"Banegårdsvej 25, 1",7200, Grindsted,435000 ,13-11-1995,Alm. Salg,62,7016,2,1987,
530,Villa,Tingstedet 17,7190, Billund,214898 ,12-11-1995,Alm. Salg,169,1272,8,1996,
530,Villa,Dalbo 36,7200, Grindsted,268848 ,12-11-1995,Andet,112,2400,4,1978,
530,Villa,Tingstedet 62,7190, Billund,1132000 ,12-11-1995,Alm. Salg,141,8028,6,1997,
530,Villa,Fyrrevænget 210,7190, Billund,197666 ,12-11-1995,Alm. Salg,236,838,8,1969,
530,Villa,Søllingdalvej 72,7250, Hejnsvig,650421 ,12-11-1995,Alm. Salg,143,4548,5,1977,
530,Villa,Gammel Vejlevej 30,7200, Grindsted,517177 ,12-11-1995,Alm. Salg,161,3212,7,1900,
530,Villa,Tingstedet 21,7190, Billund,161779 ,09-11-1995,Alm. Salg,141,1147,6,1997,
530,Villa,Sønderkær 254,7190, Billund,856575 ,09-11-1995,Alm. Salg,145,5907,5,1978,
530,Villa,Sønderkær 526,7190, Billund,730365 ,09-11-1995,Alm. Salg,131,5575,4,1979,
530,Villa,Lysningen 10,7190, Billund,643000 ,08-11-1995,Alm. Salg,100,6430,4,1987,
530,Villa,Præstevang 11,7190, Billund,462403 ,07-11-1995,Alm. Salg,105,4404,3,1959,
530,Villa,Mølleparken 215,7190, Billund,360430 ,07-11-1995,Alm. Salg,142,2538,5,1976,
530,Villa,Kirkevej 52,7250, Hejnsvig,155545 ,06-11-1995,Alm. Salg,185,841,5,1902,
530,Ejerlejlighed,"Banegårdsvej 27, 1",7200, Grindsted,430000 ,05-11-1995,Alm. Salg,62,6935,2,1987,
530,Villa,Lupinvænget 11,7200, Grindsted,420000 ,05-11-1995,Alm. Salg,98,4286,4,1963,
530,Villa,Plougslundvej 227,7190, Billund,329000 ,05-11-1995,Alm. Salg,124,2653,4,1975,
530,Villa,Kirkegade 7,6623, Vorbasse,415000 ,04-11-1995,Alm. Salg,110,3773,4,1955,
530,Villa,Hjortlundvej 8,7200, Grindsted,510000 ,03-11-1995,Alm. Salg,162,3148,5,1970,
530,Rækkehus,Sønderkær 463,7190, Billund,555000 ,02-11-1995,Alm. Salg,77,7208,3,1984,
530,Rækkehus,Søndervold 4,7200, Grindsted,700000 ,01-11-1995,Alm. Salg,102,6863,4,1989,
530,Villa,Vinkelvej 78,7250, Hejnsvig,225000 ,01-11-1995,Alm. Salg,62,3629,3,1959,
530,Rækkehus,Sønderkær 485,7190, Billund,585000 ,31-10-1995,Alm. Salg,77,7597,3,1984,
530,Rækkehus,Banegårdsvej 9,7200, Grindsted,629000 ,31-10-1995,Alm. Salg,108,5824,4,1985,
530,Villa,Hybenvej 3,7200, Grindsted,634000 ,31-10-1995,Alm. Salg,131,4840,4,1967,
530,Villa,Abildvej 6,7200, Grindsted,393000 ,31-10-1995,Alm. Salg,85,4624,3,1961,
530,Villa,Farvergade 4,7260, Sønder Omme,160000 ,30-10-1995,Alm. Salg,105,1524,5,1940,
530,Villa,Juellingsholmsvej 29,7200, Grindsted,235000 ,30-10-1995,Alm. Salg,254,925,4,1827,
530,Villa,Stadion Alle 28,7260, Sønder Omme,154718 ,30-10-1995,Alm. Salg,91,1700,3,1945,
530,Villa,Vilhelmsmindevej 38,7260, Sønder Omme,605000 ,29-10-1995,Alm. Salg,171,3538,5,1916,
530,Villa,Skovparken 426,7190, Billund,650000 ,29-10-1995,Andet,129,5039,5,1967,
530,Villa,Kirkevænget 3,6623, Vorbasse,130482 ,29-10-1995,Alm. Salg,139,939,6,1996,
530,Villa,Holdgårdsvej 46,7260, Sønder Omme,355000 ,29-10-1995,Alm. Salg,148,2399,3,1952,
530,Villa,Fyrrevænget 111,7190, Billund,350000 ,28-10-1995,Fam. Salg,149,2349,5,1969,
530,Villa,Tingstedet 54,7190, Billund,1150000 ,26-10-1995,Alm. Salg,137,8394,6,1995,
530,Villa,Gammel Bøvlvej 13,7260, Sønder Omme,520000 ,26-10-1995,Alm. Salg,172,2781,5,1930,
530,Villa,Tingstedet 12,7190, Billund,172993 ,26-10-1995,Alm. Salg,202,856,9,1996,
530,Villa,Danmarksvej 11,7200, Grindsted,540000 ,25-10-1995,Alm. Salg,163,3313,5,1971,
530,Villa,Teglgaardsvej 6,7200, Grindsted,165000 ,24-10-1995,Alm. Salg,147,1122,5,1910,
530,Villa,Søllingdalvej 36,7250, Hejnsvig,665000 ,24-10-1995,Alm. Salg,137,4854,5,1975,
530,Rækkehus,Søgårdvej 54A,7250, Hejnsvig,469039 ,23-10-1995,Alm. Salg,88,5330,4,1988,
530,Villa,Amtsvejen 42,7200, Grindsted,343480 ,23-10-1995,Alm. Salg,130,2642,4,1956,
530,Rækkehus,Søndre Boulevard 389,7200, Grindsted,558000 ,22-10-1995,Alm. Salg,81,6889,3,1986,
530,Villa,Østergade 20,7200, Grindsted,777000 ,19-10-1995,Alm. Salg,123,6317,4,1916,
530,Ejerlejlighed,"Grønningen 21, 2. tv",7200, Grindsted,340000 ,18-10-1995,Alm. Salg,76,4474,2,1968,
530,Villa,Møllebakken 3,7250, Hejnsvig,422550 ,18-10-1995,Alm. Salg,173,2442,5,1900,
530,Villa,Tingstedet 10,7190, Billund,1127000 ,17-10-1995,Alm. Salg,150,7513,6,1995,
530,Villa,Bøvlvej 179,7260, Sønder Omme,254009 ,17-10-1995,Alm. Salg,110,2309,3,1949,
530,Villa,Dalbo 12,7200, Grindsted,550000 ,16-10-1995,Fam. Salg,149,3691,5,1978,
530,Villa,Vestergade 81,7200, Grindsted,450560 ,16-10-1995,Alm. Salg,145,3107,5,1998,
530,Villa,Ansager Landevej 37,7200, Grindsted,995000 ,14-10-1995,Alm. Salg,196,5077,5,1941,
530,Villa,Mølleparken 119,7190, Billund,973000 ,13-10-1995,Alm. Salg,204,4770,7,1976,
530,Rækkehus,Søndre Boulevard 375,7200, Grindsted,630000 ,12-10-1995,Alm. Salg,89,7079,3,1987,
530,Rækkehus,Lysningen 18,7190, Billund,755000 ,12-10-1995,Alm. Salg,99,7626,4,1986,
530,Villa,Tingstedet 15,7190, Billund,1074000 ,12-10-1995,Alm. Salg,182,5901,7,1995,
530,Villa,Ravnsøvej 7,7200, Grindsted,715000 ,12-10-1995,Alm. Salg,169,4231,5,1974,
530,Villa,Krogagergårdvej 7,7200, Grindsted,782666 ,12-10-1995,Alm. Salg,120,6522,5,1942,
530,Villa,Hovborgvej 29,6623, Vorbasse,380000 ,12-10-1995,Alm. Salg,103,3689,3,1880,
530,Villa,Gammel Bøvlvej 47,7260, Sønder Omme,300000 ,11-10-1995,Fam. Salg,100,3000,3,1969,
530,Villa,Postgade 4,7200, Grindsted,208584 ,11-10-1995,Alm. Salg,206,1013,5,1949,
530,Villa,Lupinvænget 35,7200, Grindsted,566000 ,10-10-1995,Alm. Salg,125,4528,4,1963,
530,Villa,Søndervold 319,7200, Grindsted,250000 ,10-10-1995,Alm. Salg,149,1678,5,1997,
530,Villa,Klosterhedevej 10,7200, Grindsted,825000 ,10-10-1995,Alm. Salg,155,5323,5,1972,
530,Villa,Julsøvej 1,7200, Grindsted,832780 ,10-10-1995,Alm. Salg,142,5865,5,1973,
530,Rækkehus,Granvej 4,7200, Grindsted,428000 ,09-10-1995,Alm. Salg,89,4809,3,1914,
530,Villa,Søndervold 323,7200, Grindsted,1206240 ,08-10-1995,Alm. Salg,143,8435,5,1994,
530,Villa,Møbjergvej 41,7260, Sønder Omme,93500 ,08-10-1995,Alm. Salg,176,531,4,1997,
530,Villa,Krarupvej 7,7200, Grindsted,445000 ,06-10-1995,Alm. Salg,113,3938,3,1963,
530,Villa,Ribersvej 160,7200, Grindsted,737000 ,05-10-1995,Alm. Salg,121,6091,4,1980,
530,Villa,Ølgodvej 45,7200, Grindsted,430171 ,05-10-1995,Alm. Salg,90,4780,4,1950,
530,Rækkehus,Markskellet 49,7190, Billund,605750 ,04-10-1995,Alm. Salg,98,6181,4,1988,
530,Villa,Tingstedet 60,7190, Billund,1151600 ,04-10-1995,Alm. Salg,140,8226,6,1995,
530,Villa,Gilbjergvej 27,7250, Hejnsvig,432000 ,04-10-1995,Fam. Salg,155,2787,5,1918,
530,Rækkehus,Grønningen 30,7190, Billund,525000 ,03-10-1995,Alm. Salg,71,7394,2,1988,
530,Villa,Solbakken 37,7260, Sønder Omme,560000 ,03-10-1995,Alm. Salg,133,4211,3,1981,
530,Villa,Ribersvej 78,7200, Grindsted,310967 ,03-10-1995,Andet,113,2752,4,1979,
530,Rækkehus,Sønderkær 341,7190, Billund,510000 ,02-10-1995,Alm. Salg,80,6375,4,1985,
530,Villa,Dalsøvej 147,7200, Grindsted,490000 ,02-10-1995,Fam. Salg,151,3245,7,1987,
530,Villa,Almstokvej 37,6623, Vorbasse,275000 ,01-10-1995,Alm. Salg,168,1637,5,1955,
530,Villa,Nedergårdsvej 12,7260, Sønder Omme,250000 ,01-10-1995,Fam. Salg,149,1678,5,1996,
530,Villa,Teglgaardsvej 16,7200, Grindsted,300000 ,30-09-1995,Alm. Salg,114,2632,5,1953,
530,Villa,Lyngvej 7,7200, Grindsted,950000 ,30-09-1995,Alm. Salg,163,5828,5,1967,
530,Villa,Systemvej 20,7190, Billund,411000 ,29-09-1995,Alm. Salg,93,4419,4,1959,
530,Villa,Dalagervej 5,6623, Vorbasse,410000 ,29-09-1995,Alm. Salg,115,3565,4,1965,
530,Villa,Æblevej 1,7250, Hejnsvig,515000 ,29-09-1995,Alm. Salg,138,3732,7,1963,
530,Villa,Morsbølvej 76,7200, Grindsted,925000 ,29-09-1995,Alm. Salg,197,4695,5,1997,
530,Villa,Nørrevej 28,7200, Grindsted,600000 ,28-09-1995,Alm. Salg,267,2247,8,1977,
530,Villa,Grindstedvej 28,7260, Sønder Omme,260701 ,28-09-1995,Alm. Salg,68,3834,2,1946,
530,Villa,Lyngvang 4,7260, Sønder Omme,675000 ,28-09-1995,Alm. Salg,172,3924,4,1974,
530,Rækkehus,Søndervold 70,7200, Grindsted,443839 ,27-09-1995,Alm. Salg,61,7276,2,1992,
530,Villa,Samsøvej 3,7200, Grindsted,563000 ,27-09-1995,Alm. Salg,105,5362,4,1968,
530,Villa,Søndre Boulevard 247,7200, Grindsted,235000 ,27-09-1995,Alm. Salg,197,1193,6,2006,
530,Ejerlejlighed,"Grønningen 7, 2. tv",7200, Grindsted,202000 ,26-09-1995,Auktion,88,2295,3,1967,
530,Villa,Åmarkvej 8,7200, Grindsted,735000 ,26-09-1995,Alm. Salg,181,4061,7,1972,
530,Villa,Jørgen Glavinds Vej 20,7200, Grindsted,486815 ,25-09-1995,Alm. Salg,109,4466,4,1957,
530,Rækkehus,Nørager 24,7260, Sønder Omme,419167 ,24-09-1995,Alm. Salg,86,4874,3,1980,
530,Villa,Ribersvej 156,7200, Grindsted,822387 ,24-09-1995,Alm. Salg,149,5519,6,1980,
530,Villa,Toften 32,7200, Grindsted,390000 ,24-09-1995,Alm. Salg,113,3451,4,1976,
530,Villa,Markskellet 27,7190, Billund,752000 ,24-09-1995,Auktion,135,5570,5,1989,
530,Villa,Markskellet 29,7190, Billund,845000 ,24-09-1995,Alm. Salg,116,7284,4,1989,
530,Villa,Jorden Rundt 19,7200, Grindsted,975000 ,20-09-1995,Alm. Salg,145,6724,5,1957,
530,Villa,Gammel Vejlevej 27,7200, Grindsted,411460 ,20-09-1995,Alm. Salg,97,4242,3,1953,
530,Villa,Ole Kirks Vej 8,7190, Billund,1453000 ,19-09-1995,Alm. Salg,228,6373,6,1952,
530,Villa,Amtsvejen 7,7200, Grindsted,420000 ,19-09-1995,Alm. Salg,152,2763,6,1955,
530,Villa,Dalsøvej 33,7200, Grindsted,562500 ,19-09-1995,Alm. Salg,116,4849,4,1976,
530,Villa,Sognegårdsvej 8,7200, Grindsted,640000 ,18-09-1995,Alm. Salg,128,5000,4,1988,
530,Villa,Hedegårdsvej 4,7190, Billund,485302 ,18-09-1995,Alm. Salg,173,2805,7,1997,
530,Rækkehus,Sønderkær 405B,7190, Billund,556000 ,17-09-1995,Alm. Salg,77,7221,3,1986,
530,Villa,Vejle Landevej 53,7200, Grindsted,625000 ,16-09-1995,Alm. Salg,103,6068,4,1952,
530,Villa,Jasminvej 7,7200, Grindsted,300000 ,14-09-1995,Alm. Salg,164,1829,4,1995,
530,Ejerlejlighed,"Grønningen 3, st. mf",7200, Grindsted,192000 ,13-09-1995,Alm. Salg,41,4683,1,1967,
530,Villa,Mejerivej 12,7250, Hejnsvig,665000 ,12-09-1995,Alm. Salg,293,2270,6,1875,
530,Villa,Storegade 58,7200, Grindsted,295000 ,12-09-1995,Alm. Salg,153,1928,5,1935,
530,Ejerlejlighed,"Grønningen 19, st. tv",7200, Grindsted,375000 ,11-09-1995,Alm. Salg,88,4261,3,1968,
530,Villa,Jagtvej 21,7200, Grindsted,459200 ,11-09-1995,Alm. Salg,114,4028,5,1952,
530,Villa,Søndervold 309,7200, Grindsted,191000 ,11-09-1995,Alm. Salg,158,1209,5,1997,
530,Villa,Markskellet 14,7190, Billund,1265000 ,11-09-1995,Alm. Salg,140,9036,6,1994,
530,Ejerlejlighed,"Grønningen 17, 2. th",7200, Grindsted,333527 ,10-09-1995,Alm. Salg,88,3790,3,1968,
530,Ejerlejlighed,Rolighedsvej 5,7200, Grindsted,855000 ,10-09-1995,Alm. Salg,126,6786,3,1990,
530,Villa,Sønderkær 211,7190, Billund,850000 ,10-09-1995,Alm. Salg,174,4315,7,1978,
530,Villa,Daugårdvej 16,7250, Hejnsvig,214981 ,07-09-1995,Alm. Salg,120,1792,3,1949,
530,Villa,Tiphedevej 3,7200, Grindsted,795000 ,05-09-1995,Alm. Salg,157,5064,5,1973,
530,Villa,Vesterled 9,7260, Sønder Omme,329000 ,05-09-1995,Alm. Salg,100,3290,4,1961,
530,Villa,Hørlycks Alle 6,7200, Grindsted,750000 ,05-09-1995,Alm. Salg,91,8242,4,1948,
530,Villa,Lærke Alle 3,7260, Sønder Omme,76900 ,05-09-1995,Fam. Salg,200,385,6,2018,
530,Villa,Søllingdalvej 18,7250, Hejnsvig,857000 ,03-09-1995,Alm. Salg,206,4160,4,1975,
530,Villa,Lærkevang 13,7200, Grindsted,444810 ,03-09-1995,Alm. Salg,140,3177,3,1920,
530,Villa,Dalbyvej 16,7200, Grindsted,455000 ,03-09-1995,Alm. Salg,100,4550,3,1939,
530,Villa,Tingstedet 62,7190, Billund,145759 ,31-08-1995,Alm. Salg,141,1034,6,1997,
530,Villa,Hovborgvej 10A,6623, Vorbasse,860000 ,31-08-1995,Alm. Salg,150,5733,4,1985,
530,Villa,Vejlevej 11,7260, Sønder Omme,342000 ,31-08-1995,Alm. Salg,168,2036,5,1904,
530,Ejerlejlighed,"Nygade 19F, 1",7200, Grindsted,320000 ,30-08-1995,Auktion,60,5333,2,1985,
530,Villa,Østre Alle 16,7200, Grindsted,580000 ,30-08-1995,Alm. Salg,105,5524,4,1932,
530,Rækkehus,Sønderkær 407A,7190, Billund,488000 ,29-08-1995,Alm. Salg,77,6338,3,1986,
530,Villa,Præstevang 7,7190, Billund,610000 ,29-08-1995,Alm. Salg,109,5596,4,1968,
530,Villa,Kirkegade 11,6623, Vorbasse,493000 ,29-08-1995,Alm. Salg,100,4930,4,1964,
530,Villa,Havrevænget 9,7200, Grindsted,362429 ,28-08-1995,Alm. Salg,79,4588,3,1963,
530,Villa,Æblevej 10,7250, Hejnsvig,360000 ,28-08-1995,Alm. Salg,111,3243,4,1960,
530,Villa,Elmevangen 4,7200, Grindsted,565000 ,27-08-1995,Alm. Salg,104,5433,4,1960,
530,Villa,Ribersvej 170,7200, Grindsted,710820 ,24-08-1995,Alm. Salg,131,5426,5,1980,
530,Villa,Finlandsvej 7,7200, Grindsted,925000 ,23-08-1995,Alm. Salg,179,5168,7,1968,
530,Villa,Åhavevej 36,7200, Grindsted,1323920 ,23-08-1995,Alm. Salg,186,7118,7,1973,
530,Rækkehus,Dalsvinget 18G,7200, Grindsted,530000 ,22-08-1995,Alm. Salg,102,5196,4,1978,
530,Villa,Ribersvej 158,7200, Grindsted,626670 ,22-08-1995,Alm. Salg,112,5595,4,1980,
530,Villa,Mejerivej 12,7250, Hejnsvig,900000 ,22-08-1995,Alm. Salg,293,3072,6,1875,
530,Villa,Kløvermarken 102,7190, Billund,1000000 ,21-08-1995,Fam. Salg,190,5263,5,1975,
530,Villa,Vejlevej 41,7260, Sønder Omme,619953 ,20-08-1995,Alm. Salg,171,3625,5,1974,
530,Villa,Krogen 3,7200, Grindsted,700000 ,17-08-1995,Alm. Salg,171,4094,4,1957,
530,Villa,Skjoldbjergvej 46,6623, Vorbasse,46100 ,17-08-1995,Alm. Salg,172,268,6,1998,
530,Villa,Amtsvejen 20,7200, Grindsted,407694 ,17-08-1995,Alm. Salg,93,4384,3,1959,
530,Villa,Søndervang 23,7200, Grindsted,350000 ,17-08-1995,Alm. Salg,71,4930,3,1952,
530,Rækkehus,Dalsvinget 20B,7200, Grindsted,479680 ,15-08-1995,Alm. Salg,102,4703,4,1978,
530,Villa,Ahornvej 18,7200, Grindsted,623220 ,14-08-1995,Alm. Salg,140,4452,6,1964,
530,Ejerlejlighed,"Grønningen 3, 1. mf",7200, Grindsted,182000 ,13-08-1995,Alm. Salg,41,4439,1,1967,
530,Villa,Rosengårdsvej 7,7250, Hejnsvig,530000 ,13-08-1995,Alm. Salg,120,4417,5,1973,
530,Villa,Vestervang 34,7190, Billund,1200000 ,13-08-1995,Alm. Salg,151,7947,6,1986,
530,Villa,Kirkegade 6,6623, Vorbasse,620000 ,13-08-1995,Alm. Salg,147,4218,6,1956,
530,Villa,A G Jensens Vej 2,7250, Hejnsvig,349000 ,10-08-1995,Alm. Salg,111,3144,5,1936,
530,Rækkehus,Sønderkær 493,7190, Billund,496000 ,09-08-1995,Alm. Salg,77,6442,3,1984,
530,Villa,Vestergade 76,7200, Grindsted,762000 ,09-08-1995,Alm. Salg,145,5255,8,1960,
530,Villa,Egevænget 410,7190, Billund,826000 ,08-08-1995,Alm. Salg,165,5006,6,1972,
530,Villa,Rungborgvej 2,7250, Hejnsvig,515000 ,08-08-1995,Alm. Salg,183,2814,7,1923,
530,Villa,Nyvej 8,7250, Hejnsvig,375000 ,08-08-1995,Alm. Salg,96,3472,4,1959,
530,Villa,Tingstedet 40,7190, Billund,196311 ,07-08-1995,Alm. Salg,158,1242,6,1995,
530,Villa,Storegade 23,7200, Grindsted,435000 ,07-08-1995,Alm. Salg,127,3425,4,1969,
530,Villa,Hølvej 6,7190, Billund,3075580 ,07-08-1995,Alm. Salg,140,13372,9,1910,
530,Villa,Gyvelvej 4,7200, Grindsted,230000 ,06-08-1995,Alm. Salg,172,1337,6,1960,
530,Villa,Vejlevej 43,7190, Billund,2113700 ,06-08-1995,Alm. Salg,207,10211,5,1912,
530,Villa,Morsbølvej 90,7200, Grindsted,1055074 ,06-08-1995,Alm. Salg,245,4306,9,1965,
530,Villa,Abildvej 6,7200, Grindsted,350000 ,06-08-1995,Alm. Salg,85,4118,3,1961,
530,Rækkehus,Dalsvinget 20H,7200, Grindsted,490000 ,05-08-1995,Alm. Salg,92,5326,3,1978,
530,Villa,Stationsvej 35,7200, Grindsted,383389 ,05-08-1995,Alm. Salg,131,2927,5,1973,
530,Villa,Havrevænget 8,7200, Grindsted,418000 ,04-08-1995,Alm. Salg,161,2596,6,1962,
530,Villa,Nyvej 3,7250, Hejnsvig,230000 ,03-08-1995,Alm. Salg,58,3966,2,1961,
530,Villa,Tingstedet 24,7190, Billund,1073638 ,02-08-1995,Alm. Salg,156,6882,7,1995,
530,Villa,Tingstedet 30,7190, Billund,155549 ,01-08-1995,Alm. Salg,137,1135,6,1997,
530,Villa,Elmelunden 209,7190, Billund,598000 ,01-08-1995,Alm. Salg,108,5537,4,1963,
530,Villa,Søndervold 305,7200, Grindsted,192000 ,30-07-1995,Alm. Salg,214,897,6,1996,
530,Villa,Tårngade 1,6623, Vorbasse,100000 ,28-07-1995,Fam. Salg,99,1010,3,1911,
530,Villa,Østerbo 6,7250, Hejnsvig,673168 ,28-07-1995,Alm. Salg,187,3600,5,1928,
530,Villa,Tingstedet 36,7190, Billund,181537 ,27-07-1995,Alm. Salg,143,1269,6,1995,
530,Villa,Bækkevej 3,6623, Vorbasse,515000 ,27-07-1995,Alm. Salg,116,4440,4,1971,
530,Villa,Bemsigvej 12,7200, Grindsted,552004 ,26-07-1995,Alm. Salg,154,3584,4,1938,
530,Villa,Ribersvej 214,7200, Grindsted,650000 ,26-07-1995,Alm. Salg,112,5804,4,1981,
530,Villa,Primulavej 18,7200, Grindsted,771540 ,24-07-1995,Alm. Salg,138,5591,5,1966,
530,Villa,Floravej 4,7200, Grindsted,570000 ,23-07-1995,Alm. Salg,226,2522,6,1919,
530,Villa,Daltoften 14,7200, Grindsted,550760 ,21-07-1995,Alm. Salg,100,5508,4,1983,
530,Villa,Nørregade 37,6623, Vorbasse,270000 ,20-07-1995,Fam. Salg,107,2523,4,1948,
530,Villa,Sønderkær 256,7190, Billund,350000 ,19-07-1995,Fam. Salg,164,2134,5,1978,
530,Villa,Bøvlvej 170,7260, Sønder Omme,305000 ,19-07-1995,Alm. Salg,103,2961,3,1950,
530,Villa,Vejle Landevej 44,7200, Grindsted,380000 ,18-07-1995,Alm. Salg,252,1508,10,1952,
530,Villa,Præstevænget 1,6623, Vorbasse,190000 ,16-07-1995,Alm. Salg,131,1450,4,1927,
530,Villa,Mølleparken 132,7190, Billund,881000 ,16-07-1995,Alm. Salg,164,5372,6,1976,
530,Villa,Utoftvej 13,7200, Grindsted,623650 ,14-07-1995,Alm. Salg,194,3215,5,1995,
530,Villa,Holdgårdsvej 5,7260, Sønder Omme,529400 ,14-07-1995,Alm. Salg,124,4269,4,1930,
530,Villa,Egevænget 104,7190, Billund,389000 ,12-07-1995,Fam. Salg,155,2510,5,1972,
530,Villa,Købmandsvej 2,6623, Vorbasse,49190 ,12-07-1995,Alm. Salg,141,349,5,1995,
530,Villa,Vejlevej 33,7260, Sønder Omme,423000 ,11-07-1995,Alm. Salg,102,4147,4,1938,
530,Villa,Chr. Lundsgaards Vej 18,7200, Grindsted,400000 ,10-07-1995,Alm. Salg,90,4444,4,1930,
530,Villa,Vestervej 11,7200, Grindsted,512000 ,10-07-1995,Alm. Salg,188,2723,6,1938,
530,Villa,Tingstedet 6,7190, Billund,208771 ,10-07-1995,Alm. Salg,146,1430,6,1995,
530,Villa,Markskellet 76,7190, Billund,923000 ,09-07-1995,Alm. Salg,247,3737,8,1987,
530,Villa,Tarm Landevej 15,7260, Sønder Omme,610000 ,05-07-1995,Alm. Salg,139,4388,5,1966,
530,Rækkehus,Åbrinken 26,7200, Grindsted,418838 ,04-07-1995,Alm. Salg,81,5171,3,1982,
530,Villa,Nørre Alle 13,7200, Grindsted,495000 ,04-07-1995,Alm. Salg,128,3867,5,1918,
530,Villa,Flintemarken 95,7190, Billund,1015000 ,04-07-1995,Alm. Salg,190,5342,8,1993,
530,Villa,Nørrevej 30,7200, Grindsted,610886 ,03-07-1995,Alm. Salg,154,3967,5,1979,
530,Villa,Herningvej 18,7260, Sønder Omme,430000 ,03-07-1995,Alm. Salg,207,2077,5,1950,
530,Villa,Amtsvejen 18,7200, Grindsted,446605 ,03-07-1995,Alm. Salg,168,2658,5,1959,
530,Villa,Stationsvej 24,7200, Grindsted,500000 ,29-06-1995,Alm. Salg,216,1976,8,1916,
530,Villa,Odinsvej 24,7200, Grindsted,1300000 ,29-06-1995,Andet,229,5677,11,1972,
530,Villa,Grindstedvej 46,7260, Sønder Omme,444000 ,29-06-1995,Alm. Salg,119,3731,5,1956,
530,Villa,Juellingsholmsvej 25,7200, Grindsted,1072500 ,29-06-1995,Alm. Salg,228,4704,8,1950,
530,Rækkehus,Sydtoften 159,7200, Grindsted,595000 ,28-06-1995,Alm. Salg,86,6919,3,1984,
530,Villa,Mølleparken 286,7190, Billund,817000 ,28-06-1995,Alm. Salg,173,4723,5,1975,
530,Villa,Tingstedet 42,7190, Billund,241748 ,27-06-1995,Alm. Salg,219,1104,7,1996,
530,Villa,Syrenvej 8,7200, Grindsted,554816 ,27-06-1995,Alm. Salg,92,6031,3,1960,
530,Rækkehus,Søndervold 22,7200, Grindsted,400000 ,25-06-1995,Alm. Salg,59,6780,2,1989,
530,Villa,Banegårdsvej 55,7200, Grindsted,290000 ,25-06-1995,Alm. Salg,80,3625,3,1930,
530,Rækkehus,Sydtoften 15,7200, Grindsted,532000 ,23-06-1995,Alm. Salg,82,6488,3,1982,
530,Villa,Vestervang 46,7190, Billund,257712 ,22-06-1995,Alm. Salg,145,1777,6,1986,
530,Villa,Rolighedsvej 11,6623, Vorbasse,260000 ,21-06-1995,Alm. Salg,145,1793,5,2006,
530,Villa,Søndervold 106,7200, Grindsted,210000 ,21-06-1995,Alm. Salg,214,981,6,1995,
530,Villa,Plougslundvej 169,7190, Billund,869000 ,21-06-1995,Alm. Salg,167,5204,5,1973,
530,Villa,Tranevej 4,7200, Grindsted,1199780 ,19-06-1995,Alm. Salg,168,7142,5,1976,
530,Villa,Elmelunden 102,7190, Billund,600000 ,19-06-1995,Alm. Salg,147,4082,5,1964,
530,Villa,Grindstedvej 60,7260, Sønder Omme,450000 ,19-06-1995,Alm. Salg,104,4327,3,1968,
530,Villa,Bredgade 11,7250, Hejnsvig,155000 ,15-06-1995,Alm. Salg,252,615,8,2019,
530,Villa,Egevænget 310,7190, Billund,739700 ,14-06-1995,Alm. Salg,140,5284,4,1972,
530,Villa,Dalsøvej 143,7200, Grindsted,140000 ,14-06-1995,Alm. Salg,159,881,5,1995,
530,Villa,Spurvevej 11,7200, Grindsted,425000 ,14-06-1995,Alm. Salg,146,2911,5,2007,
530,Villa,Kærvej 405,7190, Billund,975000 ,14-06-1995,Alm. Salg,215,4535,8,1973,
530,Villa,Søndre Boulevard 229,7200, Grindsted,205000 ,13-06-1995,Alm. Salg,177,1158,8,1995,
530,Rækkehus,Sønderkær 473,7190, Billund,700000 ,11-06-1995,Alm. Salg,99,7071,4,1986,
530,Ejerlejlighed,"Nørregade 13, 1",7200, Grindsted,1600000 ,11-06-1995,Alm. Salg,132,12121,5,1963,
530,Villa,Jasminvej 7,7200, Grindsted,335000 ,11-06-1995,Alm. Salg,164,2043,4,1995,
530,Villa,Dalbyvej 17,7200, Grindsted,435000 ,09-06-1995,Alm. Salg,96,4531,4,1952,
530,Villa,Systemvej 29,7190, Billund,525000 ,08-06-1995,Alm. Salg,74,7095,3,1961,
530,Villa,Skole Alle 6,7260, Sønder Omme,460000 ,07-06-1995,Alm. Salg,129,3566,5,1915,
530,Rækkehus,Nørager 28,7260, Sønder Omme,405000 ,06-06-1995,Alm. Salg,86,4709,2,1980,
530,Villa,Tingstedet 14,7190, Billund,200583 ,05-06-1995,Alm. Salg,227,884,6,1997,
530,Villa,Solvangen 13,7200, Grindsted,325000 ,05-06-1995,Alm. Salg,124,2621,4,1965,
530,Villa,Østergade 17,6623, Vorbasse,306800 ,02-06-1995,Alm. Salg,147,2087,5,1937,
530,Villa,Amtsvejen 13,7200, Grindsted,320000 ,02-06-1995,Alm. Salg,182,1758,7,1919,
530,Villa,Solvangen 19,7200, Grindsted,355757 ,01-06-1995,Fam. Salg,136,2616,4,1977,
530,Villa,Morsbøl Skolevej 1,7200, Grindsted,710000 ,01-06-1995,Alm. Salg,238,2983,6,1913,
530,Villa,Birkevej 1,6623, Vorbasse,450000 ,01-06-1995,Alm. Salg,118,3814,5,1967,
530,Villa,Dalbyvej 23,7200, Grindsted,495000 ,01-06-1995,Alm. Salg,120,4125,5,1953,
530,Rækkehus,Sønderkær 353,7190, Billund,580667 ,31-05-1995,Alm. Salg,87,6674,3,1985,
530,Villa,Dalbo 25,7200, Grindsted,780000 ,31-05-1995,Alm. Salg,135,5778,5,1978,
530,Villa,Nollundvej 203,7200, Grindsted,685000 ,31-05-1995,Alm. Salg,111,6171,4,1930,
530,Villa,Egeparken 10,7260, Sønder Omme,172600 ,30-05-1995,Alm. Salg,177,975,6,1995,
530,Villa,Søndre Boulevard 243,7200, Grindsted,235000 ,30-05-1995,Alm. Salg,175,1343,6,1995,
530,Villa,Mølleparken 215,7190, Billund,755000 ,30-05-1995,Alm. Salg,142,5317,5,1976,
530,Villa,Nyvej 16A,7250, Hejnsvig,250000 ,30-05-1995,Alm. Salg,86,2907,4,1954,
530,Villa,Præstevænget 8,7250, Hejnsvig,595000 ,30-05-1995,Alm. Salg,162,3673,6,1951,
530,Ejerlejlighed,"Grønningen 13, 2. mf",7200, Grindsted,142644 ,23-05-1995,Alm. Salg,41,3479,1,1967,
530,Villa,Dalbo 38,7200, Grindsted,628000 ,23-05-1995,Alm. Salg,121,5190,4,1978,
530,Villa,Nebelvej 30,6623, Vorbasse,44134 ,22-05-1995,Alm. Salg,226,195,7,1928,
530,Villa,Tingstedet 10,7190, Billund,177087 ,22-05-1995,Alm. Salg,150,1181,6,1995,
530,Rækkehus,Lysningen 46,7190, Billund,603025 ,21-05-1995,Alm. Salg,88,6853,2,2008,
530,Villa,Toften 33,7190, Billund,795000 ,19-05-1995,Alm. Salg,180,4417,5,1968,
530,Villa,Flintemarken 8,7190, Billund,890000 ,18-05-1995,Alm. Salg,167,5329,7,1988,
530,Villa,Dalsvinget 53,7200, Grindsted,775000 ,18-05-1995,Alm. Salg,136,5699,5,1977,
530,Villa,Sønderkær 381,7190, Billund,700000 ,17-05-1995,Alm. Salg,185,3784,8,1985,
530,Villa,Søndre Boulevard 321,7200, Grindsted,952240 ,17-05-1995,Alm. Salg,126,7557,5,1986,
530,Villa,Grindstedvej 14,7260, Sønder Omme,313000 ,16-05-1995,Alm. Salg,120,2608,5,1915,
530,Rækkehus,Grønningen 28,7190, Billund,212202 ,15-05-1995,Fam. Salg,71,2989,2,1988,
530,Villa,Søndervold 325,7200, Grindsted,177000 ,14-05-1995,Alm. Salg,167,1060,5,1995,
530,Villa,Egevænget 314,7190, Billund,790000 ,10-05-1995,Alm. Salg,153,5163,5,1972,
530,Villa,Dalbo 22,7200, Grindsted,646000 ,10-05-1995,Alm. Salg,121,5339,4,1978,
530,Rækkehus,Mølleparken 302C,7190, Billund,495000 ,09-05-1995,Alm. Salg,77,6429,3,1985,
530,Villa,Tranebærvej 9,7200, Grindsted,764000 ,09-05-1995,Alm. Salg,133,5744,5,1966,
530,Villa,Tingstedet 25,7190, Billund,1139190 ,09-05-1995,Alm. Salg,165,6904,5,1995,
530,Villa,Skjoldbjergvej 44,6623, Vorbasse,180000 ,09-05-1995,Alm. Salg,53,3396,3,1954,
530,Villa,Amtsvejen 45,7200, Grindsted,10000 ,09-05-1995,Alm. Salg,196,51,6,1998,
530,Villa,Juellingsholmsvej 25,7200, Grindsted,599000 ,08-05-1995,Alm. Salg,228,2627,8,1950,
530,Villa,Sønderkær 311,7190, Billund,1071125 ,07-05-1995,Alm. Salg,180,5951,7,1985,
530,Villa,Nørregade 43,7200, Grindsted,680000 ,07-05-1995,Alm. Salg,160,4250,5,1924,
530,Villa,Grønnegade 10,6623, Vorbasse,587000 ,07-05-1995,Alm. Salg,148,3966,4,1978,
530,Villa,Engsøparken 5,7200, Grindsted,15000 ,07-05-1995,Alm. Salg,168,89,4,2000,
530,Villa,Dalsvinget 8,7200, Grindsted,1075000 ,07-05-1995,Andet,159,6361,6,1977,
530,Villa,Dalsøvej 15,7200, Grindsted,885122 ,07-05-1995,Alm. Salg,141,5464,5,1975,
530,Rækkehus,Sydtoften 137,7200, Grindsted,500000 ,04-05-1995,Alm. Salg,82,6098,3,1984,
530,Villa,Sjællandsgade 12,7200, Grindsted,708000 ,04-05-1995,Alm. Salg,103,6874,4,1943,
530,Villa,Nebelvej 50,6623, Vorbasse,160000 ,04-05-1995,Alm. Salg,147,1088,6,1928,
530,Villa,Gammel Bøvlvej 38,7260, Sønder Omme,220000 ,03-05-1995,Alm. Salg,170,1294,5,0,
530,Villa,Fitting Stationsvej 12,6623, Vorbasse,349465 ,02-05-1995,Alm. Salg,180,1941,5,2015,
530,Villa,Vejle Landevej 55,7200, Grindsted,400000 ,02-05-1995,Alm. Salg,151,2649,5,1952,
530,Villa,Søndervold 325,7200, Grindsted,1140000 ,01-05-1995,Alm. Salg,167,6826,5,1995,
530,Villa,Ribersvej 70,7200, Grindsted,640000 ,30-04-1995,Andet,169,3787,6,1979,
530,Villa,Søndre Boulevard 245,7200, Grindsted,235000 ,30-04-1995,Alm. Salg,135,1741,4,1997,
530,Villa,Svinget 9,7200, Grindsted,595000 ,30-04-1995,Alm. Salg,90,6611,3,1956,
530,Villa,Sønderkær 138,7190, Billund,794871 ,29-04-1995,Alm. Salg,171,4648,5,1977,
530,Villa,Vestervej 8,7200, Grindsted,350000 ,27-04-1995,Alm. Salg,135,2593,5,1924,
530,Villa,Tingstedet 38,7190, Billund,181893 ,27-04-1995,Alm. Salg,141,1290,6,1996,
530,Villa,Åhavevej 26,7200, Grindsted,1100000 ,27-04-1995,Alm. Salg,179,6145,5,1972,
530,Villa,Nebelvej 48,6623, Vorbasse,525000 ,27-04-1995,Alm. Salg,248,2117,8,1898,
530,Villa,Drivvejen 26,6623, Vorbasse,549000 ,27-04-1995,Alm. Salg,116,4733,4,1977,
530,Rækkehus,Sønderkær 343,7190, Billund,480813 ,26-04-1995,Fam. Salg,80,6010,4,1985,
530,Villa,Tingstedet 26,7190, Billund,1225000 ,26-04-1995,Alm. Salg,162,7562,6,1994,
530,Villa,Lyngvang 19,7260, Sønder Omme,593000 ,25-04-1995,Alm. Salg,149,3980,5,1973,
530,Villa,Ravnsøvej 4,7200, Grindsted,705000 ,25-04-1995,Alm. Salg,149,4732,5,1974,
530,Villa,Blåhøjvej 6,7200, Grindsted,320000 ,25-04-1995,Alm. Salg,116,2759,6,1910,
530,Villa,Knudsøvej 6,7200, Grindsted,895000 ,25-04-1995,Alm. Salg,158,5665,5,1974,
530,Villa,Sønderkær 249,7190, Billund,1138000 ,23-04-1995,Alm. Salg,182,6253,4,1980,
530,Villa,Østerbyvej 5,7190, Billund,700000 ,23-04-1995,Fam. Salg,301,2236,12,1970,
530,Villa,Hjortlundvej 5,7200, Grindsted,225000 ,23-04-1995,Andet,193,1166,6,1968,
530,Villa,Søndervold 110,7200, Grindsted,225000 ,20-04-1995,Alm. Salg,177,1271,6,1995,
530,Villa,Dalbo 75,7200, Grindsted,865160 ,20-04-1995,Alm. Salg,170,5089,5,1979,
530,Villa,Sommers Alle 8,7200, Grindsted,470000 ,20-04-1995,Alm. Salg,138,3406,5,1917,
530,Villa,Abildvej 9,7200, Grindsted,690000 ,19-04-1995,Alm. Salg,160,4313,6,1972,
530,Villa,Stationsvej 1,7200, Grindsted,126376 ,19-04-1995,Alm. Salg,138,916,5,1962,
530,Villa,Dalsvinget 12,7200, Grindsted,680000 ,19-04-1995,Alm. Salg,138,4928,5,1977,
530,Villa,Finlandsvej 15,7200, Grindsted,765000 ,18-04-1995,Alm. Salg,151,5066,6,1969,
530,Villa,Havrevænget 33,7200, Grindsted,510000 ,18-04-1995,Alm. Salg,132,3864,5,1962,
530,Villa,Mossøvej 8,7200, Grindsted,762500 ,17-04-1995,Alm. Salg,149,5117,7,1973,
530,Rækkehus,Sydtoften 145,7200, Grindsted,558476 ,14-04-1995,Alm. Salg,86,6494,3,1984,
530,Rækkehus,Tårngade 22,6623, Vorbasse,185000 ,14-04-1995,Fam. Salg,111,1667,3,1929,
530,Rækkehus,Jørgen Glavinds Vej 29,7200, Grindsted,465000 ,11-04-1995,Alm. Salg,137,3394,5,1957,
530,Villa,Almstokvej 11,7190, Billund,465000 ,11-04-1995,Alm. Salg,173,2688,5,2006,
530,Villa,Refshøjvej 49,7250, Hejnsvig,372857 ,11-04-1995,Alm. Salg,195,1912,6,1980,
530,Villa,Hovedgaden 34,7260, Sønder Omme,457875 ,10-04-1995,Andet,263,1741,10,1954,
530,Villa,Aakjærsvej 2,7200, Grindsted,365265 ,10-04-1995,Alm. Salg,94,3886,2,1942,
530,Villa,Dalsøvej 179,7200, Grindsted,902000 ,09-04-1995,Alm. Salg,156,5782,7,1990,
530,Villa,Refshøjvej 64,7250, Hejnsvig,315000 ,09-04-1995,Alm. Salg,278,1133,11,1800,
530,Villa,Laust Rasmussens Vej 7,7200, Grindsted,273468 ,08-04-1995,Fam. Salg,247,1107,4,1916,
530,Villa,Tingstedet 28,7190, Billund,150031 ,06-04-1995,Alm. Salg,177,848,6,1996,
530,Villa,Ribersvej 140,7200, Grindsted,765000 ,06-04-1995,Alm. Salg,127,6024,4,1981,
530,Villa,Bredgade 60,7250, Hejnsvig,365000 ,06-04-1995,Alm. Salg,176,2074,6,1910,
530,Villa,Egevej 16,7260, Sønder Omme,465000 ,04-04-1995,Alm. Salg,111,4189,4,1965,
530,Rækkehus,Sønderkær 427B,7190, Billund,495000 ,02-04-1995,Alm. Salg,77,6429,3,1986,
530,Villa,Østergade 13,7200, Grindsted,553000 ,02-04-1995,Alm. Salg,94,5883,3,1951,
530,Villa,Langgade 34,7250, Hejnsvig,475000 ,31-03-1995,Alm. Salg,183,2596,6,1929,
530,Villa,Egevej 5,7260, Sønder Omme,580000 ,29-03-1995,Alm. Salg,125,4640,4,1967,
530,Villa,Gl. Grenevej 2,6623, Vorbasse,435000 ,29-03-1995,Alm. Salg,307,1417,9,1901,
530,Villa,Mølleparken 268,7190, Billund,543131 ,29-03-1995,Alm. Salg,280,1940,10,1975,
530,Villa,J P Jensens Vej 17,7200, Grindsted,385000 ,28-03-1995,Alm. Salg,104,3702,4,1950,
530,Villa,Søndervold 301,7200, Grindsted,191000 ,28-03-1995,Alm. Salg,161,1186,5,1995,
530,Villa,Plantagevej 27,7200, Grindsted,250000 ,28-03-1995,Alm. Salg,169,1157,5,1998,
530,Villa,Bemsigvej 20,7200, Grindsted,547000 ,27-03-1995,Alm. Salg,122,4484,6,1919,
530,Villa,Bogfinkevej 6A,7190, Billund,525000 ,27-03-1995,Alm. Salg,63,8333,3,1960,
530,Villa,Gammel Bøvlvej 29B,7260, Sønder Omme,205000 ,27-03-1995,Andet,178,1152,6,1974,
530,Villa,Østergaardsvej 7,7200, Grindsted,192600 ,26-03-1995,Alm. Salg,73,2638,3,1954,
530,Villa,Ølgodvej 36,7200, Grindsted,395000 ,26-03-1995,Alm. Salg,149,2651,5,1948,
530,Villa,Knudsøvej 3,7200, Grindsted,820000 ,23-03-1995,Alm. Salg,148,5541,5,1974,
530,Villa,Vejlevej 40,7260, Sønder Omme,330000 ,22-03-1995,Alm. Salg,94,3511,3,1955,
530,Rækkehus,Nørager 95,7260, Sønder Omme,145000 ,21-03-1995,Fam. Salg,64,2266,2,1981,
530,Rækkehus,Jørgen Glavinds Vej 23,7200, Grindsted,386000 ,21-03-1995,Alm. Salg,159,2428,5,1957,
530,Villa,Flintemarken 81,7190, Billund,1095000 ,21-03-1995,Alm. Salg,147,7449,7,1989,
530,Villa,Sydtoften 49,7200, Grindsted,851000 ,21-03-1995,Alm. Salg,151,5636,4,1984,
530,Villa,Kærvej 135,7190, Billund,635000 ,20-03-1995,Alm. Salg,175,3629,7,1972,
530,Villa,Østerbo 6,7190, Billund,560000 ,20-03-1995,Alm. Salg,150,3733,6,1957,
530,Villa,Nørregade 47,7200, Grindsted,350000 ,20-03-1995,Alm. Salg,156,2244,6,1944,
530,Rækkehus,Sydtoften 155,7200, Grindsted,547000 ,18-03-1995,Alm. Salg,86,6360,3,1984,
530,Villa,Flintemarken 9,7190, Billund,639000 ,18-03-1995,Alm. Salg,99,6455,4,1989,
530,Villa,Dalsvinget 2,7200, Grindsted,725000 ,18-03-1995,Alm. Salg,159,4560,6,1976,
530,Villa,Dalbo 76,7200, Grindsted,845000 ,17-03-1995,Alm. Salg,160,5281,5,1978,
530,Villa,Amtsvejen 27,7200, Grindsted,525000 ,17-03-1995,Alm. Salg,174,1558,7,1910,
530,Villa,Amtsvejen 67,7200, Grindsted,388000 ,16-03-1995,Alm. Salg,150,2587,5,1970,
530,Villa,Sydtoften 113,7200, Grindsted,850000 ,16-03-1995,Alm. Salg,129,6589,4,1984,
530,Villa,Kærvej 127,7190, Billund,910000 ,16-03-1995,Alm. Salg,230,3957,7,1975,
530,Villa,Kolstrupvej 22,7200, Grindsted,366000 ,16-03-1995,Alm. Salg,114,3211,3,1919,
530,Villa,Østervej 12,7200, Grindsted,475000 ,15-03-1995,Alm. Salg,228,2083,6,1937,
530,Villa,Vesterhedevej 23,7200, Grindsted,640000 ,15-03-1995,Alm. Salg,218,2936,6,1932,
530,Villa,Bredgade 3,7250, Hejnsvig,760000 ,15-03-1995,Alm. Salg,201,3781,6,1872,
530,Villa,Tingstedet 36,7190, Billund,168432 ,14-03-1995,Andet,143,1178,6,1995,
530,Villa,Enghaven 6,7260, Sønder Omme,225000 ,14-03-1995,Alm. Salg,148,1520,6,2004,
530,Villa,Primulavej 7,7200, Grindsted,895000 ,14-03-1995,Alm. Salg,169,5296,5,1962,
530,Ejerlejlighed,"Grønningen 23, 1. mf",7200, Grindsted,192155 ,13-03-1995,Alm. Salg,40,4804,1,1968,
530,Villa,Markskellet 108,7190, Billund,860000 ,13-03-1995,Alm. Salg,130,6615,5,1988,
530,Villa,Vibes Alle 14,7200, Grindsted,282103 ,13-03-1995,Alm. Salg,137,2059,7,1954,
530,Villa,Vibes Alle 19,7200, Grindsted,550000 ,13-03-1995,Alm. Salg,89,6180,3,1947,
530,Villa,Dalgasvej 4,6623, Vorbasse,155000 ,11-03-1995,Alm. Salg,163,951,5,1997,
530,Villa,Åvej 17,7260, Sønder Omme,117500 ,09-03-1995,Fam. Salg,75,1567,3,1968,
530,Villa,Hovedgaden 58,7190, Billund,375000 ,09-03-1995,Alm. Salg,108,3472,5,1950,
530,Rækkehus,Sønderkær 457,7190, Billund,465000 ,08-03-1995,Alm. Salg,77,6039,3,1985,
530,Villa,Højvangsvej 22,7260, Sønder Omme,219000 ,08-03-1995,Alm. Salg,255,859,6,2002,
530,Villa,Søgårdvej 31,7250, Hejnsvig,650000 ,07-03-1995,Alm. Salg,143,4545,4,1980,
530,Villa,Plougslundvej 109,7190, Billund,785000 ,06-03-1995,Alm. Salg,164,4787,4,1974,
530,Villa,Lysningen 2,7190, Billund,308106 ,06-03-1995,Alm. Salg,142,2170,5,1987,
530,Villa,Dalsvinget 3,7200, Grindsted,850000 ,03-03-1995,Alm. Salg,172,4942,6,1976,
530,Villa,Sønderkær 387,7190, Billund,720000 ,01-03-1995,Alm. Salg,114,6316,4,1987,
530,Villa,Grindstedvej 72,7260, Sønder Omme,373500 ,01-03-1995,Alm. Salg,98,3811,3,1959,
530,Villa,Mølleparken 109,7190, Billund,296607 ,01-03-1995,Andet,147,2018,5,1977,
530,Villa,Ravlundvej 16,7200, Grindsted,634744 ,01-03-1995,Alm. Salg,173,3669,5,1886,
530,Villa,Poppelvej 12,7200, Grindsted,495000 ,01-03-1995,Alm. Salg,164,3018,7,1961,
530,Villa,Dalsvinget 17,7200, Grindsted,800874 ,01-03-1995,Alm. Salg,144,5562,5,1976,
530,Ejerlejlighed,"Hovedgaden 41, 1",7260, Sønder Omme,500000 ,28-02-1995,Alm. Salg,64,7813,2,1907,
530,Villa,Nørager 16,7260, Sønder Omme,110000 ,26-02-1995,Alm. Salg,152,724,5,1995,
530,Villa,Søndervold 335,7200, Grindsted,193000 ,24-02-1995,Alm. Salg,166,1163,6,1995,
530,Rækkehus,Dalsvinget 18B,7200, Grindsted,520000 ,23-02-1995,Alm. Salg,102,5098,4,1978,
530,Villa,Vibes Alle 17,7200, Grindsted,480000 ,23-02-1995,Alm. Salg,94,5106,3,1939,
530,Villa,Løvlundvej 10,7190, Billund,375000 ,23-02-1995,Alm. Salg,139,2698,4,1958,
530,Villa,Markskellet 26,7190, Billund,726750 ,23-02-1995,Alm. Salg,107,6792,4,1990,
530,Villa,Lindevej 3,7200, Grindsted,515000 ,22-02-1995,Alm. Salg,81,6358,3,1961,
530,Villa,Søndervold 335,7200, Grindsted,1134000 ,21-02-1995,Alm. Salg,166,6831,6,1995,
530,Villa,Søndre Boulevard 289,7200, Grindsted,750000 ,21-02-1995,Alm. Salg,111,6757,4,1988,
530,Villa,Ribersvej 36,7200, Grindsted,632597 ,21-02-1995,Fam. Salg,140,4519,4,1979,
530,Villa,Mølleparken 410,7190, Billund,810000 ,20-02-1995,Alm. Salg,120,6750,4,1985,
530,Villa,Syrenvej 12,7200, Grindsted,518000 ,19-02-1995,Alm. Salg,141,3674,7,1961,
530,Villa,Dalbo 52,7200, Grindsted,275000 ,18-02-1995,Fam. Salg,121,2273,4,1979,
530,Villa,Amtsvejen 25B,7200, Grindsted,390000 ,18-02-1995,Alm. Salg,144,2708,4,2020,
530,Rækkehus,Søndre Boulevard 385,7200, Grindsted,525000 ,17-02-1995,Alm. Salg,81,6481,3,1987,
530,Villa,Tingstedet 54,7190, Billund,153057 ,16-02-1995,Alm. Salg,137,1117,6,1995,
530,Villa,Egevej 17,7260, Sønder Omme,414000 ,15-02-1995,Alm. Salg,98,4224,4,1964,
530,Villa,Krarupvej 16,7200, Grindsted,204003 ,15-02-1995,Andet,138,1478,5,1965,
530,Villa,Dalsøvej 169,7200, Grindsted,110000 ,14-02-1995,Alm. Salg,161,683,6,1995,
530,Villa,Brombærvej 13,7200, Grindsted,895024 ,14-02-1995,Alm. Salg,205,4366,6,1968,
530,Villa,Ågeslundvej 26,7200, Grindsted,807860 ,14-02-1995,Alm. Salg,163,4956,4,1975,
530,Villa,Ølgodvej 34,7200, Grindsted,315000 ,14-02-1995,Alm. Salg,66,4773,2,1954,
530,Villa,Nørrevej 17,7200, Grindsted,501526 ,13-02-1995,Alm. Salg,128,3918,4,1974,
530,Villa,Parkvej 14,6623, Vorbasse,249179 ,13-02-1995,Fam. Salg,192,1298,6,1974,
530,Villa,Nygade 8,7200, Grindsted,530000 ,13-02-1995,Alm. Salg,138,3841,5,1925,
530,Villa,Grønnegade 6,6623, Vorbasse,460000 ,13-02-1995,Alm. Salg,108,4259,4,1981,
530,Villa,Rugvænget 17,7200, Grindsted,442000 ,13-02-1995,Alm. Salg,106,4170,4,1962,
530,Villa,Søndre Boulevard 283,7200, Grindsted,750000 ,13-02-1995,Alm. Salg,144,5208,4,1988,
530,Villa,Tingstedet 24,7190, Billund,156795 ,12-02-1995,Alm. Salg,156,1005,7,1995,
530,Villa,Skjoldbjergvej 13,6623, Vorbasse,409200 ,12-02-1995,Alm. Salg,139,2944,4,1953,
530,Villa,Vesterled 1,7260, Sønder Omme,385000 ,12-02-1995,Alm. Salg,76,5066,3,1952,
530,Villa,Nymarksvej 11,7200, Grindsted,1427145 ,10-02-1995,Alm. Salg,171,8346,4,1966,
530,Villa,Egevej 14,7260, Sønder Omme,415000 ,09-02-1995,Alm. Salg,152,2730,5,1965,
530,Villa,Storegade 51,7200, Grindsted,365000 ,07-02-1995,Alm. Salg,101,3614,4,1947,
530,Villa,Dalsøvej 151,7200, Grindsted,1215000 ,05-02-1995,Alm. Salg,164,7409,5,1992,
530,Villa,Tingstedet 29,7190, Billund,160177 ,01-02-1995,Alm. Salg,152,1054,6,1995,
530,Villa,Vesterhedevej 52,7250, Hejnsvig,278000 ,01-02-1995,Alm. Salg,142,1958,5,1929,
530,Villa,Vestre Boulevard 14,7200, Grindsted,705000 ,31-01-1995,Alm. Salg,203,3473,7,1926,
530,Villa,Nyvej 4,7250, Hejnsvig,495000 ,31-01-1995,Alm. Salg,102,4853,4,1960,
530,Villa,Søndervold 313,7200, Grindsted,1149000 ,29-01-1995,Alm. Salg,140,8207,5,1995,
530,Villa,Aakjærsvej 15,7200, Grindsted,425000 ,26-01-1995,Alm. Salg,99,4293,3,1946,
530,Rækkehus,Søndervold 8,7200, Grindsted,666500 ,24-01-1995,Alm. Salg,96,6943,4,1992,
530,Villa,Engebækgårdvej 58,7260, Sønder Omme,1320000 ,24-01-1995,Fam. Salg,100,13200,3,1984,
530,Villa,Dalsøvej 67,7200, Grindsted,712000 ,23-01-1995,Alm. Salg,128,5563,4,1976,
530,Villa,Søndervold 333,7200, Grindsted,195000 ,23-01-1995,Alm. Salg,150,1300,5,1995,
530,Villa,Prærien 23,7200, Grindsted,800000 ,23-01-1995,Alm. Salg,174,4598,5,1988,
530,Villa,Drosselvej 5,6623, Vorbasse,505000 ,21-01-1995,Alm. Salg,123,4106,5,1980,
530,Villa,Tingstedet 25,7190, Billund,192395 ,18-01-1995,Alm. Salg,165,1166,5,1995,
530,Villa,Rogusavej 4,7250, Hejnsvig,130609 ,18-01-1995,Alm. Salg,229,570,7,1970,
530,Villa,Gilbjergvej 2,6623, Vorbasse,550000 ,18-01-1995,Fam. Salg,150,3667,5,1942,
530,Rækkehus,Krogagervej 44,7200, Grindsted,525000 ,16-01-1995,Alm. Salg,99,5303,4,1957,
530,Villa,Plougstrupvej 3,7200, Grindsted,330000 ,16-01-1995,Alm. Salg,290,1138,10,1911,
530,Villa,Østerbo 8,7250, Hejnsvig,285000 ,16-01-1995,Alm. Salg,186,1532,7,1946,
530,Villa,Stationsvej 17,7200, Grindsted,417000 ,16-01-1995,Alm. Salg,99,4212,3,1960,
530,Villa,Nygårdsvej 9,7200, Grindsted,170000 ,15-01-1995,Alm. Salg,123,1382,4,1927,
530,Villa,Prærien 56,7200, Grindsted,30000 ,15-01-1995,Alm. Salg,148,203,4,1999,
530,Villa,Lægårdsvej 2,7260, Sønder Omme,360000 ,14-01-1995,Alm. Salg,94,3830,5,1963,
530,Villa,Lynghedevej 7,7200, Grindsted,850000 ,13-01-1995,Alm. Salg,156,5449,6,1975,
530,Rækkehus,Prærien 40,7200, Grindsted,585000 ,12-01-1995,Alm. Salg,101,5792,4,1985,
530,Villa,Ølgodvej 48,7200, Grindsted,605623 ,12-01-1995,Alm. Salg,269,2251,8,1969,
530,Villa,Søndre Boulevard 233,7200, Grindsted,220000 ,12-01-1995,Alm. Salg,178,1236,5,1995,
530,Rækkehus,Åbrinken 28,7200, Grindsted,434000 ,11-01-1995,Alm. Salg,81,5358,3,1982,
530,Villa,Skovparken 218B,7190, Billund,100000 ,11-01-1995,Alm. Salg,140,714,4,1961,
530,Villa,Skovparken 404,7190, Billund,615000 ,11-01-1995,Alm. Salg,246,2500,6,1965,
530,Villa,Ribersvej 210,7200, Grindsted,810000 ,11-01-1995,Alm. Salg,146,5548,5,1991,
530,Villa,Engvej 14,7200, Grindsted,450000 ,10-01-1995,Alm. Salg,164,2744,5,1914,
530,Villa,Almstokvej 6,7190, Billund,650000 ,10-01-1995,Alm. Salg,238,2731,5,1902,
530,Villa,Amtsvejen 23,7200, Grindsted,183364 ,10-01-1995,Alm. Salg,97,1890,4,1942,
530,Villa,Nørregade 21,6623, Vorbasse,170000 ,09-01-1995,Alm. Salg,153,1111,5,1892,
530,Villa,Samsøvej 2,7200, Grindsted,575000 ,08-01-1995,Alm. Salg,141,4078,5,1968,
530,Villa,Havrevænget 26,7200, Grindsted,376911 ,08-01-1995,Alm. Salg,91,4142,3,1963,
530,Villa,Flintemarken 6,7190, Billund,912500 ,08-01-1995,Alm. Salg,136,6710,5,1989,
530,Villa,Fasanvej 3,7190, Billund,481400 ,07-01-1995,Alm. Salg,99,4863,3,1960,
530,Villa,Mølleparken 122,7190, Billund,890000 ,07-01-1995,Alm. Salg,151,5894,5,1977,
530,Villa,Violvej 4,7260, Sønder Omme,405400 ,07-01-1995,Alm. Salg,151,2685,5,1968,
530,Villa,Nollundvej 135,7200, Grindsted,530000 ,05-01-1995,Alm. Salg,104,5096,4,1969,
530,Villa,Herningvej 4,7260, Sønder Omme,350000 ,05-01-1995,Alm. Salg,124,2823,4,1937,
530,Villa,Tingstedet 44,7190, Billund,161997 ,04-01-1995,Alm. Salg,163,994,7,1995,
530,Villa,Elmelunden 217,7190, Billund,510000 ,04-01-1995,Alm. Salg,97,5258,4,1963,
530,Villa,Grenevej 33,7190, Billund,925000 ,04-01-1995,Alm. Salg,244,3791,8,1900,
530,Rækkehus,Lysningen 40,7190, Billund,279284 ,02-01-1995,Alm. Salg,95,2940,4,1986,
530,Villa,Nollundvej 87,7200, Grindsted,471250 ,02-01-1995,Alm. Salg,137,3440,4,1963,
530,Villa,Dalsøvej 145,7200, Grindsted,140000 ,01-01-1995,Alm. Salg,190,737,5,1995,
530,Villa,Parallelvej 2,7260, Sønder Omme,380000 ,01-01-1995,Alm. Salg,101,3762,4,1965,
530,Villa,Sønderkær 108,7190, Billund,750000 ,30-12-1994,Fam. Salg,139,5396,5,1977,
530,Villa,Nebelvej 30,6623, Vorbasse,550000 ,28-12-1994,Alm. Salg,226,2434,7,1928,
530,Villa,Dalbyvej 14,7200, Grindsted,131637 ,22-12-1994,Alm. Salg,91,1447,3,1944,
530,Villa,Dalsøvej 61,7200, Grindsted,495000 ,20-12-1994,Alm. Salg,123,4024,5,1976,
530,Villa,Nørreled 29,7200, Grindsted,443691 ,19-12-1994,Alm. Salg,90,4930,3,1953,
530,Rækkehus,Sønderkær 333,7190, Billund,527594 ,18-12-1994,Fam. Salg,89,5928,3,1980,
530,Villa,Søndervold 321,7200, Grindsted,1030000 ,18-12-1994,Alm. Salg,145,7103,5,1995,
530,Villa,Sønderkær 180,7190, Billund,800000 ,18-12-1994,Alm. Salg,181,4420,7,1977,
530,Villa,Østervangsvej 4,7200, Grindsted,150000 ,15-12-1994,Alm. Salg,108,1389,3,1932,
530,Villa,Nyvej 5,7250, Hejnsvig,340000 ,15-12-1994,Alm. Salg,42,8095,1,1960,
530,Villa,Kolstrupvej 24,7200, Grindsted,577387 ,15-12-1994,Alm. Salg,133,4341,7,1921,
530,Villa,Hørlycks Alle 18,7200, Grindsted,255000 ,13-12-1994,Alm. Salg,142,1796,4,1997,
530,Rækkehus,Åglimt 49,7200, Grindsted,462000 ,12-12-1994,Alm. Salg,94,4915,4,1986,
530,Ejerlejlighed,"Nygade 19B, st",7200, Grindsted,585000 ,12-12-1994,Alm. Salg,83,7048,3,1988,
530,Villa,Sjællandsgade 12,7200, Grindsted,285000 ,12-12-1994,Alm. Salg,103,2767,4,1943,
530,Villa,Frejasvej 3,7200, Grindsted,1150000 ,12-12-1994,Alm. Salg,150,7667,6,1975,
530,Villa,Stadionvej 2,6623, Vorbasse,540000 ,12-12-1994,Fam. Salg,226,2389,7,1934,
530,Villa,Dalsøvej 63,7200, Grindsted,764000 ,11-12-1994,Alm. Salg,143,5343,6,1977,
530,Villa,Lyngvang 15,7260, Sønder Omme,235760 ,11-12-1994,Alm. Salg,178,1324,6,1973,
530,Villa,Lærkevang 13,7200, Grindsted,133333 ,11-12-1994,Fam. Salg,140,952,3,1920,
530,Villa,Dalsøvej 44,7200, Grindsted,690000 ,11-12-1994,Alm. Salg,129,5349,5,1976,
530,Villa,Ribersvej 100,7200, Grindsted,46530 ,04-12-1994,Alm. Salg,332,140,7,1995,
530,Villa,Østergade 47,6623, Vorbasse,470000 ,04-12-1994,Fam. Salg,220,2136,7,2003,
530,Villa,Sønderkær 266,7190, Billund,926808 ,01-12-1994,Alm. Salg,156,5941,5,1978,
530,Villa,Svalevænget 2,6623, Vorbasse,90000 ,30-11-1994,Alm. Salg,132,682,6,1995,
530,Villa,Nørre Alle 15,7200, Grindsted,400000 ,30-11-1994,Alm. Salg,97,4124,4,1932,
530,Villa,Tingstedet 50,7190, Billund,206842 ,29-11-1994,Alm. Salg,156,1326,7,1995,
530,Villa,Mellemvej 18,7200, Grindsted,110000 ,29-11-1994,Alm. Salg,62,1774,2,1963,
530,Villa,Nørrevej 23,7200, Grindsted,740000 ,28-11-1994,Fam. Salg,155,4774,6,1986,
530,Villa,Vestergade 89,7200, Grindsted,575000 ,27-11-1994,Alm. Salg,105,5476,5,1964,
530,Villa,Vestervang 4,7190, Billund,725000 ,24-11-1994,Alm. Salg,140,5179,5,1987,
530,Villa,Søndervold 303,7200, Grindsted,177000 ,22-11-1994,Alm. Salg,147,1204,5,1995,
530,Villa,Mølleparken 134,7190, Billund,733475 ,19-11-1994,Alm. Salg,142,5165,5,1975,
530,Villa,Jyllandsgade 41,7200, Grindsted,510000 ,19-11-1994,Alm. Salg,123,4146,4,1956,
530,Villa,Filskovvej 23,7200, Grindsted,350000 ,18-11-1994,Alm. Salg,104,3365,4,1949,
530,Villa,Tranevej 2,7200, Grindsted,363317 ,17-11-1994,Fam. Salg,170,2137,6,1976,
530,Villa,Aakjærsvej 5,7200, Grindsted,594780 ,16-11-1994,Alm. Salg,95,6261,3,1946,
530,Villa,Grindstedvej 48,7260, Sønder Omme,275000 ,14-11-1994,Alm. Salg,134,2052,6,1939,
530,Villa,Mølleparken 137,7190, Billund,835000 ,14-11-1994,Alm. Salg,161,5186,6,1976,
530,Rækkehus,Markskellet 4,7190, Billund,675000 ,13-11-1994,Alm. Salg,100,6750,5,1987,
530,Villa,Sverrigsvej 1,7200, Grindsted,662000 ,11-11-1994,Alm. Salg,144,4597,5,1969,
530,Villa,Amtsvejen 8,7200, Grindsted,473000 ,10-11-1994,Alm. Salg,261,1812,4,1910,
530,Villa,Blichersvej 9,7200, Grindsted,273000 ,09-11-1994,Alm. Salg,113,2416,2,1948,
530,Villa,Dalsøvej 127,7200, Grindsted,293329 ,08-11-1994,Alm. Salg,170,1725,6,1979,
530,Villa,Flintemarken 63,7190, Billund,670000 ,08-11-1994,Alm. Salg,119,5630,4,1988,
530,Villa,Nygade 3,6623, Vorbasse,390000 ,08-11-1994,Alm. Salg,142,2746,5,1971,
530,Villa,Bredgade 31,7250, Hejnsvig,213000 ,06-11-1994,Alm. Salg,195,1092,7,1916,
530,Villa,Jyllandsgade 55C,7200, Grindsted,195000 ,06-11-1994,Alm. Salg,146,1336,5,1955,
530,Villa,Lysningen 10,7190, Billund,620000 ,03-11-1994,Alm. Salg,100,6200,4,1987,
530,Rækkehus,Markskellet 34,7190, Billund,470000 ,01-11-1994,Alm. Salg,67,7015,3,1988,
530,Villa,Jørgen Glavinds Vej 16,7200, Grindsted,345000 ,31-10-1994,Alm. Salg,103,3350,4,1959,
530,Villa,Nygade 16,7200, Grindsted,455000 ,30-10-1994,Alm. Salg,160,2844,5,1940,
530,Villa,Nørager 8,7260, Sønder Omme,108000 ,29-10-1994,Alm. Salg,181,597,5,1995,
530,Villa,Bredgade 57,7250, Hejnsvig,404000 ,28-10-1994,Alm. Salg,147,2748,6,1926,
530,Villa,Egevænget 301,7190, Billund,660000 ,27-10-1994,Alm. Salg,156,4231,5,1971,
530,Rækkehus,Grønningen 6A,7190, Billund,547000 ,26-10-1994,Alm. Salg,79,6924,3,1987,
530,Villa,Søndermarksvej 303,7190, Billund,585000 ,25-10-1994,Alm. Salg,149,3926,6,1971,
530,Villa,Østerbo 4,7190, Billund,495000 ,25-10-1994,Alm. Salg,114,4342,5,1955,
530,Villa,Nørager 71,7260, Sønder Omme,680000 ,24-10-1994,Alm. Salg,146,4658,6,1980,
530,Villa,Dalsøvej 139,7200, Grindsted,1005000 ,23-10-1994,Alm. Salg,171,5877,8,1984,
530,Villa,Dalsvinget 11,7200, Grindsted,960551 ,23-10-1994,Alm. Salg,179,5366,6,1978,
530,Villa,Toften 37,7190, Billund,161500 ,23-10-1994,Fam. Salg,109,1482,4,1967,
530,Villa,Skjoldbjergvej 58,6623, Vorbasse,292000 ,22-10-1994,Alm. Salg,183,1596,7,1944,
530,Villa,Grindstedvej 62,7260, Sønder Omme,405000 ,20-10-1994,Alm. Salg,100,4050,3,1927,
530,Villa,Sønderkær 215,7190, Billund,1058876 ,20-10-1994,Alm. Salg,194,5458,6,1978,
530,Villa,Højene 7,7250, Hejnsvig,560000 ,20-10-1994,Fam. Salg,128,4375,5,1972,
530,Villa,Ribersvej 202,7200, Grindsted,527000 ,19-10-1994,Alm. Salg,98,5378,4,1990,
530,Villa,Nygade 27,7200, Grindsted,520000 ,17-10-1994,Alm. Salg,120,4333,3,1938,
530,Villa,Grindstedvej 10,7260, Sønder Omme,425000 ,16-10-1994,Alm. Salg,126,3373,3,1946,
530,Villa,Vestre Boulevard 30,7200, Grindsted,570000 ,16-10-1994,Alm. Salg,149,3826,5,1957,
530,Rækkehus,Åglimt 49,7200, Grindsted,450000 ,13-10-1994,Auktion,94,4787,4,1986,
530,Rækkehus,Sønderkær 461,7190, Billund,205809 ,12-10-1994,Fam. Salg,77,2673,3,1982,
530,Villa,Vestervang 7,7190, Billund,930910 ,11-10-1994,Alm. Salg,155,6006,6,1987,
530,Villa,Østergade 44,6623, Vorbasse,270000 ,11-10-1994,Alm. Salg,142,1901,6,1934,
530,Villa,Stakrogevej 80,7260, Sønder Omme,782505 ,11-10-1994,Alm. Salg,160,4891,6,1911,
530,Rækkehus,Grønningen 12A,7190, Billund,527000 ,10-10-1994,Alm. Salg,79,6671,3,1987,
530,Rækkehus,Søndervold 12,7200, Grindsted,627500 ,05-10-1994,Alm. Salg,96,6536,4,1992,
530,Ejerlejlighed,"Vejlevej 14, 1",7260, Sønder Omme,516000 ,05-10-1994,Alm. Salg,117,4410,4,1935,
530,Villa,Søndermarksvej 111,7190, Billund,655000 ,05-10-1994,Alm. Salg,169,3876,7,1969,
530,Villa,Mølleparken 247,7190, Billund,831750 ,05-10-1994,Alm. Salg,163,5103,5,1976,
530,Villa,Primulavej 12,7200, Grindsted,473276 ,04-10-1994,Alm. Salg,247,1916,7,1966,
530,Villa,Sverrigsvej 14,7200, Grindsted,772000 ,04-10-1994,Alm. Salg,139,5554,5,1969,
530,Villa,Dalgasvej 7,7200, Grindsted,360000 ,03-10-1994,Alm. Salg,94,3830,3,1958,
530,Villa,Drivvejen 18,6623, Vorbasse,518310 ,03-10-1994,Alm. Salg,155,3344,4,1978,
530,Villa,Krogagervej 34,7200, Grindsted,490000 ,29-09-1994,Alm. Salg,103,4757,3,1961,
530,Villa,Grindstedvej 70,7260, Sønder Omme,250000 ,27-09-1994,Alm. Salg,88,2841,3,1962,
530,Villa,Markskellet 24,7190, Billund,647129 ,27-09-1994,Alm. Salg,98,6603,4,1990,
530,Villa,Billundvej 14,7250, Hejnsvig,450000 ,26-09-1994,Alm. Salg,153,2941,7,1927,
530,Villa,Skolegade 11,7200, Grindsted,845000 ,26-09-1994,Alm. Salg,148,5709,4,1923,
530,Villa,Mølleparken 416,7190, Billund,752000 ,25-09-1994,Alm. Salg,152,4947,4,1984,
530,Villa,Søndre Boulevard 283,7200, Grindsted,800000 ,25-09-1994,Alm. Salg,144,5556,4,1988,
530,Ejerlejlighed,"Grønningen 19, st. th",7200, Grindsted,320000 ,22-09-1994,Alm. Salg,88,3636,3,1968,
530,Villa,Vejlevej 36,7260, Sønder Omme,325000 ,22-09-1994,Alm. Salg,88,3693,3,1961,
530,Villa,Åbakkevej 1,7200, Grindsted,1100000 ,22-09-1994,Alm. Salg,171,6433,5,1984,
530,Villa,Hestkærvej 15,7200, Grindsted,315000 ,22-09-1994,Alm. Salg,114,2763,5,1909,
530,Villa,Nørrevej 27,7200, Grindsted,535000 ,21-09-1994,Alm. Salg,110,4864,3,1986,
530,Villa,Søndergade 9,6623, Vorbasse,500775 ,21-09-1994,Alm. Salg,70,7154,3,1990,
530,Villa,Åbakkevej 13,7200, Grindsted,1225000 ,21-09-1994,Alm. Salg,294,4167,8,1980,
530,Villa,Teglgaardsvej 18,7200, Grindsted,270000 ,18-09-1994,Alm. Salg,86,3140,3,1953,
530,Rækkehus,Sønderkær 455,7190, Billund,540000 ,17-09-1994,Alm. Salg,77,7013,3,1985,
530,Rækkehus,Gammel Vejlevej 25,7200, Grindsted,220000 ,15-09-1994,Alm. Salg,136,1618,5,1916,
530,Villa,Lysningen 14,7190, Billund,600000 ,15-09-1994,Alm. Salg,130,4615,5,1987,
530,Villa,Søndervold 327,7200, Grindsted,1240000 ,15-09-1994,Alm. Salg,161,7702,6,1995,
530,Villa,Sønderkær 514,7190, Billund,274707 ,15-09-1994,Alm. Salg,146,1882,5,1979,
530,Villa,Vibes Alle 7,7200, Grindsted,348000 ,14-09-1994,Alm. Salg,94,3702,4,1953,
530,Villa,Daltoften 25,7200, Grindsted,625000 ,14-09-1994,Alm. Salg,124,5040,4,1978,
530,Villa,Toften 12,7200, Grindsted,600000 ,14-09-1994,Alm. Salg,172,3488,7,1980,
530,Villa,Tingstedet 36,7190, Billund,168432 ,11-09-1994,Alm. Salg,143,1178,6,1995,
530,Villa,Søndervold 319,7200, Grindsted,192000 ,11-09-1994,Alm. Salg,149,1289,5,1997,
530,Villa,Havrevænget 12,7200, Grindsted,350000 ,09-09-1994,Alm. Salg,78,4487,3,1962,
530,Villa,Søllingdalvej 88,7250, Hejnsvig,155500 ,09-09-1994,Alm. Salg,151,1030,7,1995,
530,Villa,Sønderhedevej 13,7200, Grindsted,640000 ,09-09-1994,Alm. Salg,166,3855,6,1972,
530,Rækkehus,Møllevangen 10,7250, Hejnsvig,225000 ,08-09-1994,Alm. Salg,95,2368,3,1932,
530,Villa,Fyrrevænget 304,7190, Billund,490000 ,08-09-1994,Alm. Salg,161,3043,4,1970,
530,Villa,Søllingdalvej 30,7250, Hejnsvig,550000 ,08-09-1994,Alm. Salg,124,4435,5,1975,
530,Villa,Nebelvej 19,6623, Vorbasse,290000 ,07-09-1994,Alm. Salg,92,3152,6,1953,
530,Villa,Daltoften 35,7200, Grindsted,170782 ,07-09-1994,Fam. Salg,127,1345,5,1977,
530,Villa,Østergade 13,6623, Vorbasse,295000 ,07-09-1994,Alm. Salg,166,1777,7,1951,
530,Villa,Mølgårdvej 27,7200, Grindsted,420000 ,06-09-1994,Auktion,197,2132,6,1935,
530,Rækkehus,Lysningen 34,7190, Billund,620000 ,05-09-1994,Alm. Salg,95,6526,4,1986,
530,Villa,Søndre Boulevard 291,7200, Grindsted,895000 ,04-09-1994,Alm. Salg,137,6533,4,1988,
530,Villa,Tyttebærvej 21,7200, Grindsted,544004 ,03-09-1994,Alm. Salg,109,4991,4,1966,
530,Villa,Jorden Rundt 17,7200, Grindsted,500000 ,03-09-1994,Alm. Salg,137,3650,5,1954,
530,Villa,Svalevænget 2,6623, Vorbasse,900000 ,01-09-1994,Alm. Salg,132,6818,6,1995,
530,Villa,Søndermarksvej 3,7200, Grindsted,770000 ,01-09-1994,Alm. Salg,235,3277,6,2017,
530,Villa,Søndervold 331,7200, Grindsted,203000 ,31-08-1994,Alm. Salg,179,1134,5,1996,
530,Villa,Fyrrevænget 406,7190, Billund,633101 ,30-08-1994,Fam. Salg,180,3517,7,1971,
530,Villa,Sønderkær 203,7190, Billund,790000 ,30-08-1994,Alm. Salg,183,4317,6,1978,
530,Villa,Nebelvej 43,6623, Vorbasse,540000 ,29-08-1994,Alm. Salg,283,1908,8,1901,
530,Villa,Møllegade 2,6623, Vorbasse,500000 ,24-08-1994,Alm. Salg,153,3268,8,1930,
530,Villa,Solsortvej 14,7200, Grindsted,330000 ,23-08-1994,Alm. Salg,93,3548,4,1954,
530,Villa,Jyllandsgade 55C,7200, Grindsted,390000 ,22-08-1994,Alm. Salg,146,2671,5,1955,
530,Rækkehus,Grønningen 32,7190, Billund,500000 ,21-08-1994,Alm. Salg,71,7042,2,1988,
530,Villa,Tingstedet 16,7190, Billund,209308 ,21-08-1994,Alm. Salg,172,1217,6,1995,
530,Villa,Østerbyvej 3A,7190, Billund,580000 ,18-08-1994,Alm. Salg,279,2079,6,1913,
530,Villa,Dalsøvej 9,7200, Grindsted,735000 ,15-08-1994,Alm. Salg,148,4966,5,1975,
530,Villa,Havnevej 6,6623, Vorbasse,238000 ,13-08-1994,Fam. Salg,83,2867,4,1940,
530,Ejerlejlighed,"Grønningen 7, 2. th",7200, Grindsted,379000 ,11-08-1994,Alm. Salg,88,4307,3,1967,
530,Villa,Tyttebærvej 13,7200, Grindsted,785000 ,10-08-1994,Alm. Salg,146,5377,5,1968,
530,Rækkehus,Grønningen 8A,7190, Billund,491676 ,09-08-1994,Alm. Salg,79,6224,3,1987,
530,Villa,Rosenvej 11,7200, Grindsted,530000 ,08-08-1994,Alm. Salg,125,4240,4,1979,
530,Villa,Hovborgvej 31,6623, Vorbasse,925000 ,08-08-1994,Alm. Salg,271,3413,11,2005,
530,Villa,Jyllandsgade 1,7200, Grindsted,570000 ,04-08-1994,Alm. Salg,180,3167,6,1954,
530,Villa,Vestergade 91,7200, Grindsted,708711 ,03-08-1994,Alm. Salg,164,4321,6,1947,
530,Villa,Primulavej 26,7200, Grindsted,625000 ,02-08-1994,Alm. Salg,108,5787,4,1965,
530,Villa,Sønderkær 112,7190, Billund,777669 ,01-08-1994,Alm. Salg,144,5400,5,1977,
530,Villa,Kærtoften 7,7200, Grindsted,375000 ,31-07-1994,Alm. Salg,119,3151,4,1966,
530,Villa,Ribersvej 218,7200, Grindsted,188449 ,31-07-1994,Andet,121,1557,4,1980,
530,Villa,Fyrrevænget 414,7190, Billund,800000 ,31-07-1994,Alm. Salg,153,5229,5,1971,
530,Villa,Grindsted Landevej 79,7200, Grindsted,340000 ,31-07-1994,Alm. Salg,111,3063,6,1922,
530,Villa,Købmandsvej 1,6623, Vorbasse,37519 ,31-07-1994,Alm. Salg,101,371,4,1995,
530,Villa,Købmandsvej 3,6623, Vorbasse,35708 ,31-07-1994,Alm. Salg,104,343,4,1995,
530,Villa,Kirkevej 52,7250, Hejnsvig,310000 ,28-07-1994,Alm. Salg,185,1676,5,1902,
530,Villa,Bredgade 15,7250, Hejnsvig,315890 ,27-07-1994,Alm. Salg,222,1423,7,1902,
530,Villa,Skovparken 302,7190, Billund,555000 ,27-07-1994,Alm. Salg,149,3725,4,2017,
530,Villa,Gammel Bøvlvej 24,7260, Sønder Omme,280000 ,27-07-1994,Alm. Salg,94,2979,3,1948,
530,Villa,Skrænten 3,7250, Hejnsvig,480000 ,27-07-1994,Alm. Salg,137,3504,5,1979,
530,Villa,Søndergade 16,6623, Vorbasse,590000 ,26-07-1994,Alm. Salg,154,3831,4,1953,
530,Villa,Flintemarken 47,7190, Billund,990000 ,25-07-1994,Alm. Salg,135,7333,5,1989,
530,Rækkehus,Rønnebærvej 1,7200, Grindsted,485000 ,21-07-1994,Alm. Salg,86,5640,4,1967,
530,Villa,Nollundvej 165,7200, Grindsted,525000 ,21-07-1994,Alm. Salg,150,3500,5,1947,
530,Villa,Arresøvej 3,7200, Grindsted,540000 ,21-07-1994,Alm. Salg,124,4355,4,1973,
530,Villa,Fittingvej 38,6623, Vorbasse,300000 ,20-07-1994,Auktion,253,777,8,1912,
530,Villa,Tranebærvej 13,7200, Grindsted,795000 ,20-07-1994,Alm. Salg,173,4595,6,1967,
530,Villa,Lupinvænget 40,7200, Grindsted,645000 ,20-07-1994,Alm. Salg,139,4640,5,1963,
530,Villa,Lysningen 2,7190, Billund,309371 ,20-07-1994,Alm. Salg,142,2179,5,1987,
530,Villa,Sønderkær 155,7190, Billund,875000 ,18-07-1994,Alm. Salg,159,5503,5,1977,
530,Villa,Anemonevej 26,7200, Grindsted,795000 ,15-07-1994,Alm. Salg,179,4441,7,1965,
530,Villa,Nebelvej 25,6623, Vorbasse,400000 ,13-07-1994,Alm. Salg,101,3960,3,1954,
530,Rækkehus,Vestre Boulevard 2,7200, Grindsted,325000 ,12-07-1994,Alm. Salg,81,4012,3,1938,
530,Villa,Vestervej 7,7200, Grindsted,410000 ,10-07-1994,Alm. Salg,146,2808,4,1920,
530,Villa,Kærvej 107,7190, Billund,751000 ,10-07-1994,Alm. Salg,157,4783,5,1974,
530,Villa,Dalbo 45,7200, Grindsted,835000 ,07-07-1994,Alm. Salg,142,5880,5,1978,
530,Villa,Sønderkær 429,7190, Billund,725000 ,07-07-1994,Alm. Salg,149,4866,5,1987,
530,Villa,Morsbøl Skolevej 1,7200, Grindsted,840000 ,07-07-1994,Alm. Salg,238,3529,6,1913,
530,Villa,Tiphedevej 4,7200, Grindsted,750000 ,07-07-1994,Alm. Salg,215,3488,8,1972,
530,Villa,Vejlevej 18,7260, Sønder Omme,500000 ,06-07-1994,Alm. Salg,169,2959,7,1913,
530,Villa,Søndermarksvej 408,7190, Billund,730000 ,05-07-1994,Alm. Salg,147,4966,5,1970,
530,Villa,Egevænget 403,7190, Billund,637000 ,04-07-1994,Fam. Salg,120,5308,4,1972,
530,Villa,Primulavej 24,7200, Grindsted,505000 ,04-07-1994,Alm. Salg,108,4676,4,1965,
530,Villa,Sønderkær 223,7190, Billund,677795 ,04-07-1994,Alm. Salg,118,5744,4,1977,
530,Rækkehus,Jørgen Glavinds Vej 25,7200, Grindsted,430000 ,03-07-1994,Alm. Salg,91,4725,4,1957,
530,Villa,Filskovvej 17,7200, Grindsted,315000 ,30-06-1994,Alm. Salg,198,1591,7,1961,
530,Villa,Primulavej 10,7200, Grindsted,600000 ,30-06-1994,Alm. Salg,162,3704,5,1963,
530,Rækkehus,Søndervold 18,7200, Grindsted,410990 ,28-06-1994,Alm. Salg,59,6966,2,1989,
530,Villa,Tingstedet 32,7190, Billund,129822 ,28-06-1994,Alm. Salg,143,908,7,1994,
530,Villa,Skolegade 17,7200, Grindsted,290000 ,28-06-1994,Fam. Salg,77,3766,4,1921,
530,Villa,Solvangen 13,7200, Grindsted,300000 ,27-06-1994,Fam. Salg,124,2419,4,1965,
530,Villa,Hedelykkevej 7,7200, Grindsted,25000 ,26-06-1994,Alm. Salg,95,263,2,1997,
530,Villa,Gilbjergvej 16,6623, Vorbasse,1661500 ,26-06-1994,Alm. Salg,154,10789,6,2003,
530,Villa,Flintemarken 83,7190, Billund,1075000 ,23-06-1994,Alm. Salg,128,8398,5,1988,
530,Villa,Rungborgvej 5,7250, Hejnsvig,427500 ,21-06-1994,Alm. Salg,99,4318,5,1925,
530,Villa,Ribersvej 150,7200, Grindsted,611973 ,20-06-1994,Alm. Salg,121,5058,4,1980,
530,Villa,Tronsø Parkvej 17,7200, Grindsted,440000 ,19-06-1994,Alm. Salg,78,5641,3,1964,
530,Villa,Dalsøvej 189,7200, Grindsted,40000 ,19-06-1994,Alm. Salg,173,231,5,1995,
530,Villa,Langmosevej 4,7250, Hejnsvig,68655 ,19-06-1994,Alm. Salg,170,404,4,1996,
530,Villa,Ribersvej 120,7200, Grindsted,810000 ,18-06-1994,Alm. Salg,150,5400,5,1979,
530,Rækkehus,Lysningen 50,7190, Billund,577056 ,15-06-1994,Alm. Salg,86,6710,3,1988,
530,Villa,Svalevænget 4,6623, Vorbasse,90000 ,14-06-1994,Alm. Salg,177,508,6,1997,
530,Villa,Dalsvinget 8,7200, Grindsted,1075000 ,14-06-1994,Alm. Salg,159,6361,6,1977,
530,Villa,Sønderhedevej 8,7200, Grindsted,205996 ,14-06-1994,Fam. Salg,130,1585,5,1973,
530,Rækkehus,Dalsvinget 18F,7200, Grindsted,525000 ,13-06-1994,Alm. Salg,96,5469,4,1978,
530,Villa,Flintemarken 16,7190, Billund,1056250 ,13-06-1994,Alm. Salg,140,7545,5,1993,
530,Villa,Grønnegade 7,6623, Vorbasse,285000 ,12-06-1994,Alm. Salg,116,2457,4,1967,
530,Villa,Mølleparken 152,7190, Billund,670000 ,12-06-1994,Alm. Salg,174,3851,6,1975,
530,Villa,Juellingsholmsvej 24,7200, Grindsted,527500 ,11-06-1994,Alm. Salg,263,2006,8,1951,
530,Villa,Bygvænget 4,7200, Grindsted,580000 ,11-06-1994,Alm. Salg,130,4462,4,1964,
530,Villa,Solbakken 16,7260, Sønder Omme,680000 ,09-06-1994,Alm. Salg,186,3656,5,1976,
530,Villa,Stenhøjvej 18,7250, Hejnsvig,675000 ,09-06-1994,Alm. Salg,179,3771,6,1979,
530,Villa,Kløvervænget 15,7200, Grindsted,485400 ,08-06-1994,Alm. Salg,184,2638,8,1964,
530,Villa,Søndervold 315,7200, Grindsted,192000 ,08-06-1994,Alm. Salg,153,1255,5,1994,
530,Villa,Søndervold 329,7200, Grindsted,196000 ,08-06-1994,Alm. Salg,154,1273,5,1996,
530,Rækkehus,Banegårdsvej 7,7200, Grindsted,695000 ,07-06-1994,Alm. Salg,108,6435,4,1985,
530,Villa,Vejlevej 15,7260, Sønder Omme,300000 ,06-06-1994,Alm. Salg,127,2362,4,1918,
530,Villa,Flintemarken 91,7190, Billund,1340000 ,06-06-1994,Alm. Salg,177,7571,5,1988,
530,Villa,Bygvænget 17,7200, Grindsted,395000 ,06-06-1994,Alm. Salg,195,2026,9,1963,
530,Villa,Morsbølvej 111,7200, Grindsted,753666 ,01-06-1994,Alm. Salg,182,4141,7,1966,
530,Villa,Ribersvej 150,7200, Grindsted,629860 ,31-05-1994,Alm. Salg,121,5205,4,1980,
530,Villa,Søndre Boulevard 241,7200, Grindsted,235000 ,31-05-1994,Alm. Salg,185,1270,5,1994,
530,Villa,Nyvej 16C,7250, Hejnsvig,370000 ,31-05-1994,Alm. Salg,120,3083,4,1970,
530,Villa,Rugvænget 12,7200, Grindsted,466885 ,31-05-1994,Alm. Salg,105,4447,5,1962,
530,Villa,Søndre Boulevard 317,7200, Grindsted,198000 ,30-05-1994,Alm. Salg,135,1467,6,1996,
530,Villa,Dalbyvej 16,7200, Grindsted,440000 ,30-05-1994,Alm. Salg,100,4400,3,1939,
530,Villa,Jørgen Glavinds Vej 22,7200, Grindsted,337260 ,30-05-1994,Alm. Salg,138,2444,4,1957,
530,Villa,Sønderkær 268,7190, Billund,640000 ,29-05-1994,Alm. Salg,130,4923,5,1979,
530,Villa,Primulavej 18,7200, Grindsted,640000 ,27-05-1994,Alm. Salg,138,4638,5,1966,
530,Villa,Stationsvej 23,7200, Grindsted,325000 ,26-05-1994,Alm. Salg,131,2481,6,1963,
530,Villa,Skrænten 22,7250, Hejnsvig,372125 ,25-05-1994,Alm. Salg,95,3917,4,1937,
530,Villa,Dalbo 61,7200, Grindsted,585000 ,23-05-1994,Alm. Salg,154,3799,6,1978,
530,Villa,Bækkevej 32,6623, Vorbasse,430800 ,23-05-1994,Alm. Salg,161,2676,4,1955,
530,Villa,Lærke Alle 2,7260, Sønder Omme,325000 ,23-05-1994,Alm. Salg,131,2481,5,1959,
530,Villa,Rosenvej 8,7200, Grindsted,667000 ,20-05-1994,Alm. Salg,138,4833,5,1981,
530,Villa,Håndværkervej 2,6623, Vorbasse,915377 ,19-05-1994,Alm. Salg,193,4743,7,1978,
530,Villa,Tingstedet 8,7190, Billund,170412 ,18-05-1994,Alm. Salg,154,1107,6,1994,
530,Villa,Tingstedet 33,7190, Billund,151932 ,17-05-1994,Alm. Salg,180,844,8,1995,
530,Villa,Brombærvej 14,7200, Grindsted,740000 ,16-05-1994,Alm. Salg,150,4933,4,1970,
530,Villa,Bøgelunden 2,7250, Hejnsvig,200000 ,15-05-1994,Fam. Salg,134,1493,6,1938,
530,Villa,Nørregade 29,6623, Vorbasse,339290 ,13-05-1994,Alm. Salg,172,1973,5,1939,
530,Villa,Vesterhedevej 35,7250, Hejnsvig,455628 ,12-05-1994,Alm. Salg,112,4068,4,1951,
530,Villa,Flintemarken 51,7190, Billund,134982 ,12-05-1994,Alm. Salg,172,785,5,1994,
530,Villa,Ribersvej 88,7200, Grindsted,865000 ,10-05-1994,Alm. Salg,140,6179,4,1979,
530,Villa,Storegade 24,7200, Grindsted,200000 ,09-05-1994,Alm. Salg,104,1923,4,1949,
530,Villa,Mølleparken 376,7190, Billund,585000 ,08-05-1994,Alm. Salg,108,5417,4,1980,
530,Villa,Daltoften 45,7200, Grindsted,605000 ,08-05-1994,Alm. Salg,162,3735,5,1977,
530,Villa,Søndre Boulevard 217,7200, Grindsted,188000 ,08-05-1994,Alm. Salg,190,989,4,1994,
530,Villa,Mølleparken 153,7190, Billund,645500 ,06-05-1994,Alm. Salg,159,4060,5,1976,
530,Rækkehus,Sønderkær 325,7190, Billund,515000 ,04-05-1994,Alm. Salg,89,5787,3,1980,
530,Villa,Smutten 3,7190, Billund,277500 ,04-05-1994,Alm. Salg,179,1550,7,1964,
530,Villa,Søndervold 311,7200, Grindsted,1285000 ,04-05-1994,Alm. Salg,148,8682,5,1994,
530,Villa,Hasselvej 13,7260, Sønder Omme,400000 ,03-05-1994,Alm. Salg,136,2941,4,1971,
530,Villa,Dalsøvej 73,7200, Grindsted,690000 ,02-05-1994,Alm. Salg,124,5565,4,1976,
530,Villa,Ribersvej 2,7200, Grindsted,752924 ,02-05-1994,Alm. Salg,145,5193,6,1978,
530,Villa,Storegade 60,7200, Grindsted,435000 ,01-05-1994,Alm. Salg,91,4780,5,1936,
530,Villa,Søndervang 23,7200, Grindsted,145000 ,01-05-1994,Alm. Salg,71,2042,3,1952,
530,Villa,Aakjærsvej 11,7200, Grindsted,540000 ,29-04-1994,Alm. Salg,96,5625,3,1948,
530,Villa,Sønderkær 402,7190, Billund,655000 ,27-04-1994,Alm. Salg,154,4253,5,1982,
530,Villa,Ribersvej 182,7200, Grindsted,712000 ,26-04-1994,Alm. Salg,130,5477,5,1980,
530,Rækkehus,Lysningen 48,7190, Billund,604000 ,25-04-1994,Alm. Salg,86,7023,3,1988,
530,Villa,Engvangen 5,7200, Grindsted,742000 ,24-04-1994,Alm. Salg,159,4667,6,1985,
530,Villa,Vestervej 6,7200, Grindsted,426125 ,23-04-1994,Alm. Salg,129,3303,5,1943,
530,Villa,"Søndre Boulevard 15, st. tv",7200, Grindsted,1145500 ,23-04-1994,Alm. Salg,113,10137,3,1977,
530,Villa,Rugvænget 21,7200, Grindsted,460000 ,21-04-1994,Alm. Salg,95,4842,4,1963,
530,Villa,Møllebakken 2,7250, Hejnsvig,350000 ,21-04-1994,Alm. Salg,112,3125,4,1932,
530,Villa,Grindsted Landevej 70,7200, Grindsted,125000 ,21-04-1994,Alm. Salg,108,1157,3,1940,
530,Villa,Jørgen Glavinds Vej 6,7200, Grindsted,155000 ,16-04-1994,Fam. Salg,73,2123,3,1957,
530,Villa,Kølskevadvej 10,7200, Grindsted,835160 ,15-04-1994,Alm. Salg,207,4035,6,1981,
530,Rækkehus,Søndervold 70,7200, Grindsted,475000 ,14-04-1994,Alm. Salg,61,7787,2,1992,
530,Villa,Egevænget 210,7190, Billund,940000 ,14-04-1994,Alm. Salg,174,5402,6,1974,
530,Villa,Rønnebærvej 2,7200, Grindsted,725000 ,14-04-1994,Alm. Salg,146,4966,6,1969,
530,Villa,Norgesvej 9,7200, Grindsted,585000 ,13-04-1994,Alm. Salg,122,4795,4,1970,
530,Villa,Møllevænget 9,7190, Billund,535000 ,12-04-1994,Alm. Salg,117,4573,4,1965,
530,Villa,Lindevej 4,7200, Grindsted,220000 ,12-04-1994,Alm. Salg,152,1447,4,1994,
530,Villa,Morsbølvej 98,7200, Grindsted,620000 ,11-04-1994,Alm. Salg,181,3425,5,1970,
530,Villa,Engvangen 20,7200, Grindsted,530000 ,11-04-1994,Alm. Salg,162,3272,5,1976,
530,Villa,Nebelvej 30,6623, Vorbasse,195000 ,10-04-1994,Alm. Salg,226,863,7,1928,
530,Villa,Åhavevej 26,7200, Grindsted,975000 ,10-04-1994,Fam. Salg,179,5447,5,1972,
530,Villa,Kirkegade 15,6623, Vorbasse,675000 ,10-04-1994,Alm. Salg,160,4219,7,1973,
530,Ejerlejlighed,"Grønningen 7, 1. th",7200, Grindsted,380000 ,08-04-1994,Alm. Salg,88,4318,3,1967,
530,Villa,Dalbo 11,7200, Grindsted,575000 ,08-04-1994,Alm. Salg,112,5134,4,1979,
530,Rækkehus,Vestergade 70B,7200, Grindsted,674000 ,07-04-1994,Alm. Salg,100,6740,3,1988,
530,Villa,Vilhelmsmindevej 43,7260, Sønder Omme,325000 ,07-04-1994,Alm. Salg,175,1857,5,1924,
530,Villa,Søndervold 307,7200, Grindsted,1125000 ,06-04-1994,Alm. Salg,169,6657,7,1994,
530,Rækkehus,Gammel Vejlevej 23,7200, Grindsted,520000 ,04-04-1994,Fam. Salg,131,3969,5,1916,
530,Villa,Sydtoften 107,7200, Grindsted,935000 ,29-03-1994,Alm. Salg,150,6233,6,1981,
530,Villa,Brande Landevej 22,7260, Sønder Omme,230000 ,29-03-1994,Alm. Salg,126,1825,6,1920,
530,Villa,Dalsøvej 157,7200, Grindsted,135000 ,29-03-1994,Alm. Salg,143,944,5,1994,
530,Villa,Østre Ringvej 4,7250, Hejnsvig,315000 ,29-03-1994,Fam. Salg,95,3316,3,1965,
530,Villa,Tjørnevej 17,7200, Grindsted,410000 ,29-03-1994,Alm. Salg,164,2500,4,1966,
530,Villa,Søndre Boulevard 217,7200, Grindsted,1122000 ,28-03-1994,Alm. Salg,190,5905,4,1994,
530,Villa,Grindstedvej 35,7260, Sønder Omme,250072 ,27-03-1994,Alm. Salg,75,3334,2,1936,
530,Villa,Rosengårdsvej 1,7250, Hejnsvig,495000 ,27-03-1994,Alm. Salg,127,3898,4,1968,
530,Villa,Brinken 3,7200, Grindsted,425000 ,27-03-1994,Fam. Salg,123,3455,3,1965,
530,Villa,Søndervold 323,7200, Grindsted,1199000 ,24-03-1994,Alm. Salg,143,8385,5,1994,
530,Villa,Østervænget 42,6623, Vorbasse,825000 ,23-03-1994,Alm. Salg,172,4797,6,1987,
530,Villa,Lindevej 16,7200, Grindsted,105725 ,23-03-1994,Alm. Salg,250,423,10,1994,
530,Villa,Tingstedet 48,7190, Billund,156552 ,21-03-1994,Alm. Salg,154,1017,6,1994,
530,Villa,Lysningen 4,7190, Billund,660000 ,21-03-1994,Alm. Salg,122,5410,4,1986,
530,Villa,Kolding Landevej 41,7250, Hejnsvig,620000 ,20-03-1994,Fam. Salg,125,4960,5,1924,
530,Villa,Søndervang 20,7200, Grindsted,20000 ,20-03-1994,Alm. Salg,197,102,7,1992,
530,Villa,Dalsøvej 99,7200, Grindsted,690000 ,17-03-1994,Alm. Salg,197,3503,8,1979,
530,Villa,Søndervold 317,7200, Grindsted,1117000 ,17-03-1994,Alm. Salg,176,6347,6,1994,
530,Villa,Lærkevang 7,7200, Grindsted,795000 ,16-03-1994,Alm. Salg,139,5719,4,1975,
530,Villa,Gammel Bøvlvej 28,7260, Sønder Omme,368000 ,15-03-1994,Alm. Salg,98,3755,3,1920,
530,Villa,Markskellet 88,7190, Billund,970000 ,14-03-1994,Alm. Salg,148,6554,5,1987,
530,Villa,Grindstedvej 66,7260, Sønder Omme,517500 ,14-03-1994,Alm. Salg,213,2430,6,1937,
530,Villa,Søndre Boulevard 315,7200, Grindsted,790000 ,14-03-1994,Alm. Salg,157,5032,6,1992,
530,Villa,Flintemarken 53,7190, Billund,114207 ,14-03-1994,Alm. Salg,160,714,6,1994,
530,Villa,Vestervang 1,7190, Billund,1070000 ,13-03-1994,Alm. Salg,151,7086,6,1986,
530,Villa,Dalsøvej 111,7200, Grindsted,750000 ,11-03-1994,Alm. Salg,135,5556,6,1980,
530,Villa,Plougslundvej 179,7190, Billund,840000 ,11-03-1994,Alm. Salg,169,4970,6,1973,
530,Villa,Nørrevej 8,7200, Grindsted,160000 ,10-03-1994,Fam. Salg,107,1495,3,1939,
530,Villa,Jorden Rundt 41,7200, Grindsted,825000 ,09-03-1994,Alm. Salg,201,4104,5,1977,
530,Villa,Storegade 53,7200, Grindsted,325000 ,07-03-1994,Alm. Salg,125,2600,4,1952,
530,Villa,Tingstedet 5,7190, Billund,198348 ,06-03-1994,Alm. Salg,176,1127,7,1994,
530,Rækkehus,Sønderkær 477,7190, Billund,561000 ,03-03-1994,Alm. Salg,100,5610,5,1986,
530,Villa,Lupinvænget 12,7200, Grindsted,430000 ,03-03-1994,Alm. Salg,84,5119,3,1964,
530,Villa,Kærtoften 14,7200, Grindsted,475000 ,03-03-1994,Fam. Salg,187,2540,7,1965,
530,Villa,Krogagervej 2,7200, Grindsted,675000 ,03-03-1994,Alm. Salg,177,3814,6,1949,
530,Rækkehus,Nørager 79,7260, Sønder Omme,477994 ,02-03-1994,Alm. Salg,89,5371,3,1981,
530,Ejerlejlighed,"Grønningen 11, st. tv",7200, Grindsted,265000 ,02-03-1994,Alm. Salg,76,3487,2,1967,
530,Villa,Sønderkær 420,7190, Billund,772170 ,02-03-1994,Alm. Salg,152,5080,6,1979,
530,Villa,Markskellet 106,7190, Billund,777000 ,28-02-1994,Alm. Salg,117,6641,5,1988,
530,Villa,Samsøvej 14,7200, Grindsted,766000 ,27-02-1994,Alm. Salg,151,5073,5,1969,
530,Villa,Ribersvej 214,7200, Grindsted,570000 ,27-02-1994,Alm. Salg,112,5089,4,1981,
530,Villa,Lærkevang 3,7200, Grindsted,495000 ,27-02-1994,Alm. Salg,99,5000,3,1964,
530,Villa,Sønderkær 113,7190, Billund,886500 ,27-02-1994,Alm. Salg,161,5506,5,1977,
530,Villa,Østerbrogade 9,7200, Grindsted,525000 ,27-02-1994,Alm. Salg,79,6646,3,1936,
530,Villa,Tingstedet 60,7190, Billund,131967 ,22-02-1994,Alm. Salg,140,943,6,1995,
530,Villa,Havrevænget 15,7200, Grindsted,490000 ,22-02-1994,Alm. Salg,106,4623,4,1962,
530,Villa,Elmelunden 220,7190, Billund,445000 ,22-02-1994,Alm. Salg,108,4120,3,1964,
530,Villa,Flintemarken 1,7190, Billund,750000 ,22-02-1994,Alm. Salg,128,5859,4,1989,
530,Villa,Nebelvej 48,6623, Vorbasse,675000 ,22-02-1994,Auktion,248,2722,8,1898,
530,Rækkehus,Nørager 77,7260, Sønder Omme,460433 ,21-02-1994,Alm. Salg,88,5232,3,1982,
530,Villa,Søndre Boulevard 223,7200, Grindsted,1034169 ,20-02-1994,Alm. Salg,143,7232,5,1994,
530,Rækkehus,Sønderkær 463,7190, Billund,565000 ,19-02-1994,Alm. Salg,77,7338,3,1984,
530,Villa,Lysningen 12,7190, Billund,666000 ,19-02-1994,Alm. Salg,100,6660,4,1987,
530,Villa,Gråhedevej 7,7190, Billund,530000 ,18-02-1994,Alm. Salg,122,4344,4,1964,
530,Villa,Dalbo 13,7200, Grindsted,600000 ,17-02-1994,Alm. Salg,121,4959,4,1979,
530,Villa,Kærvej 415,7190, Billund,728692 ,17-02-1994,Fam. Salg,158,4612,6,1973,
530,Rækkehus,Nørre Alle 7,7200, Grindsted,136497 ,16-02-1994,Alm. Salg,84,1625,2,1913,
530,Rækkehus,Sønderkær 317,7190, Billund,550760 ,16-02-1994,Alm. Salg,108,5100,4,1980,
530,Villa,Vestervang 42,7190, Billund,960000 ,15-02-1994,Alm. Salg,144,6667,6,1986,
530,Villa,Tranebærvej 12,7200, Grindsted,575000 ,14-02-1994,Alm. Salg,111,5180,4,1966,
530,Villa,Stenhøjvej 9,7250, Hejnsvig,500909 ,14-02-1994,Alm. Salg,146,3431,5,1979,
530,Villa,Sverrigsvej 18,7200, Grindsted,806500 ,14-02-1994,Alm. Salg,157,5137,6,1970,
530,Villa,Gammel Bøvlvej 46,7260, Sønder Omme,444421 ,13-02-1994,Alm. Salg,106,4193,3,1959,
530,Villa,Markskellet 25,7190, Billund,860000 ,12-02-1994,Alm. Salg,135,6370,5,1990,
530,Rækkehus,Dalsvinget 20G,7200, Grindsted,505000 ,11-02-1994,Alm. Salg,125,4040,5,1978,
530,Villa,Jørgen Glavinds Vej 14,7200, Grindsted,312520 ,11-02-1994,Alm. Salg,156,2003,7,1958,
530,Villa,Syrenvej 16,7200, Grindsted,1000000 ,10-02-1994,Alm. Salg,314,3185,10,1974,
530,Villa,Flintemarken 40,7190, Billund,1305519 ,10-02-1994,Alm. Salg,146,8942,6,1990,
530,Villa,Markskellet 84,7190, Billund,135457 ,09-02-1994,Alm. Salg,179,757,8,1994,
530,Villa,Rogusavej 8,7250, Hejnsvig,495000 ,09-02-1994,Alm. Salg,143,3462,4,1973,
530,Villa,Postgade 16,7200, Grindsted,1025000 ,09-02-1994,Alm. Salg,175,5857,12,1918,
530,Villa,Østergade 54,6623, Vorbasse,500000 ,08-02-1994,Alm. Salg,166,3012,7,1942,
530,Villa,Toften 41,7190, Billund,549520 ,06-02-1994,Alm. Salg,94,5846,3,1970,
530,Villa,J P Jensens Vej 6,7200, Grindsted,720000 ,02-02-1994,Alm. Salg,178,4045,6,1939,
530,Villa,Plougslundvej 231,7190, Billund,558000 ,02-02-1994,Alm. Salg,99,5636,4,1974,
530,Villa,"Solbakken 6, st",7260, Sønder Omme,130000 ,01-02-1994,Alm. Salg,230,565,6,1925,
530,Villa,Kløvervej 2A,7190, Billund,1475000 ,01-02-1994,Alm. Salg,296,4983,15,1959,
530,Villa,Markskellet 86,7190, Billund,122382 ,01-02-1994,Alm. Salg,154,795,5,1995,
530,Villa,Stenvej 18,7200, Grindsted,395000 ,01-02-1994,Alm. Salg,76,5197,3,1959,
530,Villa,Vestergade 2,6623, Vorbasse,770000 ,01-02-1994,Alm. Salg,264,2917,5,1930,
530,Villa,Sønderkær 108,7190, Billund,373945 ,01-02-1994,Alm. Salg,139,2690,5,1977,
530,Rækkehus,Dalsøvej 159B,7200, Grindsted,220942 ,31-01-1994,Fam. Salg,82,2694,3,1985,
530,Villa,Storegade 29,7200, Grindsted,360000 ,31-01-1994,Alm. Salg,125,2880,5,1948,
530,Villa,Søndervold 104,7200, Grindsted,211530 ,30-01-1994,Alm. Salg,136,1555,5,1994,
530,Villa,Sønderby Mosevej 8,7200, Grindsted,552500 ,28-01-1994,Fam. Salg,174,3175,6,1995,
530,Rækkehus,Sønderkær 405A,7190, Billund,560000 ,27-01-1994,Alm. Salg,77,7273,3,1986,
530,Villa,Dalsøvej 95,7200, Grindsted,550000 ,27-01-1994,Alm. Salg,120,4583,4,1979,
530,Villa,Søndre Boulevard 221,7200, Grindsted,1063000 ,27-01-1994,Alm. Salg,146,7281,5,1994,
530,Villa,Aakjærsvej 13,7200, Grindsted,750000 ,27-01-1994,Alm. Salg,105,7143,5,1950,
530,Villa,Hybenvej 4,7190, Billund,845000 ,26-01-1994,Alm. Salg,187,4519,7,1972,
530,Villa,Vestervang 4,7190, Billund,730000 ,26-01-1994,Alm. Salg,140,5214,5,1987,
530,Villa,Mølleparken 312,7190, Billund,705000 ,26-01-1994,Alm. Salg,115,6130,4,1983,
530,Villa,Kolstrupvej 26,7200, Grindsted,622000 ,25-01-1994,Alm. Salg,89,6989,4,1947,
530,Villa,Egevænget 102,7190, Billund,685000 ,23-01-1994,Alm. Salg,168,4077,5,1972,
530,Villa,Bækkevej 3,6623, Vorbasse,505647 ,20-01-1994,Alm. Salg,116,4359,4,1971,
530,Villa,Vestervang 19,7190, Billund,937000 ,20-01-1994,Alm. Salg,148,6331,6,1986,
530,Villa,Okslundvej 82,6623, Vorbasse,1110000 ,18-01-1994,Alm. Salg,228,4868,6,1995,
530,Ejerlejlighed,"Grønningen 23, st. th",7200, Grindsted,310000 ,16-01-1994,Alm. Salg,52,5962,2,1968,
530,Villa,J P Jensens Vej 15,7200, Grindsted,364738 ,16-01-1994,Alm. Salg,68,5364,3,1947,
530,Villa,Svinget 11,7200, Grindsted,420000 ,14-01-1994,Alm. Salg,120,3500,6,1954,
530,Villa,Toften 11,7190, Billund,727500 ,13-01-1994,Alm. Salg,156,4663,5,1971,
530,Villa,Markskellet 40,7190, Billund,113446 ,13-01-1994,Alm. Salg,137,828,5,1995,
530,Villa,Krogagervej 32,7200, Grindsted,351000 ,12-01-1994,Fam. Salg,104,3375,4,1963,
530,Rækkehus,Sønderkær 349,7190, Billund,645000 ,10-01-1994,Alm. Salg,87,7414,3,1985,
530,Villa,Fanøvej 12,7200, Grindsted,640000 ,10-01-1994,Alm. Salg,187,3422,7,1971,
530,Villa,Ribersvej 190,7200, Grindsted,425000 ,10-01-1994,Alm. Salg,100,4250,4,1981,
530,Villa,Tingstedet 52,7190, Billund,139997 ,09-01-1994,Alm. Salg,160,875,6,1994,
530,Villa,Åhavevej 36,7200, Grindsted,1075000 ,09-01-1994,Fam. Salg,186,5780,7,1973,
530,Villa,Vestergade 104,7200, Grindsted,350000 ,07-01-1994,Alm. Salg,118,2966,4,1946,
530,Villa,Skolegyden 7,7200, Grindsted,235000 ,06-01-1994,Alm. Salg,63,3730,3,1963,
530,Villa,Sønderkær 163,7190, Billund,695000 ,05-01-1994,Alm. Salg,112,6205,4,1978,
530,Villa,Lyngvej 6,7200, Grindsted,659812 ,04-01-1994,Alm. Salg,139,4747,4,1967,
530,Villa,Tingstedet 49,7190, Billund,174872 ,03-01-1994,Alm. Salg,197,888,6,1994,
530,Villa,Nedergårdsvej 13,7260, Sønder Omme,675000 ,03-01-1994,Alm. Salg,160,3835,5,1978,
530,Villa,Jyllandsgade 4,7200, Grindsted,350000 ,31-12-1993,Fam. Salg,128,2734,5,1948,
530,Villa,Lysningen 6,7190, Billund,655000 ,29-12-1993,Alm. Salg,106,6179,3,1987,
530,Villa,Havnevej 4,6623, Vorbasse,272000 ,29-12-1993,Fam. Salg,107,2542,4,1940,
530,Villa,Tingstedet 7,7190, Billund,188721 ,29-12-1993,Alm. Salg,142,1329,4,1994,
530,Villa,Fyrrevænget 201,7190, Billund,465000 ,28-12-1993,Alm. Salg,120,3875,5,1970,
530,Villa,Kobjergvej 15,7190, Billund,925000 ,28-12-1993,Alm. Salg,255,3627,6,1956,
530,Villa,Sønderkær 145,7190, Billund,605000 ,28-12-1993,Alm. Salg,168,3601,5,1977,
530,Villa,Østergade 27,6623, Vorbasse,705000 ,27-12-1993,Alm. Salg,185,3811,8,1973,
530,Villa,Tingstedet 20,7190, Billund,180847 ,26-12-1993,Alm. Salg,167,1083,6,1994,
530,Villa,Østervænget 66,6623, Vorbasse,725000 ,26-12-1993,Alm. Salg,118,6144,4,1983,
530,Villa,Ølgodvej 55,7200, Grindsted,511738 ,26-12-1993,Alm. Salg,171,2993,6,1944,
530,Villa,Tingstedet 35,7190, Billund,143252 ,22-12-1993,Alm. Salg,161,890,6,1994,
530,Villa,Stilbjergvej 2,7190, Billund,750000 ,22-12-1993,Alm. Salg,216,3472,6,1960,
530,Rækkehus,Lysningen 44,7190, Billund,605000 ,21-12-1993,Alm. Salg,88,6875,2,2008,
530,Villa,Tingstedet 58,7190, Billund,123102 ,21-12-1993,Alm. Salg,164,751,7,1994,
530,Villa,Fasanvej 5,7190, Billund,499000 ,20-12-1993,Alm. Salg,90,5544,4,1960,
530,Villa,Brombærvej 7,7200, Grindsted,652000 ,20-12-1993,Alm. Salg,168,3881,6,1967,
530,Villa,Krogagervej 10,7200, Grindsted,560000 ,19-12-1993,Alm. Salg,144,3889,5,1955,
530,Villa,Søndre Boulevard 225,7200, Grindsted,185000 ,19-12-1993,Alm. Salg,166,1114,5,1994,
530,Villa,Daugårdvej 37,7250, Hejnsvig,120000 ,14-12-1993,Alm. Salg,110,1091,3,1954,
530,Villa,Kirkevænget 11,6623, Vorbasse,136800 ,14-12-1993,Alm. Salg,146,937,6,1995,
530,Villa,Søndre Boulevard 231,7200, Grindsted,187000 ,14-12-1993,Alm. Salg,157,1191,5,1994,
530,Villa,Søndre Boulevard 237,7200, Grindsted,193000 ,14-12-1993,Alm. Salg,164,1177,5,1994,
530,Villa,Tingstedet 15,7190, Billund,143407 ,13-12-1993,Alm. Salg,182,788,7,1995,
530,Villa,Søndre Boulevard 215,7200, Grindsted,1045000 ,13-12-1993,Alm. Salg,163,6411,6,1994,
530,Villa,Ribersvej 52,7200, Grindsted,688535 ,12-12-1993,Alm. Salg,125,5508,4,1979,
530,Villa,Søndre Boulevard 231,7200, Grindsted,1078000 ,12-12-1993,Alm. Salg,157,6866,5,1994,
530,Villa,Grindstedvej 13,7260, Sønder Omme,775999 ,09-12-1993,Alm. Salg,171,4538,6,1934,
530,Villa,Fittingvej 26,6623, Vorbasse,200000 ,08-12-1993,Fam. Salg,95,2105,3,1960,
530,Rækkehus,Dalsvinget 18E,7200, Grindsted,485000 ,07-12-1993,Alm. Salg,96,5052,4,1978,
530,Villa,Tingstedet 9,7190, Billund,200025 ,07-12-1993,Alm. Salg,184,1087,6,1997,
530,Villa,Tingstedet 56,7190, Billund,146042 ,06-12-1993,Alm. Salg,139,1051,5,1994,
530,Villa,Rømøvej 7,7200, Grindsted,600000 ,05-12-1993,Alm. Salg,116,5172,4,1969,
530,Villa,Søndre Boulevard 233,7200, Grindsted,204000 ,05-12-1993,Alm. Salg,178,1146,5,1995,
530,Rækkehus,Grønningen 28,7190, Billund,450000 ,04-12-1993,Alm. Salg,71,6338,2,1988,
530,Villa,Stationsvej 27,7200, Grindsted,250000 ,02-12-1993,Alm. Salg,195,1282,7,1920,
530,Villa,Kirkevej 42,7250, Hejnsvig,390000 ,02-12-1993,Alm. Salg,144,2708,5,1946,
530,Villa,Kirkevænget 5,6623, Vorbasse,134300 ,01-12-1993,Alm. Salg,203,662,7,1996,
530,Villa,Tingstedet 22,7190, Billund,163092 ,30-11-1993,Alm. Salg,155,1052,6,1994,
530,Villa,Egevej 6,7260, Sønder Omme,373817 ,30-11-1993,Alm. Salg,108,3461,4,1969,
530,Villa,Søndre Boulevard 227,7200, Grindsted,188000 ,30-11-1993,Alm. Salg,140,1343,5,1994,
530,Villa,Søndre Boulevard 235,7200, Grindsted,195000 ,30-11-1993,Alm. Salg,157,1242,5,1994,
530,Villa,Meldhedevej 3,7200, Grindsted,420200 ,25-11-1993,Alm. Salg,195,2155,6,1976,
530,Villa,Søgårdvej 27,7250, Hejnsvig,662000 ,22-11-1993,Alm. Salg,140,4729,4,1979,
530,Villa,Billundvej 14,7250, Hejnsvig,382649 ,21-11-1993,Fam. Salg,153,2501,7,1927,
530,Villa,Syrenvej 15,7200, Grindsted,560000 ,21-11-1993,Alm. Salg,92,6087,3,1960,
530,Villa,Kærvej 223,7190, Billund,803000 ,18-11-1993,Alm. Salg,156,5147,5,1972,
530,Villa,Sønderkær 112,7190, Billund,714000 ,17-11-1993,Alm. Salg,144,4958,5,1977,
530,Ejerlejlighed,"Grønningen 13, 2. tv",7200, Grindsted,250000 ,15-11-1993,Alm. Salg,53,4717,2,1967,
530,Villa,Spurvevej 13,7200, Grindsted,283000 ,14-11-1993,Fam. Salg,88,3216,4,1958,
530,Villa,Skjoldbjergvej 50,6623, Vorbasse,313000 ,11-11-1993,Alm. Salg,119,2630,4,1964,
530,Villa,Sommers Alle 4,7200, Grindsted,589000 ,11-11-1993,Alm. Salg,131,4496,5,1948,
530,Villa,Mølleparken 414,7190, Billund,940000 ,10-11-1993,Alm. Salg,141,6667,4,1985,
530,Villa,Skjoldbjergvej 50,6623, Vorbasse,180000 ,09-11-1993,Auktion,119,1513,4,1964,
530,Villa,Gammel Bøvlvej 19,7260, Sønder Omme,307000 ,07-11-1993,Alm. Salg,116,2647,3,1937,
530,Villa,Søndre Boulevard 229,7200, Grindsted,190000 ,07-11-1993,Alm. Salg,177,1073,8,1995,
530,Villa,Tingstedet 27,7190, Billund,143097 ,06-11-1993,Alm. Salg,167,857,7,1997,
530,Villa,Lupinvænget 25,7200, Grindsted,395000 ,05-11-1993,Alm. Salg,125,3160,4,1963,
530,Villa,Egevænget 202,7190, Billund,545000 ,05-11-1993,Alm. Salg,183,2978,6,1972,
530,Villa,Åmosevej 2,7200, Grindsted,535000 ,05-11-1993,Alm. Salg,156,3429,5,1900,
530,Villa,Vestre Boulevard 30,7200, Grindsted,500000 ,04-11-1993,Fam. Salg,149,3356,5,1957,
530,Villa,Tingstedet 18,7190, Billund,172240 ,02-11-1993,Alm. Salg,200,861,8,1994,
530,Villa,Nørrevej 21,7200, Grindsted,490000 ,02-11-1993,Alm. Salg,145,3379,6,1982,
530,Villa,Nollundvej 135,7200, Grindsted,525000 ,02-11-1993,Alm. Salg,104,5048,4,1969,
530,Villa,Søndre Boulevard 219,7200, Grindsted,185000 ,02-11-1993,Alm. Salg,129,1434,5,1994,
530,Ejerlejlighed,"Grønningen 21, st. th",7200, Grindsted,410000 ,29-10-1993,Alm. Salg,100,4100,4,1968,
530,Villa,Dalsøvej 139,7200, Grindsted,923080 ,29-10-1993,Alm. Salg,171,5398,8,1984,
530,Villa,Vestergade 25A,7200, Grindsted,432587 ,29-10-1993,Alm. Salg,180,2403,6,1933,
530,Villa,Herningvej 7,7260, Sønder Omme,373108 ,29-10-1993,Alm. Salg,123,3033,6,1948,
530,Villa,Sønderkær 170,7190, Billund,718000 ,29-10-1993,Alm. Salg,140,5129,5,1977,
530,Rækkehus,Sønderkær 355,7190, Billund,620000 ,28-10-1993,Alm. Salg,87,7126,3,1985,
530,Ejerlejlighed,"Grønningen 3, 2. mf",7200, Grindsted,188000 ,28-10-1993,Alm. Salg,41,4585,1,1967,
530,Villa,Skolegade 15,7200, Grindsted,275065 ,28-10-1993,Fam. Salg,131,2100,6,1927,
530,Villa,Sønderkær 439,7190, Billund,1085000 ,28-10-1993,Alm. Salg,151,7185,5,1986,
530,Villa,Hjortlundvej 5,7200, Grindsted,450000 ,28-10-1993,Alm. Salg,193,2332,6,1968,
530,Villa,Nørager 10,7260, Sønder Omme,100000 ,28-10-1993,Alm. Salg,195,513,7,1994,
530,Villa,Kirkegade 13,6623, Vorbasse,445000 ,28-10-1993,Alm. Salg,114,3904,5,1970,
530,Rækkehus,Søndervold 26,7200, Grindsted,415000 ,27-10-1993,Alm. Salg,60,6917,2,1989,
530,Villa,Tingstedet 43,7190, Billund,147715 ,27-10-1993,Alm. Salg,144,1026,6,1994,
530,Villa,Plantagevej 25,7200, Grindsted,775000 ,27-10-1993,Alm. Salg,134,5784,6,1981,
530,Villa,Amtsvejen 29,7200, Grindsted,325000 ,27-10-1993,Alm. Salg,158,2057,6,1925,
530,Ejerlejlighed,Nørregade 4B,6623, Vorbasse,219000 ,26-10-1993,Alm. Salg,109,2009,3,1902,
530,Villa,Lupinvænget 17,7200, Grindsted,350000 ,26-10-1993,Alm. Salg,98,3571,4,1963,
530,Villa,Gammel Bøvlvej 40,7260, Sønder Omme,525000 ,26-10-1993,Alm. Salg,129,4070,4,1953,
530,Villa,Kærvej 305,7190, Billund,750000 ,25-10-1993,Alm. Salg,126,5952,4,1972,
530,Villa,Samsøvej 10,7200, Grindsted,580000 ,24-10-1993,Fam. Salg,179,2900,8,1970,
530,Villa,Vestervang 2,7190, Billund,740000 ,24-10-1993,Alm. Salg,116,6379,4,1987,
530,Villa,Ribersvej 30,7200, Grindsted,642476 ,24-10-1993,Alm. Salg,135,4759,5,1980,
530,Villa,Skjoldbjergvej 6A,6623, Vorbasse,379000 ,21-10-1993,Alm. Salg,142,2669,5,1877,
530,Villa,Ravlundvej 11,7200, Grindsted,500000 ,21-10-1993,Alm. Salg,150,3333,4,1942,
530,Villa,Tingstedet 37,7190, Billund,198119 ,20-10-1993,Alm. Salg,166,1193,6,1994,
530,Villa,Tingstedet 11,7190, Billund,206501 ,20-10-1993,Alm. Salg,221,934,9,1995,
530,Villa,Tingstedet 13,7190, Billund,142290 ,19-10-1993,Alm. Salg,135,1054,5,1994,
530,Villa,Abildvej 8,7200, Grindsted,191326 ,19-10-1993,Alm. Salg,70,2733,3,1960,
530,Villa,Stationsvej 14,7200, Grindsted,295000 ,19-10-1993,Alm. Salg,98,3010,4,1974,
530,Villa,Tingstedet 39,7190, Billund,179323 ,18-10-1993,Alm. Salg,148,1212,5,1994,
530,Villa,Tingstedet 41,7190, Billund,165572 ,18-10-1993,Alm. Salg,149,1111,6,1994,
530,Villa,Tingstedet 46,7190, Billund,152397 ,18-10-1993,Alm. Salg,193,790,7,1994,
530,Villa,Tinghusgade 25,7200, Grindsted,416500 ,18-10-1993,Fam. Salg,124,3359,4,1967,
530,Villa,Drivvejen 24,6623, Vorbasse,242475 ,18-10-1993,Alm. Salg,178,1362,7,1978,
530,Villa,Tingstedet 47,7190, Billund,178971 ,17-10-1993,Alm. Salg,166,1078,6,1994,
530,Villa,Tingstedet 45,7190, Billund,162627 ,17-10-1993,Alm. Salg,191,851,9,1994,
530,Villa,Vestergade 91,7200, Grindsted,645000 ,17-10-1993,Alm. Salg,164,3933,6,1947,
530,Villa,Tingstedet 26,7190, Billund,139345 ,16-10-1993,Alm. Salg,162,860,6,1994,
530,Villa,Nollundvej 184,7200, Grindsted,660000 ,16-10-1993,Alm. Salg,235,2809,8,1961,
530,Rækkehus,Søndre Boulevard 391,7200, Grindsted,598000 ,14-10-1993,Alm. Salg,81,7383,3,1986,
530,Villa,Nollundvej 85,7200, Grindsted,510000 ,14-10-1993,Alm. Salg,117,4359,4,1976,
530,Villa,Søllingdalvej 86,7250, Hejnsvig,212558 ,14-10-1993,Andet,129,1648,5,1980,
530,Villa,Lyngvang 44,7260, Sønder Omme,665000 ,14-10-1993,Alm. Salg,180,3694,7,1973,
530,Villa,Grønnegade 6,6623, Vorbasse,445000 ,13-10-1993,Alm. Salg,108,4120,4,1981,
530,Villa,Nørremarksvej 7,7200, Grindsted,190000 ,13-10-1993,Alm. Salg,303,627,7,1915,
530,Villa,Drivvejen 12,6623, Vorbasse,435000 ,12-10-1993,Alm. Salg,162,2685,6,1978,
530,Villa,Islandsvej 2,7200, Grindsted,425000 ,12-10-1993,Alm. Salg,127,3346,5,1969,
530,Villa,Søndre Boulevard 237,7200, Grindsted,991859 ,11-10-1993,Alm. Salg,164,6048,5,1994,
530,Villa,Egevænget 312,7190, Billund,747240 ,10-10-1993,Alm. Salg,150,4982,5,1972,
530,Rækkehus,Østre Alle 6,7200, Grindsted,314500 ,09-10-1993,Fam. Salg,80,3931,2,1937,
530,Villa,Mølleparken 245,7190, Billund,765000 ,08-10-1993,Alm. Salg,136,5625,5,1976,
530,Rækkehus,Dalsøvej 161A,7200, Grindsted,575000 ,06-10-1993,Alm. Salg,82,7012,3,1985,
530,Villa,Gammel Bøvlvej 39,7260, Sønder Omme,425762 ,06-10-1993,Alm. Salg,154,2765,5,1959,
530,Villa,J P Jensens Vej 11,7200, Grindsted,330000 ,05-10-1993,Alm. Salg,102,3235,3,1947,
530,Villa,Kærvej 303,7190, Billund,948000 ,05-10-1993,Alm. Salg,110,4989,6,1973,
530,Villa,Markskellet 14,7190, Billund,111374 ,03-10-1993,Alm. Salg,140,796,6,1994,
530,Villa,Mølleparken 286,7190, Billund,777746 ,01-10-1993,Alm. Salg,173,4496,5,1975,
530,Villa,Bakkevej 1,7250, Hejnsvig,225000 ,30-09-1993,Alm. Salg,89,2528,3,1961,
530,Villa,Kobjergvej 21,7190, Billund,560000 ,30-09-1993,Fam. Salg,200,2800,7,1932,
530,Villa,Sognegårdsvej 1,7200, Grindsted,141744 ,30-09-1993,Alm. Salg,119,1191,3,1960,
530,Villa,Mølleparken 110,7190, Billund,770000 ,29-09-1993,Alm. Salg,143,5385,5,1977,
530,Villa,Ågeslundvej 13,7200, Grindsted,525000 ,29-09-1993,Andet,150,3500,6,1956,
530,Villa,Sønderkær 131,7190, Billund,1160000 ,28-09-1993,Alm. Salg,184,6304,6,1979,
530,Villa,Grindstedvej 60,7260, Sønder Omme,450000 ,27-09-1993,Fam. Salg,104,4327,3,1968,
530,Villa,Klosterhedevej 9,7200, Grindsted,625000 ,25-09-1993,Alm. Salg,144,4340,5,1972,
530,Villa,Birkevej 7,6623, Vorbasse,450000 ,25-09-1993,Alm. Salg,113,3982,5,1970,
530,Villa,Lyngvang 19,7260, Sønder Omme,585800 ,24-09-1993,Alm. Salg,149,3932,5,1973,
530,Villa,Primulavej 31,7200, Grindsted,860851 ,24-09-1993,Alm. Salg,213,4042,9,1964,
530,Villa,Lærke Alle 1,7260, Sønder Omme,467500 ,24-09-1993,Alm. Salg,121,3864,4,1969,
530,Villa,Ribersvej 158,7200, Grindsted,417708 ,23-09-1993,Alm. Salg,112,3730,4,1980,
530,Villa,Dalsvinget 2,7200, Grindsted,675000 ,23-09-1993,Alm. Salg,159,4245,6,1976,
530,Villa,Dalsvinget 11,7200, Grindsted,820000 ,22-09-1993,Alm. Salg,179,4581,6,1978,
530,Villa,Nørbovej 8,7200, Grindsted,598000 ,21-09-1993,Alm. Salg,209,2861,8,1938,
530,Villa,Rogusavej 4,7250, Hejnsvig,380460 ,21-09-1993,Alm. Salg,229,1661,7,1970,
530,Villa,Granvej 5,7190, Billund,425000 ,21-09-1993,Alm. Salg,150,2833,5,1959,
530,Villa,Systemvej 13,7190, Billund,590000 ,20-09-1993,Alm. Salg,160,3688,4,1953,
530,Villa,Åbakkevej 7,7200, Grindsted,617500 ,20-09-1993,Alm. Salg,157,3933,5,1948,
530,Villa,Skole Alle 12,7260, Sønder Omme,600000 ,19-09-1993,Alm. Salg,215,2791,6,1900,
530,Rækkehus,Nørager 83,7260, Sønder Omme,355492 ,18-09-1993,Alm. Salg,77,4617,2,1980,
530,Villa,Sønderkær 238,7190, Billund,667500 ,18-09-1993,Alm. Salg,155,4306,5,1978,
530,Villa,Hjortlundvej 3,7200, Grindsted,280000 ,17-09-1993,Fam. Salg,166,1687,6,1964,
530,Villa,Dalsvinget 51,7200, Grindsted,544000 ,16-09-1993,Alm. Salg,137,3971,4,1978,
530,Villa,Grindsted Landevej 70,7200, Grindsted,250000 ,16-09-1993,Alm. Salg,108,2315,3,1940,
530,Villa,Meldhedevej 3,7200, Grindsted,865000 ,15-09-1993,Alm. Salg,195,4436,6,1976,
530,Villa,Sønderkær 229,7190, Billund,760000 ,15-09-1993,Auktion,151,5033,4,1981,
530,Villa,Søndre Boulevard 263,7200, Grindsted,1025000 ,14-09-1993,Alm. Salg,176,5824,6,1989,
530,Villa,Møbjergvej 25,7260, Sønder Omme,272000 ,14-09-1993,Alm. Salg,110,2473,4,1877,
530,Villa,Ribersvej 72,7200, Grindsted,844227 ,13-09-1993,Alm. Salg,153,5518,6,1978,
530,Villa,Nordre Kirkevej 3,7190, Billund,635000 ,12-09-1993,Alm. Salg,106,5991,4,1966,
530,Villa,Tronsø Parkvej 9,7200, Grindsted,465000 ,09-09-1993,Alm. Salg,89,5225,3,1949,
530,Villa,Solvangen 11,7200, Grindsted,315000 ,09-09-1993,Alm. Salg,110,2864,4,1969,
530,Villa,Nørager 23,7260, Sønder Omme,540000 ,09-09-1993,Alm. Salg,127,4252,4,1979,
530,Villa,Ahornvej 18,7200, Grindsted,390000 ,09-09-1993,Alm. Salg,140,2786,6,1964,
530,Villa,Grønvang 18,7260, Sønder Omme,325000 ,06-09-1993,Fam. Salg,117,2778,4,1955,
530,Villa,Møllevænget 9,7190, Billund,250704 ,06-09-1993,Alm. Salg,117,2143,4,1965,
530,Villa,Havnevej 8,6623, Vorbasse,365000 ,06-09-1993,Alm. Salg,210,1738,7,1938,
530,Rækkehus,Nørre Alle 5A,7200, Grindsted,375000 ,01-09-1993,Alm. Salg,114,3289,4,2022,
530,Villa,Dalbo 38,7200, Grindsted,610000 ,01-09-1993,Alm. Salg,121,5041,4,1978,
530,Villa,Søndervold 108,7200, Grindsted,231450 ,01-09-1993,Alm. Salg,159,1456,8,1993,
530,Villa,Markskellet 9,7190, Billund,109176 ,01-09-1993,Alm. Salg,141,774,5,1994,
530,Ejerlejlighed,"Nygade 19G, st",7200, Grindsted,470000 ,31-08-1993,Alm. Salg,62,7581,2,1985,
530,Villa,Nollundvej 133,7200, Grindsted,470000 ,30-08-1993,Alm. Salg,173,2717,5,1877,
530,Villa,Gammel Bøvlvej 10,7260, Sønder Omme,220000 ,30-08-1993,Alm. Salg,220,1000,6,1919,
530,Villa,Krogagervej 26,7200, Grindsted,385000 ,30-08-1993,Alm. Salg,119,3235,7,1956,
530,Villa,Dalsvinget 13,7200, Grindsted,695000 ,30-08-1993,Alm. Salg,195,3564,7,1976,
530,Ejerlejlighed,"Grønningen 21, 1. th",7200, Grindsted,277000 ,29-08-1993,Auktion,100,2770,4,1968,
530,Villa,Sønderkær 393,7190, Billund,788650 ,29-08-1993,Alm. Salg,130,6067,5,1985,
530,Villa,Vestervang 28,7190, Billund,706145 ,29-08-1993,Alm. Salg,185,3817,5,1987,
530,Villa,Gammel Bøvlvej 29B,7260, Sønder Omme,410000 ,29-08-1993,Alm. Salg,178,2303,6,1974,
530,Villa,Aakjærsvej 2,7200, Grindsted,330000 ,29-08-1993,Alm. Salg,94,3511,2,1942,
530,Villa,Krogen 3,7200, Grindsted,650000 ,27-08-1993,Alm. Salg,171,3801,4,1957,
530,Villa,Skolegyden 8,7200, Grindsted,153663 ,26-08-1993,Alm. Salg,88,1746,3,1959,
530,Villa,Flintemarken 3,7190, Billund,850000 ,26-08-1993,Alm. Salg,193,4404,8,1988,
530,Villa,Vejlevej 43,7260, Sønder Omme,327000 ,25-08-1993,Alm. Salg,146,2240,6,1960,
530,Villa,Grindstedvej 22,7190, Billund,725000 ,25-08-1993,Alm. Salg,270,2685,6,1953,
530,Villa,Nørregade 56,7200, Grindsted,397641 ,25-08-1993,Alm. Salg,179,2221,5,1920,
530,Villa,Sønderbro 5,7260, Sønder Omme,100000 ,25-08-1993,Alm. Salg,97,1031,3,1927,
530,Villa,Mølleparken 404,7190, Billund,840737 ,24-08-1993,Alm. Salg,143,5879,5,1985,
530,Villa,Dalbo 61,7200, Grindsted,530000 ,24-08-1993,Alm. Salg,154,3442,6,1978,
530,Villa,Brinken 9,7200, Grindsted,1125000 ,24-08-1993,Alm. Salg,172,6541,7,1967,
530,Villa,Nollundvej 92,7200, Grindsted,593000 ,23-08-1993,Alm. Salg,194,3057,8,1959,
530,Villa,Søllingdalvej 30,7250, Hejnsvig,435000 ,23-08-1993,Alm. Salg,124,3508,5,1975,
530,Villa,Søndermarksvej 215,7190, Billund,751000 ,23-08-1993,Alm. Salg,201,3736,5,1970,
530,Villa,Mølgårdvej 27,7200, Grindsted,306697 ,23-08-1993,Auktion,197,1557,6,1935,
530,Rækkehus,Vestre Boulevard 10,7200, Grindsted,500000 ,22-08-1993,Alm. Salg,105,4762,4,1932,
530,Rækkehus,Dalsvinget 18A,7200, Grindsted,430000 ,22-08-1993,Alm. Salg,101,4257,4,1978,
530,Villa,Vestervej 11,7200, Grindsted,180000 ,22-08-1993,Alm. Salg,188,957,6,1938,
530,Villa,Sydtoften 163,7200, Grindsted,850000 ,22-08-1993,Alm. Salg,145,5862,6,1985,
530,Villa,Dalsøvej 7,7200, Grindsted,643440 ,22-08-1993,Alm. Salg,145,4438,4,1976,
530,Villa,Svinget 9,7200, Grindsted,497500 ,19-08-1993,Alm. Salg,90,5528,3,1956,
530,Rækkehus,Åglimt 47,7200, Grindsted,553600 ,17-08-1993,Alm. Salg,94,5889,4,1986,
530,Villa,Lundgårdvej 40,7250, Hejnsvig,475000 ,17-08-1993,Alm. Salg,293,1621,6,1966,
530,Villa,Markskellet 44,7190, Billund,111860 ,17-08-1993,Alm. Salg,153,731,6,1993,
530,Villa,Søndre Boulevard 227,7200, Grindsted,1015000 ,17-08-1993,Alm. Salg,140,7250,5,1994,
530,Villa,Lindevej 16,7200, Grindsted,211450 ,17-08-1993,Alm. Salg,250,846,10,1994,
530,Villa,Lindevej 18,7200, Grindsted,246450 ,17-08-1993,Alm. Salg,153,1611,6,1993,
530,Villa,Markskellet 37,7190, Billund,103200 ,15-08-1993,Alm. Salg,181,570,8,1993,
530,Rækkehus,Østre Alle 8,7200, Grindsted,485000 ,12-08-1993,Alm. Salg,80,6063,3,1937,
530,Ejerlejlighed,"Grønningen 15, 1. tv",7200, Grindsted,245000 ,12-08-1993,Alm. Salg,52,4712,2,1968,
530,Villa,Ribersvej 102,7200, Grindsted,640000 ,12-08-1993,Alm. Salg,153,4183,6,1979,
530,Villa,Åbakkevej 4,7200, Grindsted,650000 ,12-08-1993,Alm. Salg,131,4962,4,1979,
530,Villa,Søndergade 29,6623, Vorbasse,220000 ,12-08-1993,Fam. Salg,85,2588,3,1950,
530,Villa,Søndre Boulevard 235,7200, Grindsted,1032610 ,12-08-1993,Alm. Salg,157,6577,5,1994,
530,Villa,Lindevej 12,7200, Grindsted,225000 ,12-08-1993,Alm. Salg,149,1510,5,1994,
530,Rækkehus,Lysningen 18,7190, Billund,655000 ,11-08-1993,Alm. Salg,99,6616,4,1986,
530,Ejerlejlighed,"Grønningen 15, 2. tv",7200, Grindsted,270000 ,11-08-1993,Alm. Salg,52,5192,2,1968,
530,Villa,Markskellet 52,7190, Billund,114544 ,11-08-1993,Alm. Salg,172,666,6,1994,
530,Villa,Egevænget 310,7190, Billund,550273 ,11-08-1993,Fam. Salg,140,3931,4,1972,
530,Villa,Egevænget 412,7190, Billund,619000 ,11-08-1993,Alm. Salg,143,4329,4,1972,
530,Villa,Sønderkær 233,7190, Billund,1200000 ,10-08-1993,Alm. Salg,181,6630,6,1979,
530,Villa,Vibes Alle 17,7200, Grindsted,168862 ,09-08-1993,Alm. Salg,94,1796,3,1939,
530,Villa,Kærbækvej 11,7200, Grindsted,225000 ,08-08-1993,Fam. Salg,102,2206,3,1968,
530,Villa,Vibes Alle 14,7200, Grindsted,575000 ,08-08-1993,Alm. Salg,137,4197,7,1954,
530,Villa,Møllevænget 17,7190, Billund,569000 ,08-08-1993,Alm. Salg,146,3897,6,1965,
530,Villa,Åglimt 29,7200, Grindsted,420000 ,08-08-1993,Fam. Salg,183,2295,4,1958,
530,Villa,Lillesøvej 2,7200, Grindsted,674000 ,07-08-1993,Alm. Salg,157,4293,5,1973,
530,Villa,Vestergade 55,7200, Grindsted,575000 ,05-08-1993,Alm. Salg,123,4675,4,1962,
530,Rækkehus,Dalsvinget 20E,7200, Grindsted,515000 ,03-08-1993,Alm. Salg,96,5365,4,1978,
530,Villa,Dalsøvej 54,7200, Grindsted,555000 ,03-08-1993,Alm. Salg,118,4703,4,1977,
530,Villa,Dalsøvej 127,7200, Grindsted,635000 ,03-08-1993,Alm. Salg,170,3735,6,1979,
530,Villa,Søllingdalvej 50,7250, Hejnsvig,510000 ,03-08-1993,Alm. Salg,127,4016,5,1977,
530,Villa,Søndervold 335,7200, Grindsted,1100000 ,02-08-1993,Alm. Salg,166,6627,6,1995,
530,Villa,Krarupvej 14,7200, Grindsted,495000 ,02-08-1993,Alm. Salg,105,4714,4,1962,
530,Villa,Egebjerg Landevej 6,7200, Grindsted,200000 ,01-08-1993,Fam. Salg,76,2632,3,1944,
530,Villa,Åhavevej 6,7200, Grindsted,815000 ,01-08-1993,Alm. Salg,170,4794,7,1973,
530,Villa,Stakrogevej 85,7260, Sønder Omme,375000 ,01-08-1993,Alm. Salg,154,2435,4,1880,
530,Villa,Markskellet 26,7190, Billund,700000 ,31-07-1993,Alm. Salg,107,6542,4,1990,
530,Ejerlejlighed,"Grønningen 5, st. tv",7200, Grindsted,300000 ,29-07-1993,Alm. Salg,76,3947,2,1967,
530,Rækkehus,Sydtoften 17,7200, Grindsted,550000 ,28-07-1993,Alm. Salg,82,6707,3,1982,
530,Villa,Møllevænget 5,7190, Billund,610000 ,27-07-1993,Alm. Salg,170,3588,5,1964,
530,Villa,Toften 3,7200, Grindsted,490000 ,27-07-1993,Alm. Salg,156,3141,5,1967,
530,Villa,Tranebærvej 2,7200, Grindsted,500000 ,26-07-1993,Alm. Salg,142,3521,4,1965,
530,Villa,Dalbo 29,7200, Grindsted,615000 ,25-07-1993,Alm. Salg,125,4920,4,1977,
530,Villa,Grindstedvej 72,7260, Sønder Omme,300000 ,22-07-1993,Alm. Salg,98,3061,3,1959,
530,Villa,Ravnsøvej 4,7200, Grindsted,725000 ,22-07-1993,Alm. Salg,149,4866,5,1974,
530,Villa,Lindevej 18,7200, Grindsted,1154000 ,19-07-1993,Alm. Salg,153,7542,6,1993,
530,Villa,Rolighedsvej 8,6623, Vorbasse,179000 ,16-07-1993,Alm. Salg,139,1288,3,1877,
530,Villa,Læsøvej 7,7200, Grindsted,800000 ,14-07-1993,Alm. Salg,176,4545,5,1969,
530,Villa,Bygvænget 1,7200, Grindsted,725000 ,13-07-1993,Alm. Salg,150,4833,5,1962,
530,Villa,Svalevænget 5,6623, Vorbasse,84000 ,12-07-1993,Alm. Salg,151,556,6,1994,
530,Villa,Søllingdalvej 32,7250, Hejnsvig,570000 ,12-07-1993,Alm. Salg,146,3904,4,1979,
530,Villa,Sverrigsvej 3,7200, Grindsted,510000 ,11-07-1993,Alm. Salg,144,3542,5,1969,
530,Villa,Skolegyden 18,7200, Grindsted,253100 ,08-07-1993,Alm. Salg,170,1489,6,1979,
530,Rækkehus,Sydtoften 23,7200, Grindsted,500000 ,07-07-1993,Alm. Salg,82,6098,3,1983,
530,Rækkehus,Søndre Boulevard 345,7200, Grindsted,235000 ,06-07-1993,Andet,81,2901,3,1987,
530,Villa,Sønderkær 227,7190, Billund,587609 ,05-07-1993,Andet,255,2304,10,1980,
530,Villa,Nollundvej 168,7200, Grindsted,426500 ,02-07-1993,Alm. Salg,106,4024,4,1968,
530,Villa,Meldhedevej 4,7200, Grindsted,675000 ,02-07-1993,Alm. Salg,129,5233,4,1978,
530,Villa,Kirkegade 8,6623, Vorbasse,255000 ,02-07-1993,Alm. Salg,97,2629,5,1957,
530,Rækkehus,Vesterled 2,7260, Sønder Omme,295000 ,01-07-1993,Alm. Salg,56,5268,1,1947,
530,Rækkehus,Sønderkær 331,7190, Billund,351100 ,01-07-1993,Alm. Salg,128,2743,4,1980,
530,Villa,Billundvej 3,7250, Hejnsvig,281000 ,01-07-1993,Auktion,210,1338,6,1947,
530,Villa,Dalsvinget 11,7200, Grindsted,623000 ,30-06-1993,Alm. Salg,179,3480,6,1978,
530,Villa,Sønderkær 116,7190, Billund,670000 ,30-06-1993,Alm. Salg,126,5317,4,1977,
530,Villa,Østervænget 16,6623, Vorbasse,725000 ,30-06-1993,Alm. Salg,164,4421,5,1979,
530,Rækkehus,Sønderkær 327,7190, Billund,455000 ,29-06-1993,Alm. Salg,110,4136,4,1980,
530,Villa,Kvædevej 3,7200, Grindsted,1087110 ,29-06-1993,Fam. Salg,279,3896,8,1880,
530,Villa,Ravlundvej 16,7200, Grindsted,650000 ,29-06-1993,Fam. Salg,173,3757,5,1886,
530,Villa,Glentevej 12,7200, Grindsted,900000 ,28-06-1993,Alm. Salg,159,5660,6,1966,
530,Villa,Østerbrogade 22,7200, Grindsted,1048360 ,28-06-1993,Alm. Salg,161,6512,5,1973,
530,Villa,Søndre Boulevard 285,7200, Grindsted,830000 ,28-06-1993,Alm. Salg,146,5685,5,1988,
530,Ejerlejlighed,"Nygade 19F, st",7200, Grindsted,485000 ,27-06-1993,Alm. Salg,61,7951,2,1985,
530,Villa,Dalsøvej 51,7200, Grindsted,585000 ,27-06-1993,Alm. Salg,164,3567,5,1976,
530,Villa,Vibes Alle 4,7200, Grindsted,180000 ,27-06-1993,Alm. Salg,160,1125,6,1917,
530,Villa,Fyrrevænget 305,7190, Billund,570000 ,27-06-1993,Alm. Salg,148,3851,6,1971,
530,Villa,Sønderkær 413,7190, Billund,810000 ,27-06-1993,Alm. Salg,130,6231,5,1986,
530,Villa,Grindstedvej 34,7260, Sønder Omme,400000 ,24-06-1993,Alm. Salg,114,3509,3,1948,
530,Villa,Nørager 51,7260, Sønder Omme,600000 ,23-06-1993,Alm. Salg,160,3750,6,1980,
530,Villa,Arresøvej 5,7200, Grindsted,569000 ,23-06-1993,Alm. Salg,137,4153,5,1973,
530,Rækkehus,Dalsvinget 18D,7200, Grindsted,159363 ,22-06-1993,Fam. Salg,96,1660,4,1978,
530,Villa,Sønderkær 248,7190, Billund,710000 ,22-06-1993,Fam. Salg,172,4128,5,1978,
530,Villa,Parkvej 10,6623, Vorbasse,210000 ,22-06-1993,Alm. Salg,143,1469,5,1975,
530,Villa,Abildvej 17,7200, Grindsted,680000 ,22-06-1993,Alm. Salg,167,4072,6,1972,
530,Villa,Mølleparken 364,7190, Billund,770000 ,21-06-1993,Alm. Salg,120,6417,4,1984,
530,Villa,Solvangen 15,7200, Grindsted,320000 ,21-06-1993,Andet,133,2406,3,1966,
530,Villa,Søndre Boulevard 249,7200, Grindsted,775000 ,20-06-1993,Alm. Salg,175,4429,6,1996,
530,Villa,Stationsvej 27,7200, Grindsted,250000 ,17-06-1993,Alm. Salg,195,1282,7,1920,
530,Villa,Vestergade 124A,7200, Grindsted,405000 ,17-06-1993,Alm. Salg,89,4551,2,1942,
530,Villa,Tronsø Parkvej 7,7200, Grindsted,360000 ,15-06-1993,Alm. Salg,89,4045,4,1950,
530,Villa,Skolegade 11,7200, Grindsted,643072 ,15-06-1993,Fam. Salg,148,4345,4,1923,
530,Rækkehus,Tårnvej 10,7200, Grindsted,299885 ,14-06-1993,Alm. Salg,87,3447,4,1952,
530,Villa,Parkvej 14,6623, Vorbasse,500000 ,14-06-1993,Alm. Salg,192,2604,6,1974,
530,Villa,Åbrinken 7,7200, Grindsted,810000 ,11-06-1993,Alm. Salg,134,6045,5,1969,
530,Rækkehus,Grønningen 4B,7190, Billund,560000 ,10-06-1993,Alm. Salg,79,7089,3,1987,
530,Villa,Gammel Bøvlvej 16,7260, Sønder Omme,454000 ,10-06-1993,Alm. Salg,141,3220,5,1918,
530,Villa,Aakjærsvej 16,7200, Grindsted,390000 ,10-06-1993,Alm. Salg,107,3645,4,1946,
530,Villa,Langgade 49,7250, Hejnsvig,357000 ,08-06-1993,Alm. Salg,99,3606,3,1979,
530,Villa,Flintemarken 59,7190, Billund,232398 ,08-06-1993,Alm. Salg,281,827,7,1994,
530,Rækkehus,Grønningen 36,7190, Billund,565000 ,07-06-1993,Alm. Salg,107,5280,4,1989,
530,Villa,Ribersvej 70,7200, Grindsted,544502 ,07-06-1993,Alm. Salg,169,3222,6,1979,
530,Villa,Ribersvej 218,7200, Grindsted,511164 ,07-06-1993,Alm. Salg,121,4224,4,1980,
530,Villa,Ribersvej 182,7200, Grindsted,648000 ,06-06-1993,Alm. Salg,130,4985,5,1980,
530,Villa,Grindstedvej 40,7260, Sønder Omme,147769 ,06-06-1993,Andet,92,1606,3,1946,
530,Villa,Toften 55,7190, Billund,620000 ,06-06-1993,Alm. Salg,130,4769,4,1968,
530,Villa,Stadion Alle 28,7260, Sønder Omme,250000 ,06-06-1993,Alm. Salg,91,2747,3,1945,
530,Villa,Nørregade 52,7200, Grindsted,565000 ,06-06-1993,Alm. Salg,123,4593,6,1937,
530,Villa,Tiphedevej 3,7200, Grindsted,650000 ,03-06-1993,Alm. Salg,157,4140,5,1973,
530,Villa,Kærtoften 40,7200, Grindsted,305000 ,02-06-1993,Alm. Salg,112,2723,4,1955,
530,Villa,Rugvænget 11,7200, Grindsted,560000 ,02-06-1993,Alm. Salg,105,5333,4,1964,
530,Rækkehus,Vesterled 2,7260, Sønder Omme,250000 ,01-06-1993,Alm. Salg,56,4464,1,1947,
530,Villa,Bøvlvej 120,7260, Sønder Omme,575000 ,01-06-1993,Alm. Salg,225,2556,6,1939,
530,Villa,Sønderkær 408,7190, Billund,750000 ,31-05-1993,Alm. Salg,136,5515,5,1981,
530,Villa,Nebelvej 13,6623, Vorbasse,380000 ,28-05-1993,Alm. Salg,119,3193,3,1952,
530,Rækkehus,Sønderkær 333,7190, Billund,191191 ,27-05-1993,Alm. Salg,89,2148,3,1980,
530,Villa,Sønderkær 172,7190, Billund,783200 ,27-05-1993,Alm. Salg,149,5256,5,1977,
530,Villa,Nymarksvej 13,7200, Grindsted,1300000 ,25-05-1993,Alm. Salg,188,6915,7,1969,
530,Villa,Markskellet 106,7190, Billund,313443 ,24-05-1993,Alm. Salg,117,2679,5,1988,
530,Villa,Grindstedvej 21,7260, Sønder Omme,230000 ,18-05-1993,Alm. Salg,72,3194,3,1934,
530,Villa,Rungborgvej 11,7250, Hejnsvig,490000 ,18-05-1993,Alm. Salg,116,4224,4,1917,
530,Villa,Primulavej 22,7200, Grindsted,540000 ,18-05-1993,Alm. Salg,118,4576,4,1965,
530,Villa,Anemonevej 13,7200, Grindsted,520000 ,17-05-1993,Alm. Salg,138,3768,6,1964,
530,Villa,Østerbo 6,7190, Billund,415000 ,14-05-1993,Alm. Salg,150,2767,6,1957,
530,Villa,Tiphedevej 1,7200, Grindsted,715000 ,13-05-1993,Alm. Salg,150,4767,6,1973,
530,Villa,Flintemarken 69,7190, Billund,148462 ,12-05-1993,Alm. Salg,137,1084,6,1995,
530,Villa,Mossøvej 7,7200, Grindsted,750000 ,12-05-1993,Alm. Salg,134,5597,4,1973,
530,Rækkehus,Søndervold 10,7200, Grindsted,670000 ,10-05-1993,Alm. Salg,115,5826,5,1992,
530,Villa,Nyvej 19,7250, Hejnsvig,250000 ,09-05-1993,Alm. Salg,64,3906,3,1962,
530,Villa,Markskellet 46,7190, Billund,115032 ,05-05-1993,Alm. Salg,132,871,5,1993,
530,Rækkehus,Grønningen 10B,7190, Billund,526000 ,03-05-1993,Alm. Salg,79,6658,3,1987,
530,Villa,Kærvej 105,7190, Billund,813000 ,03-05-1993,Alm. Salg,140,5807,5,1973,
530,Villa,Dalsvinget 2,7200, Grindsted,470000 ,03-05-1993,Fam. Salg,159,2956,6,1976,
530,Rækkehus,Rønnebærvej 23,7200, Grindsted,460000 ,02-05-1993,Alm. Salg,86,5349,4,1967,
530,Villa,J P Jensens Vej 15,7200, Grindsted,340000 ,02-05-1993,Alm. Salg,68,5000,3,1947,
530,Villa,Bredgade 34,7250, Hejnsvig,367351 ,29-04-1993,Alm. Salg,172,2136,6,1928,
530,Villa,Hovborgvej 28,6623, Vorbasse,185000 ,29-04-1993,Alm. Salg,77,2403,2,1966,
530,Villa,Møllevænget 17,7190, Billund,262500 ,28-04-1993,Alm. Salg,146,1798,6,1965,
530,Villa,Markskellet 28,7190, Billund,612947 ,28-04-1993,Alm. Salg,100,6129,5,1987,
530,Villa,Kastanie Alle 3,7200, Grindsted,555000 ,28-04-1993,Alm. Salg,124,4476,4,1933,
530,Rækkehus,Søndre Boulevard 387,7200, Grindsted,252287 ,27-04-1993,Andet,94,2684,3,1986,
530,Villa,Grønlandsvej 3,7200, Grindsted,650000 ,26-04-1993,Alm. Salg,164,3963,4,1971,
530,Villa,Skovparken 108B,7190, Billund,751081 ,25-04-1993,Alm. Salg,182,4127,5,1970,
530,Villa,Toften 20,7200, Grindsted,475000 ,23-04-1993,Alm. Salg,157,3025,6,1973,
530,Rækkehus,Søndre Boulevard 395,7200, Grindsted,473476 ,22-04-1993,Auktion,81,5845,3,1987,
530,Villa,Svinget 9,7200, Grindsted,363521 ,22-04-1993,Auktion,90,4039,3,1956,
530,Villa,Kobjergvej 10,7190, Billund,162000 ,21-04-1993,Alm. Salg,140,1157,5,1968,
530,Villa,Nørrevej 8,7200, Grindsted,160000 ,21-04-1993,Alm. Salg,107,1495,3,1939,
530,Villa,Nollundvej 125,7200, Grindsted,170000 ,18-04-1993,Alm. Salg,136,1250,4,1954,
530,Villa,Dalbo 21,7200, Grindsted,635000 ,18-04-1993,Alm. Salg,191,3325,7,1977,
530,Villa,Brande Landevej 22,7260, Sønder Omme,190000 ,18-04-1993,Alm. Salg,126,1508,6,1920,
530,Villa,Skovparken 404,7190, Billund,650000 ,16-04-1993,Alm. Salg,246,2642,6,1965,
530,Villa,Kobjergvej 17,7190, Billund,1381413 ,16-04-1993,Alm. Salg,136,10157,4,1987,
530,Villa,Postgade 4,7200, Grindsted,200000 ,15-04-1993,Alm. Salg,206,971,5,1949,
530,Villa,Fynsgade 64,7200, Grindsted,441800 ,14-04-1993,Alm. Salg,123,3592,4,1959,
530,Villa,Ågeslundvej 9,7200, Grindsted,425000 ,14-04-1993,Alm. Salg,154,2760,5,1951,
530,Villa,Hørlycks Alle 1,7200, Grindsted,523000 ,14-04-1993,Alm. Salg,153,3418,5,1927,
530,Villa,Hovedgaden 34,7190, Billund,377700 ,13-04-1993,Alm. Salg,85,4444,3,1938,
530,Villa,Havrevænget 26,7200, Grindsted,385000 ,13-04-1993,Alm. Salg,91,4231,3,1963,
530,Villa,Flintemarken 28,7190, Billund,161028 ,13-04-1993,Alm. Salg,149,1081,5,1994,
530,Villa,Søndergade 37,6623, Vorbasse,64702 ,11-04-1993,Fam. Salg,89,727,2,1960,
530,Villa,Hasselvej 14,7260, Sønder Omme,341500 ,09-04-1993,Alm. Salg,105,3252,4,1968,
530,Villa,Mølleparken 314,7190, Billund,565000 ,06-04-1993,Alm. Salg,155,3645,4,1980,
530,Villa,Grindsted Landevej 8,7200, Grindsted,395000 ,04-04-1993,Alm. Salg,86,4593,4,1952,
530,Villa,Søllingdalvej 88,7250, Hejnsvig,90525 ,04-04-1993,Alm. Salg,151,600,7,1995,
530,Villa,Østergade 20,6623, Vorbasse,420000 ,04-04-1993,Alm. Salg,132,3182,3,1942,
530,Villa,Birkebæk Alle 1,7260, Sønder Omme,580000 ,02-04-1993,Alm. Salg,149,3893,5,1974,
530,Villa,Rødsøvej 15,7200, Grindsted,790000 ,02-04-1993,Alm. Salg,162,4877,6,1973,
530,Villa,Grønvang 11,7260, Sønder Omme,385000 ,01-04-1993,Alm. Salg,116,3319,4,1969,
530,Villa,Sydtoften 31,7200, Grindsted,990250 ,01-04-1993,Alm. Salg,182,5441,6,1984,
530,Villa,Stakrogevej 11,7260, Sønder Omme,350000 ,01-04-1993,Alm. Salg,170,2059,6,1943,
530,Villa,Dalbyvej 20,7200, Grindsted,430000 ,31-03-1993,Alm. Salg,101,4257,3,1948,
530,Villa,Koldingvej 9,7190, Billund,300000 ,30-03-1993,Fam. Salg,139,2158,3,1907,
530,Villa,Enevej 2,7200, Grindsted,1100000 ,29-03-1993,Alm. Salg,189,5820,6,1985,
530,Villa,Finlandsvej 5,7200, Grindsted,500000 ,29-03-1993,Alm. Salg,107,4673,4,1968,
530,Villa,Herningvej 13,7260, Sønder Omme,250000 ,29-03-1993,Alm. Salg,104,2404,3,1952,
530,Villa,Nørreled 23,7200, Grindsted,510000 ,29-03-1993,Alm. Salg,188,2713,5,1939,
530,Ejerlejlighed,"Borgergade 13, 1",7200, Grindsted,1150000 ,28-03-1993,Alm. Salg,136,8456,5,1958,
530,Villa,Slagterivej 12,7200, Grindsted,170000 ,26-03-1993,Alm. Salg,155,1097,6,1947,
530,Villa,Gribsøvej 1,7200, Grindsted,335539 ,25-03-1993,Alm. Salg,144,2330,5,1975,
530,Villa,Østergaardsvej 16,7200, Grindsted,240000 ,25-03-1993,Alm. Salg,121,1983,5,1940,
530,Villa,Ribersvej 224,7200, Grindsted,385000 ,25-03-1993,Alm. Salg,120,3208,5,1980,
530,Villa,Sønderkær 404,7190, Billund,445200 ,25-03-1993,Alm. Salg,122,3649,4,1980,
530,Villa,Gammel Hejnsvigvej 11,7190, Billund,388160 ,25-03-1993,Alm. Salg,129,3009,5,1960,
530,Villa,Elmelunden 103,7190, Billund,280000 ,18-03-1993,Alm. Salg,99,2828,4,1963,
530,Ejerlejlighed,"Grønningen 5, 1. th",7200, Grindsted,265000 ,17-03-1993,Alm. Salg,100,2650,4,1967,
530,Villa,Trædemarkvej 9,7200, Grindsted,450000 ,15-03-1993,Alm. Salg,158,2848,4,1913,
530,Villa,Fynsgade 58,7200, Grindsted,612500 ,15-03-1993,Alm. Salg,155,3952,5,1951,
530,Villa,Stenhøjvej 1A,7250, Hejnsvig,250000 ,15-03-1993,Alm. Salg,170,1471,6,1967,
530,Villa,Søndermarksvej 102,7190, Billund,656684 ,14-03-1993,Fam. Salg,158,4156,5,1968,
530,Villa,Nørregade 6,6623, Vorbasse,275000 ,14-03-1993,Fam. Salg,149,1846,6,1935,
530,Villa,Egebjerg Landevej 76,7250, Hejnsvig,170000 ,11-03-1993,Fam. Salg,92,1848,4,1800,
530,Villa,Farvergade 2,7260, Sønder Omme,294000 ,08-03-1993,Alm. Salg,167,1760,5,1935,
530,Villa,Daltoften 7,7200, Grindsted,785000 ,08-03-1993,Alm. Salg,175,4486,6,1977,
530,Villa,Nørreled 27,7200, Grindsted,560000 ,08-03-1993,Alm. Salg,134,4179,5,1953,
530,Villa,Flintemarken 33,7190, Billund,189818 ,04-03-1993,Alm. Salg,211,900,7,1993,
530,Villa,Søndre Boulevard 313,7200, Grindsted,940000 ,04-03-1993,Alm. Salg,136,6912,6,1987,
530,Rækkehus,Dalsøvej 161B,7200, Grindsted,412518 ,03-03-1993,Alm. Salg,82,5031,3,1985,
530,Villa,Solsortvej 18,7200, Grindsted,340000 ,01-03-1993,Alm. Salg,77,4416,3,1957,
530,Villa,Almstokvej 17,7190, Billund,256000 ,01-03-1993,Alm. Salg,170,1506,6,1954,
530,Villa,Dalsøvej 9,7200, Grindsted,650000 ,01-03-1993,Alm. Salg,148,4392,5,1975,
530,Villa,Egebjerg Landevej 123,7250, Hejnsvig,222500 ,01-03-1993,Fam. Salg,121,1839,4,1914,
530,Villa,Dalbo 17,7200, Grindsted,534000 ,28-02-1993,Alm. Salg,121,4413,4,1980,
530,Villa,Nørregade 35,6623, Vorbasse,320000 ,26-02-1993,Alm. Salg,122,2623,3,1930,
530,Villa,Krogen 2,7200, Grindsted,775000 ,25-02-1993,Alm. Salg,122,5916,6,1954,
530,Villa,Gammel Hejnsvigvej 15,7190, Billund,440000 ,25-02-1993,Alm. Salg,219,2009,6,1935,
530,Villa,Amtsvejen 7,7200, Grindsted,140000 ,25-02-1993,Alm. Salg,152,921,6,1955,
530,Villa,Mølgårdvej 29,7200, Grindsted,765000 ,25-02-1993,Alm. Salg,314,2436,8,1930,
530,Villa,Jyllandsgade 7,7200, Grindsted,820175 ,25-02-1993,Alm. Salg,128,6408,6,1953,
530,Villa,Vinkelvej 2,7250, Hejnsvig,190000 ,23-02-1993,Alm. Salg,81,2346,3,1947,
530,Villa,Abildvej 8,7200, Grindsted,375000 ,22-02-1993,Alm. Salg,70,5357,3,1960,
530,Villa,Østergade 42,6623, Vorbasse,340000 ,22-02-1993,Alm. Salg,230,1478,8,1934,
530,Rækkehus,Sønderkær 461,7190, Billund,151910 ,21-02-1993,Alm. Salg,77,1973,3,1982,
530,Villa,Toften 41,7190, Billund,229545 ,21-02-1993,Alm. Salg,94,2442,3,1970,
530,Villa,Søndre Boulevard 317,7200, Grindsted,175000 ,19-02-1993,Alm. Salg,135,1296,6,1996,
530,Villa,Sydtoften 77,7200, Grindsted,695000 ,19-02-1993,Alm. Salg,120,5792,5,1986,
530,Ejerlejlighed,Nørregade 4B,6623, Vorbasse,215000 ,18-02-1993,Alm. Salg,109,1972,3,1902,
530,Villa,Ølandsvej 5,7200, Grindsted,685000 ,17-02-1993,Alm. Salg,142,4824,5,1971,
530,Villa,Jørgen Glavinds Vej 17,7200, Grindsted,310000 ,16-02-1993,Alm. Salg,89,3483,4,1960,
530,Villa,Søndervold 112,7200, Grindsted,231450 ,14-02-1993,Alm. Salg,162,1429,7,1993,
530,Villa,Sønderkær 134,7190, Billund,765110 ,13-02-1993,Alm. Salg,154,4968,6,1977,
530,Villa,Løkkegårdsvej 2,7190, Billund,602877 ,12-02-1993,Alm. Salg,201,2999,6,1889,
530,Rækkehus,Søndervold 74,7200, Grindsted,465000 ,11-02-1993,Alm. Salg,61,7623,2,1992,
530,Villa,Frederiksberg Alle 11,7200, Grindsted,385000 ,11-02-1993,Alm. Salg,127,3031,5,1956,
530,Villa,Egebjerg Landevej 88,7250, Hejnsvig,320000 ,11-02-1993,Alm. Salg,146,2192,5,1930,
530,Villa,Højene 11,7250, Hejnsvig,640000 ,09-02-1993,Alm. Salg,172,3721,5,1970,
530,Rækkehus,Nørager 87,7260, Sønder Omme,117758 ,08-02-1993,Fam. Salg,77,1529,2,1982,
530,Villa,Nørreled 33,7200, Grindsted,525000 ,05-02-1993,Alm. Salg,102,5147,3,1953,
530,Villa,Amtsvejen 42,7200, Grindsted,140000 ,03-02-1993,Auktion,130,1077,4,1956,
530,Villa,Sønderbro 10,7260, Sønder Omme,576771 ,02-02-1993,Alm. Salg,162,3204,7,1865,
530,Villa,Vejlevej 29,7260, Sønder Omme,475000 ,01-02-1993,Alm. Salg,106,4481,2,1935,
530,Villa,Urupvej 1,7200, Grindsted,420000 ,01-02-1993,Alm. Salg,149,2819,6,1976,
530,Villa,Sønderkær 212,7190, Billund,700000 ,01-02-1993,Alm. Salg,164,4268,7,1977,
530,Villa,Tårnvej 2,7200, Grindsted,645000 ,01-02-1993,Alm. Salg,140,4607,5,1955,
530,Villa,Vestre Boulevard 26,7200, Grindsted,308000 ,31-01-1993,Alm. Salg,121,2545,4,1947,
530,Villa,Egevænget 109,7190, Billund,553000 ,29-01-1993,Alm. Salg,124,4460,4,1973,
530,Villa,Arresøvej 3,7200, Grindsted,560000 ,28-01-1993,Alm. Salg,124,4516,4,1973,
530,Villa,Æblevej 10,7250, Hejnsvig,112459 ,28-01-1993,Alm. Salg,111,1013,4,1960,
530,Villa,Dalbo 57,7200, Grindsted,580000 ,25-01-1993,Alm. Salg,124,4677,4,1979,
530,Villa,Klosterhedevej 3,7200, Grindsted,690000 ,25-01-1993,Alm. Salg,149,4631,5,1972,
530,Villa,Dalsøvej 69,7200, Grindsted,680000 ,24-01-1993,Alm. Salg,181,3757,7,1976,
530,Villa,Brombærvej 8,7200, Grindsted,545000 ,24-01-1993,Alm. Salg,180,3028,7,1969,
530,Villa,Herningvej 89,7260, Sønder Omme,280000 ,22-01-1993,Alm. Salg,99,2828,5,1949,
530,Villa,Systemvej 30,7190, Billund,638865 ,20-01-1993,Fam. Salg,180,3549,7,1963,
530,Ejerlejlighed,Nørregade 4C,6623, Vorbasse,365000 ,14-01-1993,Alm. Salg,95,3842,3,1902,
530,Villa,Grindstedvej 28,7260, Sønder Omme,238132 ,14-01-1993,Alm. Salg,68,3502,2,1946,
530,Villa,Lindevej 8,7200, Grindsted,140000 ,14-01-1993,Alm. Salg,131,1069,4,1993,
530,Villa,Dalbyvej 25,7200, Grindsted,590000 ,14-01-1993,Alm. Salg,167,3533,6,1977,
530,Rækkehus,Sønderkær 423A,7190, Billund,495000 ,13-01-1993,Alm. Salg,77,6429,3,1986,
530,Villa,Dalsøvej 65,7200, Grindsted,425000 ,12-01-1993,Alm. Salg,138,3080,4,1976,
530,Villa,Smedegade 11,7260, Sønder Omme,375000 ,12-01-1993,Alm. Salg,114,3289,4,1973,
530,Villa,Kirkevej 41,7250, Hejnsvig,240000 ,11-01-1993,Alm. Salg,196,1224,8,1944,
530,Villa,Tyttebærvej 1,7200, Grindsted,660000 ,08-01-1993,Alm. Salg,189,3492,6,1967,
530,Villa,Danmarksvej 5,7200, Grindsted,585000 ,08-01-1993,Alm. Salg,138,4239,5,1971,
530,Villa,Markskellet 66,7190, Billund,193234 ,07-01-1993,Alm. Salg,255,758,7,1994,
530,Villa,Ribersvej 120,7200, Grindsted,624000 ,07-01-1993,Alm. Salg,150,4160,5,1979,
530,Villa,Lundgårdvej 23,7200, Grindsted,1055180 ,07-01-1993,Fam. Salg,151,6988,4,1907,
530,Villa,Dalagervej 1,6623, Vorbasse,111681 ,05-01-1993,Alm. Salg,82,1362,3,1942,
530,Villa,Vestergade 68,7200, Grindsted,590000 ,03-01-1993,Alm. Salg,75,7867,3,1959,
530,Villa,Storegade 9,7200, Grindsted,475000 ,01-01-1993,Alm. Salg,162,2932,5,1935,
530,Villa,Birksøvej 10,7200, Grindsted,594000 ,30-12-1992,Fam. Salg,152,3908,6,1973,
530,Villa,Skovgårdsvej 4,7200, Grindsted,1075000 ,29-12-1992,Alm. Salg,213,5047,6,1960,
530,Villa,Åbrinken 12,7200, Grindsted,320000 ,28-12-1992,Alm. Salg,108,2963,3,1969,
530,Villa,Svinget 5,7200, Grindsted,450000 ,28-12-1992,Alm. Salg,102,4412,3,1953,
530,Villa,Egevænget 403,7190, Billund,637000 ,22-12-1992,Alm. Salg,120,5308,4,1972,
530,Villa,Skolegade 15,7200, Grindsted,550000 ,22-12-1992,Alm. Salg,131,4198,6,1927,
530,Villa,Ravlundvej 11,7200, Grindsted,430000 ,22-12-1992,Alm. Salg,150,2867,4,1942,
530,Villa,Jyllandsgade 4,7200, Grindsted,350000 ,22-12-1992,Fam. Salg,128,2734,5,1948,
530,Villa,Sydtoften 49,7200, Grindsted,595000 ,21-12-1992,Alm. Salg,151,3940,4,1984,
530,Rækkehus,Grønningen 26,7190, Billund,490000 ,20-12-1992,Alm. Salg,71,6901,2,1988,
530,Villa,Engvangen 35,7200, Grindsted,134148 ,16-12-1992,Alm. Salg,64,2096,3,1942,
530,Ejerlejlighed,"Grønningen 11, 2. th",7200, Grindsted,371000 ,09-12-1992,Alm. Salg,100,3710,4,1967,
530,Villa,Herningvej 14,7260, Sønder Omme,260000 ,02-12-1992,Alm. Salg,90,2889,4,1950,
530,Villa,Nebelvej 46,6623, Vorbasse,215000 ,30-11-1992,Alm. Salg,106,2028,4,1976,
530,Villa,Bøvlvej 168,7260, Sønder Omme,350000 ,29-11-1992,Alm. Salg,169,2071,5,1965,
530,Villa,Sønderkær 237,7190, Billund,845000 ,27-11-1992,Alm. Salg,197,4289,6,1980,
530,Villa,Præstevang 7,7190, Billund,530000 ,26-11-1992,Alm. Salg,109,4862,4,1968,
530,Villa,Løkkegårdsvej 6,7190, Billund,725000 ,26-11-1992,Alm. Salg,191,3796,5,1899,
530,Villa,Søndergaardsvej 8,7200, Grindsted,300000 ,26-11-1992,Alm. Salg,140,2143,5,1951,
530,Villa,Grindsted Landevej 72,7200, Grindsted,280000 ,26-11-1992,Alm. Salg,107,2617,6,1917,
530,Rækkehus,Søndre Boulevard 343,7200, Grindsted,598000 ,20-11-1992,Alm. Salg,88,6795,3,1988,
530,Villa,J P Jensens Vej 13,7200, Grindsted,490000 ,20-11-1992,Alm. Salg,114,4298,6,1945,
530,Villa,Toften 61,7190, Billund,610000 ,19-11-1992,Alm. Salg,137,4453,4,1970,
530,Villa,Kærbækvej 13,7200, Grindsted,607800 ,18-11-1992,Alm. Salg,178,3415,6,2012,
530,Villa,Bygvænget 37,7200, Grindsted,490000 ,18-11-1992,Alm. Salg,184,2663,7,1963,
530,Villa,Okslundvej 126,6623, Vorbasse,187000 ,17-11-1992,Alm. Salg,210,890,5,1995,
530,Villa,Toften 3,7190, Billund,586250 ,17-11-1992,Alm. Salg,129,4545,4,1969,
530,Villa,Mølleparken 412,7190, Billund,610000 ,16-11-1992,Alm. Salg,114,5351,4,1986,
530,Villa,Egebjerg Landevej 53,7250, Hejnsvig,196000 ,16-11-1992,Alm. Salg,99,1980,4,1962,
530,Villa,Sjællandsgade 18,7200, Grindsted,845000 ,15-11-1992,Alm. Salg,182,4643,6,1931,
530,Villa,Søgårdvej 58,7250, Hejnsvig,875000 ,15-11-1992,Alm. Salg,134,6530,5,1992,
530,Villa,Nørregade 25,6623, Vorbasse,375000 ,13-11-1992,Alm. Salg,165,2273,6,1946,
530,Rækkehus,Lysningen 56,7190, Billund,630000 ,12-11-1992,Alm. Salg,86,7326,3,1988,
530,Rækkehus,Søndervold 66,7200, Grindsted,465000 ,11-11-1992,Alm. Salg,61,7623,2,1993,
530,Villa,Sønderkær 357,7190, Billund,1150000 ,11-11-1992,Alm. Salg,194,5928,5,1984,
530,Villa,Ravlundvej 11,7200, Grindsted,690000 ,10-11-1992,Alm. Salg,150,4600,4,1942,
530,Villa,Mølleparken 117,7190, Billund,809800 ,09-11-1992,Alm. Salg,169,4792,7,1976,
530,Villa,Søndre Boulevard 309,7200, Grindsted,873615 ,09-11-1992,Alm. Salg,162,5393,5,1987,
530,Villa,Vestervang 29,7190, Billund,380000 ,08-11-1992,Alm. Salg,134,2836,5,1986,
530,Villa,A G Jensens Vej 6,7250, Hejnsvig,475000 ,08-11-1992,Alm. Salg,119,3992,4,1966,
530,Villa,Sønderkær 193,7190, Billund,600000 ,08-11-1992,Alm. Salg,175,3429,6,1978,
530,Villa,Nyvej 2A,7250, Hejnsvig,275000 ,06-11-1992,Alm. Salg,81,3395,3,1957,
530,Villa,Stenbæksvej 13,7200, Grindsted,1000000 ,05-11-1992,Andet,136,7353,6,1974,
530,Rækkehus,Lysningen 30,7190, Billund,581000 ,01-11-1992,Alm. Salg,95,6116,4,1986,
530,Villa,Frejasvej 3,7200, Grindsted,521000 ,01-11-1992,Auktion,150,3473,6,1975,
530,Villa,Sønderkær 102,7190, Billund,710000 ,01-11-1992,Alm. Salg,143,4965,5,1976,
530,Villa,Jørgen Glavinds Vej 14,7200, Grindsted,295000 ,01-11-1992,Alm. Salg,156,1891,7,1958,
530,Villa,Ribersvej 10,7200, Grindsted,493000 ,01-11-1992,Alm. Salg,139,3547,4,1980,
530,Villa,Storegade 51,7200, Grindsted,375000 ,31-10-1992,Alm. Salg,101,3713,4,1947,
530,Villa,Holdgårdsvej 30,7260, Sønder Omme,200000 ,31-10-1992,Alm. Salg,112,1786,4,1935,
530,Rækkehus,Sønderkær 355,7190, Billund,563000 ,29-10-1992,Alm. Salg,87,6471,3,1985,
530,Villa,Svinget 5C,7190, Billund,1365000 ,29-10-1992,Alm. Salg,152,5759,7,1976,
530,Villa,Fyrrevænget 309,7190, Billund,655000 ,29-10-1992,Alm. Salg,148,4426,5,1970,
530,Villa,Søndergade 37,6623, Vorbasse,175000 ,29-10-1992,Alm. Salg,89,1966,2,1960,
530,Villa,Kolstrupvej 22,7200, Grindsted,185014 ,28-10-1992,Alm. Salg,114,1623,3,1919,
530,Villa,Solvangen 8,7200, Grindsted,400000 ,25-10-1992,Alm. Salg,135,2963,5,1972,
530,Villa,Sønderkær 211,7190, Billund,480000 ,25-10-1992,Fam. Salg,174,2437,7,1978,
530,Rækkehus,Markskellet 62,7190, Billund,639160 ,22-10-1992,Alm. Salg,94,6800,4,1990,
530,Villa,Grønvang 17,7260, Sønder Omme,459200 ,22-10-1992,Alm. Salg,128,3588,4,1972,
530,Villa,Gammel Vejlevej 40,7200, Grindsted,715000 ,21-10-1992,Alm. Salg,140,5107,5,1967,
530,Villa,Dalsøvej 23,7200, Grindsted,635000 ,21-10-1992,Alm. Salg,134,4739,5,1976,
530,Villa,Rankenbjergvej 11,6623, Vorbasse,195500 ,19-10-1992,Fam. Salg,217,901,6,1954,
530,Villa,Elmelunden 107,7190, Billund,475000 ,18-10-1992,Alm. Salg,88,5398,4,1963,
530,Villa,Syrenvej 15,7200, Grindsted,410000 ,14-10-1992,Alm. Salg,92,4457,3,1960,
530,Villa,Kirkevej 44,7250, Hejnsvig,610000 ,14-10-1992,Alm. Salg,190,3211,5,1899,
530,Villa,Søndre Boulevard 255,7200, Grindsted,170000 ,14-10-1992,Alm. Salg,142,1197,5,1993,
530,Villa,Postgade 12,7200, Grindsted,158045 ,13-10-1992,Fam. Salg,148,1068,6,1955,
530,Villa,Sønderkær 231,7190, Billund,1043000 ,12-10-1992,Alm. Salg,166,6283,5,1980,
530,Villa,Jorden Rundt 31,7200, Grindsted,680000 ,11-10-1992,Alm. Salg,139,4892,3,1958,
530,Villa,Skødevej 4,6623, Vorbasse,350000 ,09-10-1992,Alm. Salg,103,3398,4,1930,
530,Villa,Fittingvej 34,6623, Vorbasse,320000 ,09-10-1992,Alm. Salg,217,1475,8,1931,
530,Rækkehus,Sønderkær 351,7190, Billund,565000 ,08-10-1992,Alm. Salg,87,6494,3,1985,
530,Rækkehus,Amtsvejen 39B,7200, Grindsted,300000 ,08-10-1992,Alm. Salg,79,3797,3,1914,
530,Villa,Ribersvej 180,7200, Grindsted,665000 ,08-10-1992,Alm. Salg,131,5076,5,1980,
530,Villa,Plougslundvej 223,7190, Billund,900000 ,08-10-1992,Fam. Salg,179,5028,5,1973,
530,Villa,Mølleparken 266,7190, Billund,605000 ,08-10-1992,Fam. Salg,160,3781,6,1975,
530,Villa,Nørregade 48,7200, Grindsted,575000 ,07-10-1992,Alm. Salg,119,4832,4,1933,
530,Villa,Nyvej 11,7250, Hejnsvig,278032 ,06-10-1992,Fam. Salg,98,2837,3,1962,
530,Villa,Østervænget 18,6623, Vorbasse,600000 ,05-10-1992,Alm. Salg,140,4286,5,1980,
530,Villa,Flintemarken 35,7190, Billund,211232 ,05-10-1992,Alm. Salg,149,1418,4,1993,
530,Villa,Kirkehusvej 8,7200, Grindsted,395000 ,04-10-1992,Alm. Salg,211,1872,7,1950,
530,Villa,Nollundvej 90,7200, Grindsted,490700 ,02-10-1992,Alm. Salg,100,4907,4,1959,
530,Villa,Solbakken 28,7260, Sønder Omme,510000 ,02-10-1992,Alm. Salg,121,4215,4,1976,
530,Villa,Skjoldbjergvej 42,6623, Vorbasse,250000 ,02-10-1992,Alm. Salg,112,2232,2,1956,
530,Villa,Hovedgaden 23,7260, Sønder Omme,300000 ,01-10-1992,Alm. Salg,154,1948,5,1923,
530,Villa,Jyllandsgade 57,7200, Grindsted,500000 ,01-10-1992,Alm. Salg,123,4065,4,1951,
530,Villa,Vibes Alle 19,7200, Grindsted,510000 ,30-09-1992,Alm. Salg,89,5730,3,1947,
530,Villa,Søllingdalvej 62,7250, Hejnsvig,550000 ,30-09-1992,Alm. Salg,131,4198,4,1977,
530,Villa,Dalsvinget 34,7200, Grindsted,222989 ,30-09-1992,Fam. Salg,116,1922,5,1976,
530,Villa,Aakjærsvej 14,7200, Grindsted,295000 ,29-09-1992,Alm. Salg,161,1832,5,0,
530,Villa,Vesterbrogade 17,7200, Grindsted,322000 ,28-09-1992,Alm. Salg,72,4472,2,1962,
530,Villa,Julsøvej 4,7200, Grindsted,775000 ,28-09-1992,Alm. Salg,216,3588,8,1973,
530,Villa,Nørager 15,7260, Sønder Omme,525000 ,28-09-1992,Alm. Salg,127,4134,6,1979,
530,Villa,Holdgårdsvej 33,7260, Sønder Omme,475000 ,28-09-1992,Alm. Salg,110,4318,3,1939,
530,Villa,Kirkebyvej 75,7260, Sønder Omme,1250000 ,27-09-1992,Alm. Salg,175,7143,5,2010,
530,Villa,Ribersvej 128,7200, Grindsted,625000 ,26-09-1992,Alm. Salg,142,4401,5,1979,
530,Rækkehus,Søndervold 70,7200, Grindsted,465000 ,25-09-1992,Alm. Salg,61,7623,2,1992,
530,Villa,Glentevej 28,7200, Grindsted,420000 ,24-09-1992,Alm. Salg,101,4158,4,1959,
530,Villa,Jyllandsgade 49,7200, Grindsted,510000 ,24-09-1992,Alm. Salg,153,3333,6,1952,
530,Villa,Mølleparken 290,7190, Billund,730000 ,24-09-1992,Alm. Salg,170,4294,4,1977,
530,Villa,Sønderkær 154,7190, Billund,698000 ,23-09-1992,Alm. Salg,150,4653,5,1976,
530,Villa,Møllevænget 17,7190, Billund,525000 ,22-09-1992,Alm. Salg,146,3596,6,1965,
530,Villa,Krogen 11,7200, Grindsted,725000 ,21-09-1992,Alm. Salg,147,4932,5,1958,
530,Villa,Sommers Alle 4,7200, Grindsted,410000 ,21-09-1992,Alm. Salg,131,3130,5,1948,
530,Villa,Jyllandsgade 53,7200, Grindsted,408750 ,20-09-1992,Alm. Salg,86,4753,3,1959,
530,Rækkehus,Søndervold 72,7200, Grindsted,465000 ,17-09-1992,Alm. Salg,61,7623,2,1993,
530,Villa,Nørrevej 27,7200, Grindsted,433500 ,17-09-1992,Fam. Salg,110,3941,3,1986,
530,Villa,Søndre Boulevard 257,7200, Grindsted,140793 ,17-09-1992,Alm. Salg,135,1043,4,1993,
530,Villa,Hørlycks Alle 6,7200, Grindsted,598000 ,16-09-1992,Alm. Salg,91,6571,4,1948,
530,Villa,Gammel Vejlevej 12,7200, Grindsted,410000 ,14-09-1992,Alm. Salg,58,7069,2,1947,
530,Villa,Dalbo 8,7200, Grindsted,540000 ,13-09-1992,Alm. Salg,153,3529,5,1977,
530,Villa,Ribersvej 76,7200, Grindsted,495000 ,13-09-1992,Fam. Salg,151,3278,6,1978,
530,Villa,Ågeslundvej 32,7200, Grindsted,600000 ,09-09-1992,Fam. Salg,132,4545,6,1976,
530,Villa,Billundvej 14,7250, Hejnsvig,415000 ,07-09-1992,Alm. Salg,153,2712,7,1927,
530,Villa,Søndre Boulevard 259,7200, Grindsted,950000 ,07-09-1992,Alm. Salg,178,5337,7,1992,
530,Villa,Sønderkær 166,7190, Billund,703200 ,06-09-1992,Alm. Salg,134,5248,5,1977,
530,Villa,Parallelvej 12,7260, Sønder Omme,560000 ,04-09-1992,Alm. Salg,118,4746,4,1969,
530,Villa,Sverrigsvej 20,7200, Grindsted,372651 ,03-09-1992,Fam. Salg,160,2329,6,1969,
530,Villa,Læsøvej 6,7200, Grindsted,625000 ,03-09-1992,Fam. Salg,163,3834,6,1969,
530,Villa,Søgårdvej 58,7250, Hejnsvig,98375 ,02-09-1992,Alm. Salg,134,734,5,1992,
530,Villa,Jyllandsgade 29,7200, Grindsted,525000 ,02-09-1992,Alm. Salg,92,5707,4,1951,
530,Villa,Aakjærsvej 12,7200, Grindsted,584000 ,31-08-1992,Alm. Salg,134,4358,5,1973,
530,Villa,Frejasvej 3,7200, Grindsted,700000 ,30-08-1992,Alm. Salg,150,4667,6,1975,
530,Villa,Søndre Boulevard 317,7200, Grindsted,175000 ,30-08-1992,Alm. Salg,135,1296,6,1996,
530,Villa,Flintemarken 16,7190, Billund,173402 ,29-08-1992,Alm. Salg,140,1239,5,1993,
530,Villa,Søgårdvej 59,7250, Hejnsvig,284145 ,27-08-1992,Alm. Salg,68,4179,3,1979,
530,Villa,Flintemarken 27,7190, Billund,930617 ,26-08-1992,Alm. Salg,137,6793,5,1988,
530,Villa,Fittingvej 40,6623, Vorbasse,200000 ,25-08-1992,Alm. Salg,86,2326,2,1929,
530,Villa,Flintemarken 67,7190, Billund,175612 ,25-08-1992,Alm. Salg,153,1148,6,1993,
530,Villa,Vestergade 68,7200, Grindsted,400000 ,24-08-1992,Fam. Salg,75,5333,3,1959,
530,Villa,Østergade 58,6623, Vorbasse,290000 ,22-08-1992,Alm. Salg,132,2197,3,1940,
530,Villa,Systemvej 39,7190, Billund,212330 ,21-08-1992,Andet,164,1295,5,1957,
530,Rækkehus,Vestre Boulevard 12,7200, Grindsted,300000 ,13-08-1992,Alm. Salg,102,2941,3,1932,
530,Rækkehus,Søndervold 68,7200, Grindsted,465000 ,13-08-1992,Alm. Salg,61,7623,2,1992,
530,Villa,Lille Hjortlundvej 2,7200, Grindsted,70000 ,13-08-1992,Alm. Salg,274,255,7,2022,
530,Villa,Gammel Vejlevej 14,7200, Grindsted,440000 ,13-08-1992,Alm. Salg,272,1618,10,1919,
530,Villa,Bredgade 3,7250, Hejnsvig,865000 ,12-08-1992,Alm. Salg,201,4303,6,1872,
530,Villa,Primulavej 23,7200, Grindsted,500000 ,11-08-1992,Alm. Salg,121,4132,4,1964,
530,Rækkehus,Vestergade 70A,7200, Grindsted,710000 ,10-08-1992,Alm. Salg,100,7100,3,1988,
530,Villa,Grindsted Landevej 77,7200, Grindsted,415000 ,10-08-1992,Alm. Salg,172,2413,6,1897,
530,Villa,Søndervang 20,7200, Grindsted,38000 ,10-08-1992,Alm. Salg,197,193,7,1992,
530,Villa,Vesterbrogade 21,7200, Grindsted,582000 ,09-08-1992,Alm. Salg,127,4583,3,1936,
530,Villa,Lyngvang 5,7260, Sønder Omme,520000 ,09-08-1992,Alm. Salg,144,3611,5,1973,
530,Villa,Ribersvej 42,7200, Grindsted,573147 ,09-08-1992,Alm. Salg,134,4277,4,1979,
530,Villa,Lyngvej 9,7200, Grindsted,575000 ,07-08-1992,Alm. Salg,132,4356,6,1967,
530,Rækkehus,Grønningen 34,7190, Billund,590000 ,06-08-1992,Alm. Salg,107,5514,4,1989,
530,Villa,Kobjergvej 5A,7190, Billund,719500 ,06-08-1992,Alm. Salg,169,4257,4,1910,
530,Villa,Søgårdvej 51,7250, Hejnsvig,460000 ,06-08-1992,Alm. Salg,185,2486,6,1979,
530,Villa,Egebjerg Landevej 72,7250, Hejnsvig,300000 ,06-08-1992,Alm. Salg,96,3125,4,1962,
530,Villa,Kærvej 417,7190, Billund,675000 ,06-08-1992,Alm. Salg,142,4754,5,1973,
530,Ejerlejlighed,"Grønningen 3, 2. th",7200, Grindsted,280000 ,05-08-1992,Fam. Salg,53,5283,2,1967,
530,Villa,Fyrrevænget 311,7190, Billund,548800 ,05-08-1992,Alm. Salg,153,3587,6,1970,
530,Rækkehus,Søndre Boulevard 369,7200, Grindsted,555000 ,03-08-1992,Alm. Salg,83,6687,3,1987,
530,Villa,Nyvej 24,7250, Hejnsvig,295000 ,03-08-1992,Alm. Salg,127,2323,2,1966,
530,Rækkehus,Krogagervej 50,7200, Grindsted,310000 ,02-08-1992,Fam. Salg,116,2672,4,1957,
530,Villa,Fynsgade 19,7200, Grindsted,525000 ,02-08-1992,Alm. Salg,109,4817,4,1959,
530,Villa,Sønderkær 406,7190, Billund,305000 ,31-07-1992,Alm. Salg,176,1733,7,1981,
530,Villa,Toften 15,7190, Billund,610000 ,31-07-1992,Alm. Salg,141,4326,4,2016,
530,Villa,Fyrrevænget 215,7190, Billund,840000 ,30-07-1992,Alm. Salg,206,4078,7,1970,
530,Villa,Stationsvej 35,7200, Grindsted,290000 ,28-07-1992,Fam. Salg,131,2214,5,1973,
530,Villa,Bredgade 46,7250, Hejnsvig,500000 ,28-07-1992,Alm. Salg,145,3448,6,1924,
530,Ejerlejlighed,"Jernbanegade 10, 1",7200, Grindsted,750000 ,26-07-1992,Alm. Salg,102,7353,3,1967,
530,Villa,Julsøvej 7,7200, Grindsted,800000 ,26-07-1992,Fam. Salg,208,3846,6,1973,
530,Villa,Abildvej 18,7200, Grindsted,510000 ,25-07-1992,Alm. Salg,144,3542,4,1972,
530,Ejerlejlighed,Klausholmsvej 8,7200, Grindsted,300000 ,23-07-1992,Alm. Salg,71,4225,3,1958,
530,Ejerlejlighed,"Grønningen 21, 2. th",7200, Grindsted,460000 ,23-07-1992,Alm. Salg,100,4600,4,1968,
530,Villa,Lyngvang 1,7260, Sønder Omme,510000 ,22-07-1992,Alm. Salg,122,4180,4,1973,
530,Villa,Skovvang 5,7260, Sønder Omme,525000 ,21-07-1992,Alm. Salg,114,4605,3,1952,
530,Ejerlejlighed,"Grønningen 9, 1. th",7200, Grindsted,400000 ,19-07-1992,Alm. Salg,88,4545,3,1967,
530,Villa,Lamborgvej 22,7200, Grindsted,295000 ,16-07-1992,Alm. Salg,234,1261,7,1901,
530,Villa,Samsøvej 9,7200, Grindsted,810000 ,15-07-1992,Alm. Salg,160,5063,6,1969,
530,Villa,Mølleparken 206,7190, Billund,800000 ,15-07-1992,Alm. Salg,135,5926,5,1974,
530,Villa,Grønlandsvej 9,7200, Grindsted,615000 ,14-07-1992,Alm. Salg,139,4424,5,1975,
530,Villa,Holdgårdsvej 21A,7260, Sønder Omme,145000 ,14-07-1992,Alm. Salg,222,653,7,2019,
530,Villa,Vesterled 1,7260, Sønder Omme,375000 ,13-07-1992,Alm. Salg,76,4934,3,1952,
530,Villa,Markskellet 56,7190, Billund,128552 ,12-07-1992,Alm. Salg,153,840,6,1993,
530,Villa,Skødevej 6,6623, Vorbasse,291000 ,11-07-1992,Alm. Salg,132,2205,2,1961,
530,Villa,Fyrrevænget 210,7190, Billund,565000 ,07-07-1992,Alm. Salg,236,2394,8,1969,
530,Villa,Søgårdvej 69,7250, Hejnsvig,640000 ,06-07-1992,Alm. Salg,153,4183,6,1979,
530,Villa,Fittingvej 17,6623, Vorbasse,250000 ,06-07-1992,Alm. Salg,120,2083,5,1948,
530,Villa,Gammel Bøvlvej 13,7260, Sønder Omme,475000 ,05-07-1992,Fam. Salg,172,2540,5,1930,
530,Villa,Ribersvej 50,7200, Grindsted,490000 ,03-07-1992,Alm. Salg,127,3858,5,1978,
530,Villa,Ølgodvej 37,7200, Grindsted,350000 ,30-06-1992,Alm. Salg,184,1902,6,1934,
530,Villa,Lærkevang 7,7200, Grindsted,650000 ,30-06-1992,Alm. Salg,139,4676,4,1975,
530,Villa,Nørrebyvej 3,6623, Vorbasse,390000 ,30-06-1992,Alm. Salg,109,3578,5,1963,
530,Villa,Sønderkær 215,7190, Billund,1000000 ,30-06-1992,Andet,194,5155,6,1978,
530,Villa,Markskellet 50,7190, Billund,135832 ,30-06-1992,Alm. Salg,122,1113,5,1993,
530,Villa,Mølleparken 224,7190, Billund,570000 ,29-06-1992,Fam. Salg,132,4318,4,1976,
530,Villa,Kærvej 411,7190, Billund,975000 ,29-06-1992,Alm. Salg,176,5540,4,1973,
530,Villa,Ahornvej 7,7200, Grindsted,550000 ,29-06-1992,Alm. Salg,124,4435,6,1965,
530,Rækkehus,Sydtoften 139,7200, Grindsted,478000 ,28-06-1992,Alm. Salg,82,5829,3,1984,
530,Villa,Møbjergvej 53,7260, Sønder Omme,850000 ,28-06-1992,Andet,91,9341,2,1965,
530,Villa,Fyrrevænget 209,7190, Billund,597000 ,26-06-1992,Alm. Salg,123,4854,5,1969,
530,Villa,Vibes Alle 21,7200, Grindsted,565000 ,26-06-1992,Alm. Salg,103,5485,4,1945,
530,Villa,Nørre Alle 2,7200, Grindsted,775000 ,25-06-1992,Alm. Salg,133,5827,4,1955,
530,Villa,Krogagervej 38,7200, Grindsted,560000 ,24-06-1992,Alm. Salg,151,3709,8,1960,
530,Villa,Fyrrevænget 211,7190, Billund,725000 ,24-06-1992,Alm. Salg,183,3962,7,1970,
530,Villa,Møllevænget 13,7190, Billund,530000 ,24-06-1992,Alm. Salg,116,4569,4,1965,
530,Rækkehus,Prærien 40,7200, Grindsted,515000 ,22-06-1992,Alm. Salg,101,5099,4,1985,
530,Villa,Storegade 9,7200, Grindsted,250000 ,21-06-1992,Alm. Salg,162,1543,5,1935,
530,Villa,Mølleparken 256,7190, Billund,384241 ,21-06-1992,Andet,152,2528,5,1975,
530,Villa,Egebjerg Landevej 86,7250, Hejnsvig,290000 ,21-06-1992,Alm. Salg,143,2028,4,1931,
530,Villa,Enghaven 6,7260, Sønder Omme,165000 ,19-06-1992,Alm. Salg,148,1115,6,2004,
530,Villa,Solbakken 21,7260, Sønder Omme,491000 ,17-06-1992,Alm. Salg,120,4092,4,1976,
530,Villa,Markskellet 29,7190, Billund,728000 ,16-06-1992,Alm. Salg,116,6276,4,1989,
530,Villa,Stenbæksvej 4,7200, Grindsted,850000 ,15-06-1992,Fam. Salg,118,7203,4,1953,
530,Villa,Jernbanegade 23,7200, Grindsted,1050000 ,15-06-1992,Alm. Salg,268,3302,12,1934,
530,Rækkehus,Søndre Boulevard 375,7200, Grindsted,585000 ,14-06-1992,Alm. Salg,89,6573,3,1987,
530,Villa,Mølleparken 153,7190, Billund,490000 ,12-06-1992,Alm. Salg,159,3082,5,1976,
530,Ejerlejlighed,"Grønningen 11, st. th",7200, Grindsted,400000 ,11-06-1992,Alm. Salg,100,4000,4,1967,
530,Villa,Lyngvang 5,7260, Sønder Omme,485000 ,11-06-1992,Alm. Salg,144,3368,5,1973,
530,Villa,Frodeslundvej 49,7250, Hejnsvig,485000 ,11-06-1992,Alm. Salg,147,3299,5,1927,
530,Villa,Ågeslundvej 17,7200, Grindsted,435000 ,11-06-1992,Alm. Salg,115,3783,3,1948,
530,Villa,Rømøvej 5,7200, Grindsted,678424 ,11-06-1992,Alm. Salg,149,4553,6,1970,
530,Villa,Klosterhedevej 11,7200, Grindsted,750000 ,10-06-1992,Alm. Salg,166,4518,5,1972,
530,Villa,Markskellet 63,7190, Billund,90480 ,09-06-1992,Alm. Salg,137,660,6,1993,
530,Villa,Dalsøvej 63,7200, Grindsted,620000 ,09-06-1992,Alm. Salg,143,4336,6,1977,
530,Villa,Fromssejervej 16,6623, Vorbasse,390000 ,09-06-1992,Alm. Salg,109,3578,4,1965,
530,Villa,Vestervang 6,7190, Billund,745000 ,09-06-1992,Alm. Salg,122,6107,5,1986,
530,Villa,Filskovvej 23,7200, Grindsted,200000 ,08-06-1992,Alm. Salg,104,1923,4,1949,
530,Rækkehus,Sydtoften 153,7200, Grindsted,440000 ,03-06-1992,Alm. Salg,87,5057,3,1984,
530,Villa,Amtsvejen 67,7200, Grindsted,375000 ,02-06-1992,Alm. Salg,150,2500,5,1970,
530,Villa,Flintemarken 34,7190, Billund,212532 ,01-06-1992,Alm. Salg,160,1328,6,1993,
530,Villa,Kirkevænget 7,6623, Vorbasse,132807 ,01-06-1992,Alm. Salg,126,1054,6,1993,
530,Villa,Nymarksvej 12,7200, Grindsted,780000 ,31-05-1992,Alm. Salg,140,4875,5,1965,
530,Villa,Kolstrupvej 26,7200, Grindsted,545000 ,31-05-1992,Alm. Salg,89,6124,4,1947,
530,Villa,Markskellet 71,7190, Billund,210972 ,30-05-1992,Alm. Salg,152,1388,5,1993,
530,Villa,Enevej 1,7200, Grindsted,672500 ,28-05-1992,Alm. Salg,134,5019,5,1977,
530,Villa,Pilevej 11,7200, Grindsted,470000 ,28-05-1992,Fam. Salg,174,2701,6,2019,
530,Villa,Pilevej 3,7200, Grindsted,600000 ,28-05-1992,Fam. Salg,148,4054,5,1961,
530,Villa,Flintemarken 40,7190, Billund,1314999 ,26-05-1992,Alm. Salg,146,9007,6,1990,
530,Villa,Islandsvej 10,7200, Grindsted,625000 ,25-05-1992,Alm. Salg,136,4596,5,1970,
530,Villa,Enevej 4,7200, Grindsted,1000000 ,24-05-1992,Alm. Salg,165,6061,5,1987,
530,Villa,Skjoldbjergvej 31,6623, Vorbasse,395000 ,24-05-1992,Alm. Salg,136,2904,4,1954,
530,Villa,Rungborgvej 2,7250, Hejnsvig,445000 ,21-05-1992,Alm. Salg,183,2432,7,1923,
530,Villa,Møllevænget 9,7190, Billund,525000 ,20-05-1992,Fam. Salg,117,4487,4,1965,
530,Villa,Vibes Alle 11,7200, Grindsted,525000 ,19-05-1992,Alm. Salg,141,3723,5,1934,
530,Villa,Billundvej 16,7250, Hejnsvig,300000 ,18-05-1992,Alm. Salg,84,3571,2,1957,
530,Ejerlejlighed,Jernbanegade 18,7200, Grindsted,575000 ,17-05-1992,Alm. Salg,96,5990,5,1900,
530,Villa,Egevænget 305,7190, Billund,305000 ,13-05-1992,Fam. Salg,164,1860,5,1972,
530,Villa,Stationsvej 29,7200, Grindsted,300000 ,13-05-1992,Alm. Salg,108,2778,4,1965,
530,Villa,Solbakken 19,7260, Sønder Omme,550000 ,13-05-1992,Andet,154,3571,5,1978,
530,Villa,Gribsøvej 6,7200, Grindsted,795000 ,13-05-1992,Alm. Salg,176,4517,7,1974,
530,Villa,Sønderkær 387,7190, Billund,314191 ,13-05-1992,Alm. Salg,114,2756,4,1987,
530,Villa,Plougslundvej 209,7190, Billund,575000 ,13-05-1992,Alm. Salg,141,4078,5,1974,
530,Villa,Markskellet 73,7190, Billund,790000 ,11-05-1992,Alm. Salg,183,4317,7,1988,
530,Villa,Tjørnevej 16,7200, Grindsted,725000 ,11-05-1992,Fam. Salg,176,4119,5,1964,
530,Villa,Egevænget 416,7190, Billund,650000 ,10-05-1992,Alm. Salg,149,4362,6,1971,
530,Ejerlejlighed,"Grønningen 7, st. th",7200, Grindsted,385000 ,08-05-1992,Alm. Salg,88,4375,3,1967,
530,Villa,Stationsvej 22,7200, Grindsted,223000 ,08-05-1992,Alm. Salg,56,3982,3,1955,
530,Villa,Sønderkær 389,7190, Billund,630000 ,08-05-1992,Alm. Salg,185,3405,6,1987,
530,Rækkehus,Sydtoften 159,7200, Grindsted,500000 ,07-05-1992,Alm. Salg,86,5814,3,1984,
530,Villa,Bøvlvej 77,7260, Sønder Omme,437500 ,07-05-1992,Alm. Salg,191,2291,6,1900,
530,Villa,Ølgodvej 34,7200, Grindsted,259754 ,07-05-1992,Alm. Salg,66,3936,2,1954,
530,Villa,Sommers Alle 8,7200, Grindsted,350000 ,06-05-1992,Alm. Salg,138,2536,5,1917,
530,Villa,Lindevej 10,7200, Grindsted,186300 ,06-05-1992,Alm. Salg,151,1234,6,1992,
530,Villa,Knækvej 7,7200, Grindsted,550964 ,06-05-1992,Alm. Salg,196,2811,6,1840,
530,Villa,Dalsvinget 36,7200, Grindsted,510000 ,06-05-1992,Fam. Salg,116,4397,4,1976,
530,Villa,Bygvænget 26,7200, Grindsted,445000 ,06-05-1992,Alm. Salg,91,4890,4,1962,
530,Rækkehus,Søndre Boulevard 351,7200, Grindsted,535000 ,05-05-1992,Alm. Salg,77,6948,3,1986,
530,Villa,Vejlevej 32,7260, Sønder Omme,675000 ,05-05-1992,Alm. Salg,219,3082,9,1931,
530,Villa,Løvlund Stationsvej 4,7190, Billund,630000 ,05-05-1992,Alm. Salg,151,4172,5,1975,
530,Ejerlejlighed,"Grønningen 21, 1. tv",7200, Grindsted,245000 ,04-05-1992,Alm. Salg,76,3224,2,1968,
530,Villa,Dalsøvej 113,7200, Grindsted,370000 ,04-05-1992,Alm. Salg,112,3304,4,1980,
530,Villa,Nygade 9,7200, Grindsted,375000 ,04-05-1992,Alm. Salg,106,3538,4,1943,
530,Villa,Danmarksvej 14,7200, Grindsted,73726 ,04-05-1992,Alm. Salg,145,508,5,1971,
530,Ejerlejlighed,Nørregade 4D,6623, Vorbasse,235000 ,03-05-1992,Alm. Salg,87,2701,3,1902,
530,Villa,Rugvænget 14,7200, Grindsted,415000 ,03-05-1992,Alm. Salg,93,4462,3,1962,
530,Villa,Toften 6,7190, Billund,525000 ,02-05-1992,Fam. Salg,120,4375,4,1965,
530,Villa,Daltoften 47,7200, Grindsted,795000 ,01-05-1992,Alm. Salg,164,4848,5,1978,
530,Villa,Ribersvej 114,7200, Grindsted,650000 ,30-04-1992,Alm. Salg,143,4545,5,1979,
530,Villa,Ribersvej 180,7200, Grindsted,620000 ,30-04-1992,Alm. Salg,131,4733,5,1980,
530,Villa,Rugvænget 16,7200, Grindsted,435000 ,30-04-1992,Alm. Salg,104,4183,4,1962,
530,Villa,Kolding Landevej 12,7250, Hejnsvig,530000 ,30-04-1992,Fam. Salg,129,4109,4,1925,
530,Villa,Østerbo 6,7190, Billund,350000 ,30-04-1992,Alm. Salg,150,2333,6,1957,
530,Villa,Højene 3,7250, Hejnsvig,560000 ,30-04-1992,Alm. Salg,128,4375,3,1970,
530,Villa,Søndre Boulevard 313,7200, Grindsted,895000 ,28-04-1992,Alm. Salg,136,6581,6,1987,
530,Villa,Sønderkær 264,7190, Billund,710000 ,27-04-1992,Fam. Salg,238,2983,7,1977,
530,Villa,Gammel Bøvlvej 40,7260, Sønder Omme,247500 ,27-04-1992,Alm. Salg,129,1919,4,1953,
530,Villa,Flintemarken 43,7190, Billund,226962 ,26-04-1992,Alm. Salg,191,1188,6,1993,
530,Villa,Flintemarken 95,7190, Billund,197972 ,26-04-1992,Alm. Salg,190,1042,8,1993,
530,Villa,Hovborgvej 6,6623, Vorbasse,250000 ,24-04-1992,Fam. Salg,182,1374,7,1947,
530,Villa,Åbrinken 7,7200, Grindsted,820000 ,23-04-1992,Fam. Salg,134,6119,5,1969,
530,Villa,Jagtvej 2,7200, Grindsted,530000 ,21-04-1992,Alm. Salg,109,4862,4,1956,
530,Villa,Mandøvej 3,7200, Grindsted,620000 ,21-04-1992,Alm. Salg,134,4627,5,1970,
530,Villa,Dalgasvej 7,7200, Grindsted,375000 ,20-04-1992,Alm. Salg,94,3989,3,1958,
530,Rækkehus,Markskellet 21,7190, Billund,555000 ,14-04-1992,Alm. Salg,81,6852,3,1988,
530,Villa,Nebelvej 16,6623, Vorbasse,348500 ,14-04-1992,Fam. Salg,189,1844,6,1949,
530,Villa,Østervænget 52,6623, Vorbasse,637500 ,13-04-1992,Alm. Salg,184,3465,7,1987,
530,Villa,Dalbo 54,7200, Grindsted,479711 ,13-04-1992,Alm. Salg,112,4283,4,1979,
530,Villa,Lyngvang 19,7260, Sønder Omme,510000 ,13-04-1992,Alm. Salg,149,3423,5,1973,
530,Rækkehus,Søndervold 8,7200, Grindsted,670000 ,12-04-1992,Alm. Salg,96,6979,4,1992,
530,Ejerlejlighed,"Grønningen 15, 2. mf",7200, Grindsted,207000 ,12-04-1992,Alm. Salg,40,5175,1,1968,
530,Villa,Sjælsøvej 1,7200, Grindsted,805800 ,12-04-1992,Alm. Salg,158,5100,5,1974,
530,Villa,Nymarksvej 11,7200, Grindsted,1350000 ,12-04-1992,Alm. Salg,171,7895,4,1966,
530,Villa,Sønderkær 124,7190, Billund,625410 ,10-04-1992,Alm. Salg,120,5212,4,1977,
530,Villa,Hovborgvej 10A,6623, Vorbasse,900000 ,10-04-1992,Alm. Salg,150,6000,4,1985,
530,Villa,Rømøvej 10,7200, Grindsted,775000 ,09-04-1992,Fam. Salg,177,4379,7,1971,
530,Rækkehus,Sydtoften 151,7200, Grindsted,420000 ,08-04-1992,Alm. Salg,105,4000,4,1984,
530,Villa,Ahornvej 20,7200, Grindsted,735000 ,08-04-1992,Alm. Salg,149,4933,5,1965,
530,Villa,Grindsted Landevej 90,7200, Grindsted,225000 ,07-04-1992,Alm. Salg,77,2922,3,1955,
530,Villa,Sønderkær 208,7190, Billund,660000 ,07-04-1992,Fam. Salg,158,4177,5,1977,
530,Villa,Mølleparken 201,7190, Billund,585000 ,05-04-1992,Alm. Salg,124,4718,4,1976,
530,Villa,Østergade 16,6623, Vorbasse,462500 ,03-04-1992,Alm. Salg,164,2820,5,1890,
530,Rækkehus,Markskellet 16,7190, Billund,373000 ,31-03-1992,Fam. Salg,95,3926,3,1988,
530,Villa,Lindevej 14,7190, Billund,595000 ,31-03-1992,Fam. Salg,122,4877,5,1961,
530,Villa,Ravnsøvej 3,7200, Grindsted,540000 ,31-03-1992,Fam. Salg,126,3913,5,1975,
530,Villa,Åhavevej 24,7200, Grindsted,700000 ,31-03-1992,Alm. Salg,156,4487,5,1972,
530,Villa,Ribersvej 110,7200, Grindsted,935000 ,30-03-1992,Alm. Salg,216,4329,5,1992,
530,Villa,Sønderkær 416,7190, Billund,695000 ,30-03-1992,Fam. Salg,202,3441,8,1979,
530,Villa,Dalbo 65,7200, Grindsted,470000 ,29-03-1992,Alm. Salg,114,4123,5,1978,
530,Villa,Hedelykkevej 18,7200, Grindsted,498000 ,29-03-1992,Alm. Salg,140,3557,4,1952,
530,Villa,Dalbo 75,7200, Grindsted,795000 ,24-03-1992,Alm. Salg,170,4676,5,1979,
530,Villa,Ribersvej 216,7200, Grindsted,550000 ,22-03-1992,Alm. Salg,120,4583,4,1984,
530,Villa,Vibevej 4,7190, Billund,548800 ,22-03-1992,Alm. Salg,108,5081,3,1965,
530,Villa,Grindstedvej 40,7260, Sønder Omme,300000 ,20-03-1992,Alm. Salg,92,3261,3,1946,
530,Villa,Bøgevej 1,6623, Vorbasse,635000 ,20-03-1992,Alm. Salg,154,4123,5,1976,
530,Villa,Lindevej 10,7200, Grindsted,1065000 ,20-03-1992,Alm. Salg,151,7053,6,1992,
530,Villa,Postgade 6,7200, Grindsted,240000 ,20-03-1992,Alm. Salg,130,1846,4,1925,
530,Villa,Tranebærvej 8,7200, Grindsted,475000 ,19-03-1992,Alm. Salg,105,4524,4,1965,
530,Rækkehus,Nørre Alle 7,7200, Grindsted,200000 ,18-03-1992,Alm. Salg,84,2381,2,1913,
530,Villa,Elmelunden 217,7190, Billund,453400 ,18-03-1992,Alm. Salg,97,4674,4,1963,
530,Villa,Gyvelvej 5,7200, Grindsted,425000 ,17-03-1992,Alm. Salg,116,3664,4,1964,
530,Villa,Solvangen 17,7200, Grindsted,525000 ,17-03-1992,Alm. Salg,213,2465,7,1966,
530,Villa,Flintemarken 45,7190, Billund,171080 ,17-03-1992,Alm. Salg,139,1231,4,1992,
530,Villa,Vesterled 17,7260, Sønder Omme,335000 ,16-03-1992,Alm. Salg,108,3102,4,1972,
530,Villa,Nørager 17,7260, Sønder Omme,520000 ,16-03-1992,Fam. Salg,135,3852,6,1979,
530,Villa,Svalevænget 3,6623, Vorbasse,80000 ,15-03-1992,Alm. Salg,125,640,4,1993,
530,Villa,Dalbo 11,7200, Grindsted,210000 ,12-03-1992,Alm. Salg,112,1875,4,1979,
530,Villa,Urupvej 1,7200, Grindsted,375000 ,12-03-1992,Alm. Salg,149,2517,6,1976,
530,Villa,Æblevej 1,7250, Hejnsvig,475000 ,12-03-1992,Alm. Salg,138,3442,7,1963,
530,Villa,Gammel Bøvlvej 29A,7260, Sønder Omme,400000 ,12-03-1992,Fam. Salg,122,3279,4,1949,
530,Villa,Ølgodvej 10,7200, Grindsted,175000 ,12-03-1992,Alm. Salg,103,1699,3,2015,
530,Villa,Stenhøjvej 11,7250, Hejnsvig,300000 ,11-03-1992,Fam. Salg,120,2500,5,1974,
530,Villa,Filsøvej 4,7200, Grindsted,730000 ,10-03-1992,Fam. Salg,154,4740,6,1974,
530,Rækkehus,Søndre Boulevard 393,7200, Grindsted,595000 ,09-03-1992,Alm. Salg,81,7346,3,1987,
530,Villa,Ribersvej 190,7200, Grindsted,385000 ,09-03-1992,Alm. Salg,100,3850,4,1981,
530,Villa,Løvlund Stationsvej 2,7190, Billund,1850000 ,08-03-1992,Alm. Salg,181,10221,5,1916,
530,Rækkehus,Sønderkær 337,7190, Billund,490000 ,06-03-1992,Alm. Salg,80,6125,4,1985,
530,Villa,Vestermarksvej 21,7200, Grindsted,700000 ,05-03-1992,Alm. Salg,216,3070,9,1971,
530,Villa,Sønderkær 277,7190, Billund,625000 ,05-03-1992,Alm. Salg,171,3655,6,1980,
530,Villa,Bredgade 15,7250, Hejnsvig,320000 ,05-03-1992,Alm. Salg,222,1441,7,1902,
530,Villa,Hedelykkevej 22,7200, Grindsted,460000 ,05-03-1992,Alm. Salg,155,2968,5,1900,
530,Villa,Blåhøjvej 7,7200, Grindsted,267334 ,05-03-1992,Alm. Salg,79,3384,4,1943,
530,Rækkehus,Nørre Alle 5A,7200, Grindsted,385000 ,04-03-1992,Alm. Salg,114,3377,4,2022,
530,Villa,Åglimt 1A,7200, Grindsted,715000 ,03-03-1992,Alm. Salg,159,4497,5,1964,
530,Villa,Lindevej 6,7200, Grindsted,191300 ,03-03-1992,Alm. Salg,125,1530,4,1992,
530,Rækkehus,Søndervold 60,7200, Grindsted,702715 ,02-03-1992,Alm. Salg,62,11334,2,1993,
530,Villa,Åhavevej 62,7200, Grindsted,760000 ,02-03-1992,Alm. Salg,199,3819,7,1972,
530,Villa,Fyrrevænget 208,7190, Billund,643000 ,01-03-1992,Alm. Salg,186,3457,7,1970,
530,Villa,Enevej 11,7200, Grindsted,550000 ,01-03-1992,Fam. Salg,160,3438,6,1976,
530,Villa,Søgårdvej 39,7250, Hejnsvig,650000 ,01-03-1992,Fam. Salg,139,4676,5,1979,
530,Villa,Åbrinken 4,7200, Grindsted,360000 ,01-03-1992,Alm. Salg,135,2667,5,1968,
530,Villa,Syrenvej 8,7200, Grindsted,405000 ,29-02-1992,Alm. Salg,92,4402,3,1960,
530,Villa,Egevangen 2,7200, Grindsted,395000 ,28-02-1992,Alm. Salg,80,4938,3,1961,
530,Villa,Vestergade 78,7200, Grindsted,665000 ,28-02-1992,Alm. Salg,182,3654,6,1965,
530,Rækkehus,Gammel Vejlevej 25,7200, Grindsted,440000 ,27-02-1992,Alm. Salg,136,3235,5,1916,
530,Villa,Ølgodvej 55,7200, Grindsted,500000 ,27-02-1992,Alm. Salg,171,2924,6,1944,
530,Ejerlejlighed,"Grønningen 9, st. th",7200, Grindsted,415000 ,26-02-1992,Alm. Salg,88,4716,3,1967,
530,Villa,Tranebærvej 20,7200, Grindsted,565000 ,26-02-1992,Alm. Salg,160,3531,6,1966,
530,Villa,Fyrrevænget 301,7190, Billund,625000 ,26-02-1992,Alm. Salg,150,4167,5,1970,
530,Villa,Ahornvej 6,7200, Grindsted,612261 ,26-02-1992,Alm. Salg,197,3108,6,1965,
530,Villa,Toften 31,7190, Billund,550000 ,26-02-1992,Alm. Salg,141,3901,5,1968,
530,Villa,Nørreled 29,7200, Grindsted,410000 ,26-02-1992,Alm. Salg,90,4556,3,1953,
530,Rækkehus,Søndervold 76,7200, Grindsted,465000 ,25-02-1992,Alm. Salg,62,7500,2,1992,
530,Villa,Vestre Alle 8,7200, Grindsted,470000 ,25-02-1992,Fam. Salg,125,3760,6,1940,
530,Villa,Fyrrevænget 116,7190, Billund,550000 ,25-02-1992,Alm. Salg,123,3716,4,1969,
530,Villa,Lindevej 6,7200, Grindsted,912000 ,25-02-1992,Alm. Salg,125,7296,4,1992,
530,Villa,Kronhedevej 6,7200, Grindsted,512500 ,24-02-1992,Fam. Salg,145,3534,6,1973,
530,Villa,Engvej 29,7200, Grindsted,470000 ,20-02-1992,Andet,110,4273,3,1948,
530,Villa,Bøgevangen 5,7200, Grindsted,525000 ,20-02-1992,Fam. Salg,105,5000,4,1959,
530,Villa,Teglgaardsvej 3,7200, Grindsted,580000 ,19-02-1992,Alm. Salg,182,3187,5,1963,
530,Villa,Rogusavej 4,7250, Hejnsvig,340000 ,19-02-1992,Alm. Salg,229,1485,7,1970,
530,Villa,Ågeslundvej 30,7200, Grindsted,595000 ,19-02-1992,Alm. Salg,128,4648,4,1975,
530,Ejerlejlighed,"Grønningen 13, 1. th",7200, Grindsted,342107 ,18-02-1992,Alm. Salg,88,3888,3,1967,
530,Villa,Ribe Landevej 81,7250, Hejnsvig,275000 ,18-02-1992,Alm. Salg,293,939,8,1925,
530,Rækkehus,Søndervold 64,7200, Grindsted,465000 ,17-02-1992,Alm. Salg,61,7623,2,1992,
530,Villa,Ribersvej 132,7200, Grindsted,550000 ,17-02-1992,Fam. Salg,160,3438,6,1979,
530,Villa,Elmelunden 220,7190, Billund,350000 ,17-02-1992,Alm. Salg,108,3241,3,1964,
530,Villa,Søndre Boulevard 255,7200, Grindsted,378000 ,17-02-1992,Alm. Salg,142,2662,5,1993,
530,Ejerlejlighed,"Grønningen 13, st. tv",7200, Grindsted,255000 ,16-02-1992,Alm. Salg,53,4811,2,1967,
530,Villa,Kløvervænget 16,7200, Grindsted,525000 ,16-02-1992,Alm. Salg,115,4565,5,1964,
530,Villa,Vestergade 66,7200, Grindsted,226002 ,16-02-1992,Fam. Salg,101,2238,4,1958,
530,Villa,Gammel Bøvlvej 40,7260, Sønder Omme,495000 ,16-02-1992,Alm. Salg,129,3837,4,1953,
530,Villa,Lynghedevej 7,7200, Grindsted,675000 ,13-02-1992,Fam. Salg,156,4327,6,1975,
530,Villa,Fyrrevænget 202,7190, Billund,312500 ,13-02-1992,Fam. Salg,140,2232,5,1970,
530,Villa,Stadion Alle 26,7260, Sønder Omme,325000 ,13-02-1992,Alm. Salg,109,2982,4,1948,
530,Villa,Fyrrevænget 202,7190, Billund,312500 ,12-02-1992,Fam. Salg,140,2232,5,1970,
530,Villa,Nørager 9,7260, Sønder Omme,341910 ,09-02-1992,Alm. Salg,118,2898,4,1978,
530,Villa,Præstevang 11,7190, Billund,500000 ,08-02-1992,Alm. Salg,105,4762,3,1959,
530,Villa,Nørager 25,7260, Sønder Omme,490000 ,06-02-1992,Alm. Salg,138,3551,5,1980,
530,Villa,Gammel Hejnsvigvej 8,7190, Billund,555000 ,06-02-1992,Alm. Salg,119,4664,5,1970,
530,Villa,Åhavevej 18,7200, Grindsted,540000 ,05-02-1992,Fam. Salg,138,3913,6,1974,
530,Villa,Grenevej 21,7190, Billund,420000 ,04-02-1992,Alm. Salg,138,3043,4,1951,
530,Villa,Flintemarken 10,7190, Billund,450000 ,04-02-1992,Fam. Salg,125,3600,4,1989,
530,Villa,Åbakkevej 1,7200, Grindsted,866000 ,03-02-1992,Alm. Salg,171,5064,5,1984,
530,Rækkehus,Søndervold 60,7200, Grindsted,465000 ,02-02-1992,Alm. Salg,62,7500,2,1993,
530,Villa,Vilhelmsmindevej 43,7260, Sønder Omme,1215000 ,02-02-1992,Alm. Salg,175,6943,5,1924,
530,Villa,Kærvej 119,7190, Billund,695000 ,02-02-1992,Alm. Salg,147,4728,4,1972,
530,Villa,Stakrogevej 20,7260, Sønder Omme,725000 ,02-02-1992,Alm. Salg,251,2888,9,1930,
530,Rækkehus,Sydtoften 133,7200, Grindsted,497500 ,31-01-1992,Alm. Salg,82,6067,3,1984,
530,Villa,Klosterhedevej 4,7200, Grindsted,510000 ,31-01-1992,Fam. Salg,126,4048,5,1972,
530,Villa,Dalsvinget 5,7200, Grindsted,590000 ,31-01-1992,Fam. Salg,162,3642,7,1976,
530,Villa,Æblevej 11,7250, Hejnsvig,230000 ,31-01-1992,Alm. Salg,65,3538,3,1961,
530,Villa,Aakjærsvej 1,7200, Grindsted,450000 ,31-01-1992,Fam. Salg,125,3600,4,1945,
530,Villa,Ribersvej 110,7200, Grindsted,115000 ,30-01-1992,Alm. Salg,216,532,5,1992,
530,Villa,Nebelvej 15,6623, Vorbasse,390000 ,30-01-1992,Alm. Salg,97,4021,4,1953,
530,Villa,Daugårdvej 35,7250, Hejnsvig,205000 ,30-01-1992,Alm. Salg,58,3534,2,1935,
530,Villa,Filsøvej 5,7200, Grindsted,630000 ,29-01-1992,Fam. Salg,148,4257,5,1973,
530,Rækkehus,Søndervold 62,7200, Grindsted,465000 ,28-01-1992,Alm. Salg,61,7623,2,1993,
530,Villa,Dalsøvej 151,7200, Grindsted,165000 ,27-01-1992,Alm. Salg,164,1006,5,1992,
530,Villa,Bogfinkevej 22,7190, Billund,750000 ,25-01-1992,Alm. Salg,161,4658,7,1974,
530,Villa,Nørregade 34,6623, Vorbasse,420000 ,23-01-1992,Fam. Salg,164,2561,4,1945,
530,Villa,Skovvang 2,7260, Sønder Omme,224268 ,23-01-1992,Alm. Salg,126,1780,5,1960,
530,Villa,Dalsøvej 153,7200, Grindsted,140000 ,22-01-1992,Fam. Salg,162,864,4,1993,
530,Villa,Dalsøvej 169,7200, Grindsted,74100 ,22-01-1992,Alm. Salg,161,460,6,1995,
530,Villa,Markskellet 35,7190, Billund,607060 ,22-01-1992,Alm. Salg,85,7142,4,1989,
530,Villa,Solsortvej 1B,7190, Billund,621000 ,21-01-1992,Alm. Salg,170,3653,6,1959,
530,Villa,Dalsvinget 13,7200, Grindsted,650000 ,20-01-1992,Fam. Salg,195,3333,7,1976,
530,Villa,Færøvej 3,7200, Grindsted,640000 ,19-01-1992,Alm. Salg,160,4000,6,1971,
530,Villa,Lindevej 8,7200, Grindsted,125000 ,19-01-1992,Alm. Salg,131,954,4,1993,
530,Villa,Jørgen Glavinds Vej 18,7200, Grindsted,415000 ,19-01-1992,Alm. Salg,171,2427,8,1957,
530,Villa,Filskovvej 40,7200, Grindsted,589168 ,15-01-1992,Fam. Salg,322,1830,8,1932,
530,Villa,Mossøvej 2,7200, Grindsted,725000 ,15-01-1992,Alm. Salg,157,4618,6,1973,
530,Villa,Blåhøjvej 37,7200, Grindsted,325000 ,15-01-1992,Alm. Salg,102,3186,4,1926,
530,Villa,Vestre Alle 6,7200, Grindsted,765000 ,14-01-1992,Alm. Salg,111,6220,5,1940,
530,Villa,Søndergade 11,6623, Vorbasse,412604 ,14-01-1992,Fam. Salg,115,3588,3,1935,
530,Villa,Langesøvej 11,7200, Grindsted,625000 ,14-01-1992,Fam. Salg,155,4032,6,1974,
530,Villa,Ravnsøvej 8,7200, Grindsted,760000 ,13-01-1992,Alm. Salg,160,4750,4,1973,
530,Villa,Sønderkær 277,7190, Billund,275802 ,12-01-1992,Andet,171,1613,6,1980,
530,Villa,Toften 2,7190, Billund,495000 ,12-01-1992,Alm. Salg,124,3992,4,1965,
530,Villa,Nyvej 16C,7250, Hejnsvig,355000 ,12-01-1992,Alm. Salg,120,2958,4,1970,
530,Villa,Grindstedvej 28,7260, Sønder Omme,270000 ,09-01-1992,Alm. Salg,68,3971,2,1946,
530,Villa,Herningvej 16,7260, Sønder Omme,355000 ,09-01-1992,Alm. Salg,127,2795,4,1949,
530,Villa,Markskellet 106,7190, Billund,705000 ,08-01-1992,Alm. Salg,117,6026,5,1988,
530,Villa,Vedbendvej 10,7200, Grindsted,825000 ,08-01-1992,Alm. Salg,202,4084,7,1975,
530,Rækkehus,Rønnebærvej 21,7200, Grindsted,225000 ,06-01-1992,Fam. Salg,86,2616,4,1967,
530,Villa,Fanøvej 20,7200, Grindsted,310000 ,06-01-1992,Fam. Salg,171,1813,6,1970,
530,Villa,Frederiksberg Alle 5,7200, Grindsted,375000 ,06-01-1992,Fam. Salg,192,1953,7,1923,
530,Villa,Daugårdvej 16,7250, Hejnsvig,250000 ,06-01-1992,Alm. Salg,120,2083,3,1949,
530,Villa,Kirkevej 13,7250, Hejnsvig,400000 ,05-01-1992,Alm. Salg,116,3448,3,1950,
530,Villa,Ribersvej 26,7200, Grindsted,440000 ,02-01-1992,Alm. Salg,139,3165,6,1978,
530,Villa,Ansagervej 5,7200, Grindsted,895000 ,01-01-1992,Alm. Salg,180,4972,8,1931,
530,Villa,Søndre Boulevard 315,7200, Grindsted,160000 ,01-01-1992,Alm. Salg,157,1019,6,1992,
